EE_kappa: 0.05638972252536221
EE_topo: 0.8697060864205945
EE_topo_mod: 6.029979912822489e-13
EI_kappa: 0.05405401759344435
EI_topo: 0.4532813040498749
EI_topo_mod: 9.677647488995235e-13
E_bias_mean: 0.0
E_bias_std: 1.0e-12
IE_kappa: 0.2491757761985524
IE_topo: 0.12856741007756267
IE_topo_mod: 2.7833688581778325e-13
II_kappa: 0.19139894072554703
II_topo: 0.7222963147866435
II_topo_mod: 3.2671137524427164e-13
I_bias_mean: 0.0
I_bias_std: 1.0e-12
alpha_EE: 0.2742697206712198
alpha_EI: 0.13146643520091594
alpha_II: 0.09279341393731724
dt: 20
filename: results_cf83ee9a-3f29-4247-9043-0f004b85ba31.pkl
init_exc: 0.2
init_inh: 0.4
init_mod: 0.1
inp_E_kappa: 0.15358668155995103
inp_E_topo: 1.1944171629700167
inp_I_kappa: 0.19683239555642612
inp_I_topo: 1.7943358499272593
input_weight: 0.19751734664549947
max_h_for_output: 5.0
mod_EE_weight: 1.4340046221417213
mod_EI_weight: 1.4884483191198685
mod_IE_weight: 0.8809201564291957
mod_II_weight: 0.7467287473467754
n_actions: 3
n_bottom_up: 67
n_cue_tuned: 2
n_exc: 2000
n_fix_tuned: 1
n_hidden: 2500
n_inh: 500
n_motion_tuned: 64
n_reward_levels: 3
n_top_down: 10
n_top_down_hidden: 64
noise_input_sd: 0.0
noise_rnn_sd: 0.05
nonlinear_top_down: false
restrict_output_to_exc: false
rnn_weight: 0.12439735299396419
tc_modulator: 27.338421531999117
tc_soma: 100
td_E_kappa: 0.22863192795887954
td_E_topo: 1.2705217125799033
td_I_kappa: 0.22986623433293557
td_I_topo: 0.896527861730825
td_weight: 0.08721234785767684
