EE_kappa: 0.07164822728659376
EE_topo: 1.4826686548322423
EE_topo_mod: 9.186963032826501e-13
EI_kappa: 0.15373802048344087
EI_topo: 0.5864874334881542
EI_topo_mod: 6.047596112134633e-13
E_bias_mean: 0.0
E_bias_std: 1.0e-12
IE_kappa: 0.21837692429631156
IE_topo: 1.841597964268233
IE_topo_mod: 2.6697867106466424e-13
II_kappa: 0.19112102474001713
II_topo: 0.6415780146581418
II_topo_mod: 8.371432363630972e-13
I_bias_mean: 0.0
I_bias_std: 1.0e-12
alpha_EE: 0.08119591295901707
alpha_EI: 0.13491071002156582
alpha_II: 0.27021714494095456
dt: 20
filename: results_05aa0bd7-6856-4884-b09f-632e27ad06a4.pkl
init_exc: 0.2
init_inh: 0.4
init_mod: 0.1
inp_E_kappa: 0.15898780739390908
inp_E_topo: 1.4802952661648898
inp_I_kappa: 0.09915977412638509
inp_I_topo: 0.1247416089287301
input_weight: 0.1548655072979408
max_h_for_output: 5.0
mod_EE_weight: 0.607422714150964
mod_EI_weight: 0.7091955348163959
mod_IE_weight: 0.9219059353739153
mod_II_weight: 0.7341762214571972
n_actions: 3
n_bottom_up: 67
n_cue_tuned: 2
n_exc: 2000
n_fix_tuned: 1
n_hidden: 2500
n_inh: 500
n_motion_tuned: 64
n_reward_levels: 3
n_top_down: 10
n_top_down_hidden: 64
noise_input_sd: 0.0
noise_rnn_sd: 0.05
nonlinear_top_down: false
restrict_output_to_exc: false
rnn_weight: 0.13174899986995164
tc_modulator: 38.846741400183134
tc_soma: 100
td_E_kappa: 0.1484707484653679
td_E_topo: 0.2675758093716889
td_I_kappa: 0.15039413517264394
td_I_topo: 0.0017310798040632847
td_weight: 0.08721234785767684
