EE_kappa: 0.0988731375786508
EE_topo: 0.6319669462448745
EE_topo_mod: 1.4720456060144094e-13
EI_kappa: 0.17753670192528587
EI_topo: 0.7492475519337645
EI_topo_mod: 9.74504043044655e-15
E_bias_mean: 0.0
E_bias_std: 1.0e-12
IE_kappa: 0.18493596833560044
IE_topo: 0.5056313358895095
IE_topo_mod: 7.737042255833227e-13
II_kappa: 0.24120425095348286
II_topo: 1.356401613535927
II_topo_mod: 4.123219410601133e-13
I_bias_mean: 0.0
I_bias_std: 1.0e-12
alpha_EE: 0.006916732523897451
alpha_EI: 0.18937169153205788
alpha_II: 0.04187952577474818
dt: 20
filename: results_d00da105-698c-49aa-93e9-4fffc09ebebd.pkl
init_exc: 0.2
init_inh: 0.4
init_mod: 0.1
inp_E_kappa: 0.1914034664434126
inp_E_topo: 1.9463609185823756
inp_I_kappa: 0.08410568600846241
inp_I_topo: 0.18072568710354364
input_weight: 0.1857553033025502
max_h_for_output: 5.0
mod_EE_weight: 0.3116321316698234
mod_EI_weight: 0.6723357733449933
mod_IE_weight: 1.4370741661009676
mod_II_weight: 0.29489494547215434
n_actions: 3
n_bottom_up: 67
n_cue_tuned: 2
n_exc: 2000
n_fix_tuned: 1
n_hidden: 2500
n_inh: 500
n_motion_tuned: 64
n_reward_levels: 3
n_top_down: 10
n_top_down_hidden: 64
noise_input_sd: 0.0
noise_rnn_sd: 0.05
nonlinear_top_down: false
restrict_output_to_exc: false
rnn_weight: 0.1683241461173826
tc_modulator: 64.88978365333186
tc_soma: 100
td_E_kappa: 0.07608520106322927
td_E_topo: 1.7266153658009002
td_I_kappa: 0.12575522496371433
td_I_topo: 1.166170250353158
td_weight: 0.08721234785767684
