EE_kappa: 0.05961734378993926
EE_topo: 1.003408425585603
EE_topo_mod: 4.0322214354551357e-13
EI_kappa: 0.06619776392071522
EI_topo: 0.9876909820094972
EI_topo_mod: 7.721866354275002e-13
E_bias_mean: 0.0
E_bias_std: 1.0e-12
IE_kappa: 0.20298119013969207
IE_topo: 0.8879822093691159
IE_topo_mod: 1.3895829237724356e-13
II_kappa: 0.13004876930175685
II_topo: 0.3590757166274745
II_topo_mod: 5.927562164585766e-13
I_bias_mean: 0.0
I_bias_std: 1.0e-12
alpha_EE: 0.25303744108911835
alpha_EI: 0.1308823135821119
alpha_II: 0.088241475946109
dt: 20
filename: results_586ae181-a1d1-4fec-aa8c-053aed3e17f6.pkl
init_exc: 0.2
init_inh: 0.4
init_mod: 0.1
inp_E_kappa: 0.17949201237266055
inp_E_topo: 1.502049747408881
inp_I_kappa: 0.05840453862680559
inp_I_topo: 0.48547376200238346
input_weight: 0.07646328995872287
max_h_for_output: 5.0
mod_EE_weight: 1.1026362889497874
mod_EI_weight: 1.0383029338159209
mod_IE_weight: 0.5160419034081465
mod_II_weight: 0.9428668953319541
n_actions: 3
n_bottom_up: 67
n_cue_tuned: 2
n_exc: 2000
n_fix_tuned: 1
n_hidden: 2500
n_inh: 500
n_motion_tuned: 64
n_reward_levels: 3
n_top_down: 10
n_top_down_hidden: 64
noise_input_sd: 0.0
noise_rnn_sd: 0.05
nonlinear_top_down: false
restrict_output_to_exc: false
rnn_weight: 0.15768360360916314
tc_modulator: 85.43615552981463
tc_soma: 100
td_E_kappa: 0.20396972756499537
td_E_topo: 1.808586769328859
td_I_kappa: 0.12039733314893385
td_I_topo: 0.26217652419569903
td_weight: 0.08721234785767684
