EE_kappa: 0.06611745383228129
EE_topo: 1.4424192060405254
EE_topo_mod: 5.630485447774357e-13
EI_kappa: 0.21976067582846065
EI_topo: 0.33330999580768594
EI_topo_mod: 4.827142666955732e-13
E_bias_mean: 0.0
E_bias_std: 1.0e-12
IE_kappa: 0.0821174848609576
IE_topo: 1.7041867330044584
IE_topo_mod: 2.4180461628664506e-13
II_kappa: 0.20755881963232514
II_topo: 0.6971917601595541
II_topo_mod: 1.3971554408042709e-13
I_bias_mean: 0.0
I_bias_std: 1.0e-12
alpha_EE: 0.10828717432467178
alpha_EI: 0.12463772705683328
alpha_II: 0.21420331505072235
dt: 20
filename: results_2d2bc7ad-4294-4563-bc16-247ce778c554.pkl
init_exc: 0.2
init_inh: 0.4
init_mod: 0.1
inp_E_kappa: 0.24186428289263756
inp_E_topo: 1.2015531037182128
inp_I_kappa: 0.1620806780728043
inp_I_topo: 0.30297486057546696
input_weight: 0.1916687592362289
max_h_for_output: 5.0
mod_EE_weight: 0.6846517382581159
mod_EI_weight: 1.5534863663462697
mod_IE_weight: 1.6776807495851427
mod_II_weight: 1.358283715269484
n_actions: 3
n_bottom_up: 67
n_cue_tuned: 2
n_exc: 2000
n_fix_tuned: 1
n_hidden: 2500
n_inh: 500
n_motion_tuned: 64
n_reward_levels: 3
n_top_down: 10
n_top_down_hidden: 64
noise_input_sd: 0.0
noise_rnn_sd: 0.05
nonlinear_top_down: false
restrict_output_to_exc: false
rnn_weight: 0.14771679338447702
tc_modulator: 80.91660268105481
tc_soma: 100
td_E_kappa: 0.20054691305059918
td_E_topo: 1.7009755205927828
td_I_kappa: 0.21067679446877446
td_I_topo: 0.661598892685286
td_weight: 0.08721234785767684
