EE_kappa: 0.06014848329929452
EE_topo: 0.055397355518453484
EE_topo_mod: 3.370685135526663e-13
EI_kappa: 0.08282738194192688
EI_topo: 0.16750787006118983
EI_topo_mod: 2.2889914527638075e-13
E_bias_mean: 0.0
E_bias_std: 1.0e-12
IE_kappa: 0.22187477418144314
IE_topo: 1.0823698535557291
IE_topo_mod: 9.80488404445259e-13
II_kappa: 0.17371658110805233
II_topo: 0.6495240931182735
II_topo_mod: 7.262436301994912e-13
I_bias_mean: 0.0
I_bias_std: 1.0e-12
alpha_EE: 0.2062131467444663
alpha_EI: 0.01349454158596165
alpha_II: 0.2648146016685654
dt: 20
filename: results_targeted_83b91053-4d97-4030-8bb9-065686aa41c2.pkl
init_exc: 0.2
init_inh: 0.4
init_mod: 0.1
inp_E_kappa: 0.20746292390775478
inp_E_topo: 0.36696542273388877
inp_I_kappa: 0.12571434265626047
inp_I_topo: 0.5792278852533144
input_weight: 0.17634324612872393
max_h_for_output: 5.0
mod_EE_weight: 0.6233647312291853
mod_EI_weight: 0.7817877501409547
mod_IE_weight: 0.5714354365423456
mod_II_weight: 0.983830317976934
n_actions: 3
n_bottom_up: 67
n_cue_tuned: 2
n_exc: 2000
n_fix_tuned: 1
n_hidden: 2500
n_inh: 500
n_motion_tuned: 64
n_reward_levels: 3
n_top_down: 10
n_top_down_hidden: 64
noise_input_sd: 0.0
noise_rnn_sd: 0.05
nonlinear_top_down: false
restrict_output_to_exc: false
rnn_weight: 0.18346361924762117
tc_modulator: 59.8711112432413
tc_soma: 100
td_E_kappa: 0.1276462127446779
td_E_topo: 1.964388125122882
td_I_kappa: 0.18322550065131255
td_I_topo: 0.2905532766402692
td_weight: 0.08721234785767684
