EE_kappa: 0.10545107050659622
EE_topo: 0.6549101107344502
EE_topo_mod: 4.823397596157455e-13
EI_kappa: 0.16303719290726848
EI_topo: 1.4793240718714917
EI_topo_mod: 7.670698093115295e-13
E_bias_mean: 0.0
E_bias_std: 1.0e-12
IE_kappa: 0.1306856569076716
IE_topo: 1.2807949267305625
IE_topo_mod: 5.637362267343011e-13
II_kappa: 0.13858847717644288
II_topo: 1.9971286384962907
II_topo_mod: 6.170839258199722e-14
I_bias_mean: 0.0
I_bias_std: 1.0e-12
alpha_EE: 0.29852900236431584
alpha_EI: 0.012789745573180878
alpha_II: 0.18149273464015667
dt: 20
filename: results_targeted_3fa1ebc7-ccb3-4490-8194-24b56433c2c5.pkl
init_exc: 0.2
init_inh: 0.4
init_mod: 0.1
inp_E_kappa: 0.2089554474116665
inp_E_topo: 1.6791627803863816
inp_I_kappa: 0.21787567612521458
inp_I_topo: 1.118355475770318
input_weight: 0.18911935576272504
max_h_for_output: 5.0
mod_EE_weight: 0.8236962899516864
mod_EI_weight: 0.23101360342041188
mod_IE_weight: 0.23012785138648295
mod_II_weight: 0.18064229558712352
n_actions: 3
n_bottom_up: 67
n_cue_tuned: 2
n_exc: 2000
n_fix_tuned: 1
n_hidden: 2500
n_inh: 500
n_motion_tuned: 64
n_reward_levels: 3
n_top_down: 10
n_top_down_hidden: 64
noise_input_sd: 0.0
noise_rnn_sd: 0.05
nonlinear_top_down: false
restrict_output_to_exc: false
rnn_weight: 0.12723216938291126
tc_modulator: 90.39664843694042
tc_soma: 100
td_E_kappa: 0.07675246467637531
td_E_topo: 1.5450068968720148
td_I_kappa: 0.14298582568169518
td_I_topo: 1.3032012062643734
td_weight: 0.08721234785767684
