EE_kappa: 0.10982951234012324
EE_topo: 1.7528756180608784
EE_topo_mod: 5.35893164228805e-13
EI_kappa: 0.21964522389245705
EI_topo: 0.5692179496625538
EI_topo_mod: 2.9148140834783377e-13
E_bias_mean: 0.0
E_bias_std: 1.0e-12
IE_kappa: 0.24608536217216836
IE_topo: 0.327542324886805
IE_topo_mod: 3.523283924498771e-13
II_kappa: 0.15725667708619445
II_topo: 1.8414612677558773
II_topo_mod: 7.654812663932819e-13
I_bias_mean: 0.0
I_bias_std: 1.0e-12
alpha_EE: 0.11156774227090552
alpha_EI: 0.12979229091254713
alpha_II: 0.1365093375096395
dt: 20
filename: results_9b74239d-89cf-44a8-836b-36267daafdcb.pkl
init_exc: 0.2
init_inh: 0.4
init_mod: 0.1
inp_E_kappa: 0.24326570912725015
inp_E_topo: 0.11604760499071687
inp_I_kappa: 0.17561209837288755
inp_I_topo: 0.9471170620546872
input_weight: 0.13464720347858605
max_h_for_output: 5.0
mod_EE_weight: 1.1611151014185963
mod_EI_weight: 1.4373992755542113
mod_IE_weight: 1.5620676729679053
mod_II_weight: 0.8414846913168417
n_actions: 3
n_bottom_up: 67
n_cue_tuned: 2
n_exc: 2000
n_fix_tuned: 1
n_hidden: 2500
n_inh: 500
n_motion_tuned: 64
n_reward_levels: 3
n_top_down: 10
n_top_down_hidden: 64
noise_input_sd: 0.0
noise_rnn_sd: 0.05
nonlinear_top_down: false
restrict_output_to_exc: false
rnn_weight: 0.1303010105009286
tc_modulator: 79.52036041538847
tc_soma: 100
td_E_kappa: 0.18965605169270433
td_E_topo: 0.4699759292209802
td_I_kappa: 0.1717244247499909
td_I_topo: 0.38024674825371485
td_weight: 0.08721234785767684
