EE_kappa: 0.05769614007270483
EE_topo: 0.9363902046946511
EE_topo_mod: 6.926574978267733e-13
EI_kappa: 0.10120328026515908
EI_topo: 0.09011437491827534
EI_topo_mod: 1.2084917575977172e-13
E_bias_mean: 0.0
E_bias_std: 1.0e-12
IE_kappa: 0.23687397360622686
IE_topo: 1.3980232007674371
IE_topo_mod: 6.004470072809564e-13
II_kappa: 0.18923888796800614
II_topo: 0.8746516979721541
II_topo_mod: 1.200821338037189e-13
I_bias_mean: 0.0
I_bias_std: 1.0e-12
alpha_EE: 0.2891444869975244
alpha_EI: 0.032686922100071035
alpha_II: 0.1452485429148133
dt: 20
filename: results_targeted_02d0e516-b33f-4d08-a3b1-372f873d422b.pkl
init_exc: 0.2
init_inh: 0.4
init_mod: 0.1
inp_E_kappa: 0.2242530997202395
inp_E_topo: 1.1706496920437255
inp_I_kappa: 0.15593025687664214
inp_I_topo: 0.36791254941649654
input_weight: 0.19081739128787029
max_h_for_output: 5.0
mod_EE_weight: 0.644016620973734
mod_EI_weight: 0.38102415749437446
mod_IE_weight: 0.9882957725670831
mod_II_weight: 0.7572061925986199
n_actions: 3
n_bottom_up: 67
n_cue_tuned: 2
n_exc: 2000
n_fix_tuned: 1
n_hidden: 2500
n_inh: 500
n_motion_tuned: 64
n_reward_levels: 3
n_top_down: 10
n_top_down_hidden: 64
noise_input_sd: 0.0
noise_rnn_sd: 0.05
nonlinear_top_down: false
restrict_output_to_exc: false
rnn_weight: 0.1942581352074596
tc_modulator: 51.15238665476967
tc_soma: 100
td_E_kappa: 0.08902956873293683
td_E_topo: 1.6142602724107118
td_I_kappa: 0.14745431059312492
td_I_topo: 0.32703751626218813
td_weight: 0.08721234785767684
