EE_kappa: 0.0704147251020862
EE_topo: 0.6280711202115745
EE_topo_mod: 2.8667688272271664e-13
EI_kappa: 0.10622301143238695
EI_topo: 1.0403053691684643
EI_topo_mod: 8.519248936174245e-13
E_bias_mean: 0.0
E_bias_std: 1.0e-12
IE_kappa: 0.1598746611014728
IE_topo: 0.20284333160731682
IE_topo_mod: 6.913299268266928e-13
II_kappa: 0.17144212520929483
II_topo: 1.6839232395914705
II_topo_mod: 7.355712591631045e-13
I_bias_mean: 0.0
I_bias_std: 1.0e-12
alpha_EE: 0.2691602589009912
alpha_EI: 0.040644525007394204
alpha_II: 0.08905983122545924
dt: 20
filename: results_892e13e4-960c-441e-8518-d07f4ec69771.pkl
init_exc: 0.2
init_inh: 0.4
init_mod: 0.1
inp_E_kappa: 0.07837689404722939
inp_E_topo: 0.2914125396258638
inp_I_kappa: 0.08632195834437381
inp_I_topo: 0.9243137165531365
input_weight: 0.14034394710248363
max_h_for_output: 5.0
mod_EE_weight: 0.5763096929800153
mod_EI_weight: 1.4330284157739601
mod_IE_weight: 0.2829850738703137
mod_II_weight: 1.7807154145337687
n_actions: 3
n_bottom_up: 67
n_cue_tuned: 2
n_exc: 2000
n_fix_tuned: 1
n_hidden: 2500
n_inh: 500
n_motion_tuned: 64
n_reward_levels: 3
n_top_down: 10
n_top_down_hidden: 64
noise_input_sd: 0.0
noise_rnn_sd: 0.05
nonlinear_top_down: false
restrict_output_to_exc: false
rnn_weight: 0.17336603384484256
tc_modulator: 76.63412287013008
tc_soma: 100
td_E_kappa: 0.17852786128567516
td_E_topo: 1.339729546431263
td_I_kappa: 0.13561591590110433
td_I_topo: 1.7728535240793781
td_weight: 0.08721234785767684
