EE_kappa: 0.0899647299124496
EE_topo: 1.7165600921280075
EE_topo_mod: 2.673724600480127e-13
EI_kappa: 0.22607188384245563
EI_topo: 1.0298199546120694
EI_topo_mod: 7.250531032373579e-13
E_bias_mean: 0.0
E_bias_std: 1.0e-12
IE_kappa: 0.15440322213257662
IE_topo: 1.1958943740773857
IE_topo_mod: 5.674968174893002e-13
II_kappa: 0.22523723327819067
II_topo: 0.7311276293872231
II_topo_mod: 3.049337234485249e-13
I_bias_mean: 0.0
I_bias_std: 1.0e-12
alpha_EE: 0.04057848820124494
alpha_EI: 0.006853739233154088
alpha_II: 0.14393788520489176
dt: 20
filename: results_9e731b73-bcaa-4203-a9d9-4fc78d40b3f8.pkl
init_exc: 0.2
init_inh: 0.4
init_mod: 0.1
inp_E_kappa: 0.11671373647601502
inp_E_topo: 1.416300942164604
inp_I_kappa: 0.05131823414400512
inp_I_topo: 0.9870460772795899
input_weight: 0.14895844713460127
max_h_for_output: 5.0
mod_EE_weight: 0.3973007116271381
mod_EI_weight: 0.6759247211405963
mod_IE_weight: 0.3307252311704201
mod_II_weight: 1.9602133304455236
n_actions: 3
n_bottom_up: 67
n_cue_tuned: 2
n_exc: 2000
n_fix_tuned: 1
n_hidden: 2500
n_inh: 500
n_motion_tuned: 64
n_reward_levels: 3
n_top_down: 10
n_top_down_hidden: 64
noise_input_sd: 0.0
noise_rnn_sd: 0.05
nonlinear_top_down: false
restrict_output_to_exc: false
rnn_weight: 0.07725707468559832
tc_modulator: 94.1307557386366
tc_soma: 100
td_E_kappa: 0.2449332796340472
td_E_topo: 0.6211262315911743
td_I_kappa: 0.13298415905122812
td_I_topo: 0.7349502444781915
td_weight: 0.08721234785767684
