EE_kappa: 0.05765299635238885
EE_topo: 0.28357298445767065
EE_topo_mod: 7.111875565576033e-13
EI_kappa: 0.18685994177609466
EI_topo: 1.8463183655245767
EI_topo_mod: 5.347310980105667e-13
E_bias_mean: 0.0
E_bias_std: 1.0e-12
IE_kappa: 0.06821657290611045
IE_topo: 0.738276195633228
IE_topo_mod: 5.231432653330173e-13
II_kappa: 0.19722002737958605
II_topo: 1.4128518498097027
II_topo_mod: 5.397871657247833e-13
I_bias_mean: 0.0
I_bias_std: 1.0e-12
alpha_EE: 0.19522316109840537
alpha_EI: 0.2008010822082196
alpha_II: 0.055983423121376254
dt: 20
filename: results_d0a90070-2b79-45c1-a142-82af4eeccbbc.pkl
init_exc: 0.2
init_inh: 0.4
init_mod: 0.1
inp_E_kappa: 0.23118171905277718
inp_E_topo: 1.9450984842170187
inp_I_kappa: 0.16104746123283364
inp_I_topo: 1.2088088701929534
input_weight: 0.12860836690104338
max_h_for_output: 5.0
mod_EE_weight: 0.6244425590927924
mod_EI_weight: 0.1395095323683898
mod_IE_weight: 0.9617019443282658
mod_II_weight: 0.8381755090342867
n_actions: 3
n_bottom_up: 67
n_cue_tuned: 2
n_exc: 2000
n_fix_tuned: 1
n_hidden: 2500
n_inh: 500
n_motion_tuned: 64
n_reward_levels: 3
n_top_down: 10
n_top_down_hidden: 64
noise_input_sd: 0.0
noise_rnn_sd: 0.05
nonlinear_top_down: false
restrict_output_to_exc: false
rnn_weight: 0.1770701294605912
tc_modulator: 91.57298823354162
tc_soma: 100
td_E_kappa: 0.13530919354760174
td_E_topo: 1.651757583210424
td_I_kappa: 0.07193562831041396
td_I_topo: 0.9275560509962224
td_weight: 0.08721234785767684
