EE_kappa: 0.08289751198000098
EE_topo: 0.19755499647087182
EE_topo_mod: 6.637066252040775e-13
EI_kappa: 0.09984536329701779
EI_topo: 0.2951261923041286
EI_topo_mod: 1.6543086711279164e-13
E_bias_mean: 0.0
E_bias_std: 1.0e-12
IE_kappa: 0.19679085861035828
IE_topo: 1.6764264197200112
IE_topo_mod: 3.290726525057146e-13
II_kappa: 0.17474509378797756
II_topo: 1.6045397723210575
II_topo_mod: 1.2573592451776827e-13
I_bias_mean: 0.0
I_bias_std: 1.0e-12
alpha_EE: 0.047027274600264055
alpha_EI: 0.11782233502509729
alpha_II: 0.2010698588734777
dt: 20
filename: results_6094fe1d-fd10-403e-8f30-bbd6e59463a0.pkl
init_exc: 0.2
init_inh: 0.4
init_mod: 0.1
inp_E_kappa: 0.13616937054122516
inp_E_topo: 1.4804942740393994
inp_I_kappa: 0.10888598087826745
inp_I_topo: 1.279764914907631
input_weight: 0.1339672669451947
max_h_for_output: 5.0
mod_EE_weight: 1.7336342241099738
mod_EI_weight: 0.7242907663211378
mod_IE_weight: 1.4007586240461927
mod_II_weight: 0.9761968832689281
n_actions: 3
n_bottom_up: 67
n_cue_tuned: 2
n_exc: 2000
n_fix_tuned: 1
n_hidden: 2500
n_inh: 500
n_motion_tuned: 64
n_reward_levels: 3
n_top_down: 10
n_top_down_hidden: 64
noise_input_sd: 0.0
noise_rnn_sd: 0.05
nonlinear_top_down: false
restrict_output_to_exc: false
rnn_weight: 0.19352186369434682
tc_modulator: 43.28378008036627
tc_soma: 100
td_E_kappa: 0.17606175868457768
td_E_topo: 1.611828820273846
td_I_kappa: 0.15740879830731253
td_I_topo: 0.0391933365237791
td_weight: 0.08721234785767684
