EE_kappa: 0.11412309410650255
EE_topo: 1.5382466657390117
EE_topo_mod: 9.357806464410514e-13
EI_kappa: 0.23106372722342178
EI_topo: 1.8861864827477675
EI_topo_mod: 9.140340559850233e-13
E_bias_mean: 0.0
E_bias_std: 1.0e-12
IE_kappa: 0.1650937773375563
IE_topo: 0.7769054864498341
IE_topo_mod: 7.436635780295809e-14
II_kappa: 0.18729510683007078
II_topo: 1.8782271389064111
II_topo_mod: 6.324177634630495e-13
I_bias_mean: 0.0
I_bias_std: 1.0e-12
alpha_EE: 0.07924229691381038
alpha_EI: 0.03641398344399368
alpha_II: 0.1154920657887703
dt: 20
filename: results_b693e0a6-9cfe-497e-8e5d-f3a2401dc314.pkl
init_exc: 0.2
init_inh: 0.4
init_mod: 0.1
inp_E_kappa: 0.19396475612597314
inp_E_topo: 0.5104067865772375
inp_I_kappa: 0.07288176644515401
inp_I_topo: 0.5814263723415163
input_weight: 0.10055719729154024
max_h_for_output: 5.0
mod_EE_weight: 0.36073002215559713
mod_EI_weight: 0.018243920235718636
mod_IE_weight: 0.48599201379829027
mod_II_weight: 0.16914288056991023
n_actions: 3
n_bottom_up: 67
n_cue_tuned: 2
n_exc: 2000
n_fix_tuned: 1
n_hidden: 2500
n_inh: 500
n_motion_tuned: 64
n_reward_levels: 3
n_top_down: 10
n_top_down_hidden: 64
noise_input_sd: 0.0
noise_rnn_sd: 0.05
nonlinear_top_down: false
restrict_output_to_exc: false
rnn_weight: 0.07403451439899739
tc_modulator: 58.51317396324478
tc_soma: 100
td_E_kappa: 0.16800018695939972
td_E_topo: 1.9001388452244952
td_I_kappa: 0.08105147132431625
td_I_topo: 1.6536511102566676
td_weight: 0.08721234785767684
