EE_kappa: 0.07143443601973083
EE_topo: 0.637957753466565
EE_topo_mod: 1.9481013963544968e-13
EI_kappa: 0.18990259373399698
EI_topo: 1.3118447858520137
EI_topo_mod: 3.3000053876344247e-13
E_bias_mean: 0.0
E_bias_std: 1.0e-12
IE_kappa: 0.12293854487057401
IE_topo: 1.814368769290438
IE_topo_mod: 2.518582306119077e-14
II_kappa: 0.18245555475400888
II_topo: 0.2599699064347325
II_topo_mod: 2.2074421777932795e-13
I_bias_mean: 0.0
I_bias_std: 1.0e-12
alpha_EE: 0.0027111623523730865
alpha_EI: 0.11856526901948045
alpha_II: 0.0628074647178332
dt: 20
filename: results_7401f9dc-87d1-47af-957f-5f8c82fd22ad.pkl
init_exc: 0.2
init_inh: 0.4
init_mod: 0.1
inp_E_kappa: 0.09727985052080856
inp_E_topo: 1.1171967631354056
inp_I_kappa: 0.1880084401117192
inp_I_topo: 1.4364918691215216
input_weight: 0.118114074861856
max_h_for_output: 5.0
mod_EE_weight: 0.47637279549606526
mod_EI_weight: 1.6609984893523022
mod_IE_weight: 1.115798864254502
mod_II_weight: 0.3810905093995527
n_actions: 3
n_bottom_up: 67
n_cue_tuned: 2
n_exc: 2000
n_fix_tuned: 1
n_hidden: 2500
n_inh: 500
n_motion_tuned: 64
n_reward_levels: 3
n_top_down: 10
n_top_down_hidden: 64
noise_input_sd: 0.0
noise_rnn_sd: 0.05
nonlinear_top_down: false
restrict_output_to_exc: false
rnn_weight: 0.18586927536245257
tc_modulator: 90.61779914223266
tc_soma: 100
td_E_kappa: 0.12083432055840343
td_E_topo: 1.755192041481723
td_I_kappa: 0.19398303904615233
td_I_topo: 0.9691472159450538
td_weight: 0.08721234785767684
