EE_kappa: 0.08284610507392726
EE_topo: 0.6958722614631958
EE_topo_mod: 9.671682800413994e-14
EI_kappa: 0.2295242617507402
EI_topo: 1.3867789948233806
EI_topo_mod: 4.864713139577505e-13
E_bias_mean: 0.0
E_bias_std: 1.0e-12
IE_kappa: 0.1256850750570208
IE_topo: 1.5377194534471479
IE_topo_mod: 5.741208325082258e-14
II_kappa: 0.20484828899208557
II_topo: 0.4566914831322524
II_topo_mod: 6.46493436109517e-13
I_bias_mean: 0.0
I_bias_std: 1.0e-12
alpha_EE: 0.2562649540365126
alpha_EI: 0.08054930746694013
alpha_II: 0.09746957860586293
dt: 20
filename: results_eb5a3612-8ad1-4917-8cf4-163a7056309d.pkl
init_exc: 0.2
init_inh: 0.4
init_mod: 0.1
inp_E_kappa: 0.24258875279835018
inp_E_topo: 1.5220715782415604
inp_I_kappa: 0.054372509491285095
inp_I_topo: 1.003614879001378
input_weight: 0.11414901847742087
max_h_for_output: 5.0
mod_EE_weight: 0.018221082563841806
mod_EI_weight: 0.025797671170769032
mod_IE_weight: 1.0863761625573383
mod_II_weight: 1.6325291133151236
n_actions: 3
n_bottom_up: 67
n_cue_tuned: 2
n_exc: 2000
n_fix_tuned: 1
n_hidden: 2500
n_inh: 500
n_motion_tuned: 64
n_reward_levels: 3
n_top_down: 10
n_top_down_hidden: 64
noise_input_sd: 0.0
noise_rnn_sd: 0.05
nonlinear_top_down: false
restrict_output_to_exc: false
rnn_weight: 0.19245172011943779
tc_modulator: 70.88861873755303
tc_soma: 100
td_E_kappa: 0.23730400161959236
td_E_topo: 1.1663139152117956
td_I_kappa: 0.12066520219893143
td_I_topo: 1.8298266679526811
td_weight: 0.08721234785767684
