EE_kappa: 0.06071712351606611
EE_topo: 1.1480334609180125
EE_topo_mod: 3.658102565161574e-13
EI_kappa: 0.16818659982505882
EI_topo: 1.2253634206212745
EI_topo_mod: 4.3247096794036055e-13
E_bias_mean: 0.0
E_bias_std: 1.0e-12
IE_kappa: 0.10671290982716003
IE_topo: 0.3891472338970585
IE_topo_mod: 6.525042863354746e-13
II_kappa: 0.16937082818782515
II_topo: 1.8166114651596288
II_topo_mod: 3.2787467105584897e-13
I_bias_mean: 0.0
I_bias_std: 1.0e-12
alpha_EE: 0.013246874759975468
alpha_EI: 0.09939931960786165
alpha_II: 0.03780955577510736
dt: 20
filename: results_02659d3c-f146-4d7e-a630-76ef326ca441.pkl
init_exc: 0.2
init_inh: 0.4
init_mod: 0.1
inp_E_kappa: 0.20180888209038522
inp_E_topo: 0.15787526683698916
inp_I_kappa: 0.06751767418474773
inp_I_topo: 0.2972199565239759
input_weight: 0.15436311664082947
max_h_for_output: 5.0
mod_EE_weight: 0.7219385873070131
mod_EI_weight: 0.8851498823327004
mod_IE_weight: 0.4734061529554986
mod_II_weight: 0.7805414321384226
n_actions: 3
n_bottom_up: 67
n_cue_tuned: 2
n_exc: 2000
n_fix_tuned: 1
n_hidden: 2500
n_inh: 500
n_motion_tuned: 64
n_reward_levels: 3
n_top_down: 10
n_top_down_hidden: 64
noise_input_sd: 0.0
noise_rnn_sd: 0.05
nonlinear_top_down: false
restrict_output_to_exc: false
rnn_weight: 0.14738995148743916
tc_modulator: 48.834179965349094
tc_soma: 100
td_E_kappa: 0.2473819379153414
td_E_topo: 1.0530172846118802
td_I_kappa: 0.11747832400997699
td_I_topo: 1.1962316804926467
td_weight: 0.08721234785767684
