EE_kappa: 0.053643502304147786
EE_topo: 0.36824774733495347
EE_topo_mod: 2.0717465915407096e-13
EI_kappa: 0.22854758622035692
EI_topo: 0.8600813361138495
EI_topo_mod: 4.252573614643973e-13
E_bias_mean: 0.0
E_bias_std: 1.0e-12
IE_kappa: 0.14211913177992613
IE_topo: 1.7050767154407505
IE_topo_mod: 6.08551993304477e-13
II_kappa: 0.13700151138209504
II_topo: 0.8159176570084137
II_topo_mod: 9.96034114637674e-13
I_bias_mean: 0.0
I_bias_std: 1.0e-12
alpha_EE: 0.06810715789877313
alpha_EI: 0.001892182287816213
alpha_II: 0.16185223709856647
dt: 20
filename: results_289d7147-9a78-449b-9f2f-7f057950a2a0.pkl
init_exc: 0.2
init_inh: 0.4
init_mod: 0.1
inp_E_kappa: 0.19670209532328964
inp_E_topo: 0.0002799753882589684
inp_I_kappa: 0.2269631338236165
inp_I_topo: 1.4528561890948635
input_weight: 0.13601065291098882
max_h_for_output: 5.0
mod_EE_weight: 1.6494249550199966
mod_EI_weight: 0.22008572732401488
mod_IE_weight: 0.5840997202897009
mod_II_weight: 1.1603938655091748
n_actions: 3
n_bottom_up: 67
n_cue_tuned: 2
n_exc: 2000
n_fix_tuned: 1
n_hidden: 2500
n_inh: 500
n_motion_tuned: 64
n_reward_levels: 3
n_top_down: 10
n_top_down_hidden: 64
noise_input_sd: 0.0
noise_rnn_sd: 0.05
nonlinear_top_down: false
restrict_output_to_exc: false
rnn_weight: 0.19455900324519854
tc_modulator: 70.44857123535272
tc_soma: 100
td_E_kappa: 0.1397662833794906
td_E_topo: 0.09246953041457773
td_I_kappa: 0.06826558040014757
td_I_topo: 1.7656935482897842
td_weight: 0.08721234785767684
