EE_kappa: 0.05843236519537616
EE_topo: 1.5122430988039546
EE_topo_mod: 1.3059216505381189e-13
EI_kappa: 0.0656884701089719
EI_topo: 0.764157253937187
EI_topo_mod: 4.694765914439214e-13
E_bias_mean: 0.0
E_bias_std: 1.0e-12
IE_kappa: 0.2150892535948709
IE_topo: 1.2856692876111087
IE_topo_mod: 2.900743549548168e-14
II_kappa: 0.13565615181240526
II_topo: 1.3737867808949769
II_topo_mod: 1.6168999616574308e-13
I_bias_mean: 0.0
I_bias_std: 1.0e-12
alpha_EE: 0.18649989252333987
alpha_EI: 0.2056691600804367
alpha_II: 0.19746633792244714
dt: 20
filename: results_08fe8ba4-61ab-4692-9645-caf70210d0f1.pkl
init_exc: 0.2
init_inh: 0.4
init_mod: 0.1
inp_E_kappa: 0.20812198137250615
inp_E_topo: 1.269291016276558
inp_I_kappa: 0.12439325522300904
inp_I_topo: 1.6157336542463858
input_weight: 0.16074866701456236
max_h_for_output: 5.0
mod_EE_weight: 1.9408763446611152
mod_EI_weight: 1.9196126468320516
mod_IE_weight: 1.120934114745946
mod_II_weight: 1.0785454714056781
n_actions: 3
n_bottom_up: 67
n_cue_tuned: 2
n_exc: 2000
n_fix_tuned: 1
n_hidden: 2500
n_inh: 500
n_motion_tuned: 64
n_reward_levels: 3
n_top_down: 10
n_top_down_hidden: 64
noise_input_sd: 0.0
noise_rnn_sd: 0.05
nonlinear_top_down: false
restrict_output_to_exc: false
rnn_weight: 0.16737645976612664
tc_modulator: 63.5779420862208
tc_soma: 100
td_E_kappa: 0.19744818560875532
td_E_topo: 0.49250212539074756
td_I_kappa: 0.06492084810235209
td_I_topo: 1.8696158716087474
td_weight: 0.08721234785767684
