EE_kappa: 0.050749482074939616
EE_topo: 1.4455144384920022
EE_topo_mod: 8.123489728488152e-13
EI_kappa: 0.171796158308321
EI_topo: 1.170671616379935
EI_topo_mod: 6.87855967010574e-13
E_bias_mean: 0.0
E_bias_std: 1.0e-12
IE_kappa: 0.10319937449595872
IE_topo: 0.7574472815223898
IE_topo_mod: 8.035109189698604e-13
II_kappa: 0.23909170420252102
II_topo: 0.3103014500796666
II_topo_mod: 3.3117402510077285e-13
I_bias_mean: 0.0
I_bias_std: 1.0e-12
alpha_EE: 0.14892067494779793
alpha_EI: 0.02964916334312092
alpha_II: 0.0876174158023147
dt: 20
filename: results_targeted_5de8b2b6-aeb4-4b1f-a23b-f13e0189e9e3.pkl
init_exc: 0.2
init_inh: 0.4
init_mod: 0.1
inp_E_kappa: 0.17285563348283545
inp_E_topo: 1.9417056094038359
inp_I_kappa: 0.10286424219641993
inp_I_topo: 0.7239413459486301
input_weight: 0.14333770994773576
max_h_for_output: 5.0
mod_EE_weight: 0.3734265967136303
mod_EI_weight: 0.9468751992743627
mod_IE_weight: 0.1608462564059736
mod_II_weight: 0.32533022819836177
n_actions: 3
n_bottom_up: 67
n_cue_tuned: 2
n_exc: 2000
n_fix_tuned: 1
n_hidden: 2500
n_inh: 500
n_motion_tuned: 64
n_reward_levels: 3
n_top_down: 10
n_top_down_hidden: 64
noise_input_sd: 0.0
noise_rnn_sd: 0.05
nonlinear_top_down: false
restrict_output_to_exc: false
rnn_weight: 0.1317692511079338
tc_modulator: 88.87420760311525
tc_soma: 100
td_E_kappa: 0.05067363394213034
td_E_topo: 0.6774124681504055
td_I_kappa: 0.14916668312472603
td_I_topo: 0.21538053352947228
td_weight: 0.08721234785767684
