EE_kappa: 0.051659658360542364
EE_topo: 0.7319616967511053
EE_topo_mod: 9.2336166148139e-13
EI_kappa: 0.08835098807620441
EI_topo: 1.0310747022022044
EI_topo_mod: 1.9344621505003633e-13
E_bias_mean: 0.0
E_bias_std: 1.0e-12
IE_kappa: 0.09352737301059993
IE_topo: 0.7157308424062088
IE_topo_mod: 6.282382224532326e-13
II_kappa: 0.10819322353719636
II_topo: 0.28445180643437085
II_topo_mod: 5.912205307153357e-13
I_bias_mean: 0.0
I_bias_std: 1.0e-12
alpha_EE: 0.0051902495937149575
alpha_EI: 0.009062899554879933
alpha_II: 0.07781162509269253
dt: 20
filename: results_d6a50a7c-81a5-482b-b00e-17bf558b377e.pkl
init_exc: 0.2
init_inh: 0.4
init_mod: 0.1
inp_E_kappa: 0.24513561846177573
inp_E_topo: 1.5064950501572292
inp_I_kappa: 0.15733796952503704
inp_I_topo: 1.7729456075300407
input_weight: 0.12156722091322546
max_h_for_output: 5.0
mod_EE_weight: 0.3224259887247334
mod_EI_weight: 1.389018659809155
mod_IE_weight: 0.7480844562563278
mod_II_weight: 0.31741200779443823
n_actions: 3
n_bottom_up: 67
n_cue_tuned: 2
n_exc: 2000
n_fix_tuned: 1
n_hidden: 2500
n_inh: 500
n_motion_tuned: 64
n_reward_levels: 3
n_top_down: 10
n_top_down_hidden: 64
noise_input_sd: 0.0
noise_rnn_sd: 0.05
nonlinear_top_down: false
restrict_output_to_exc: false
rnn_weight: 0.15258583764868805
tc_modulator: 25.463146707222464
tc_soma: 100
td_E_kappa: 0.12026157837509757
td_E_topo: 0.9093393735797934
td_I_kappa: 0.11153959152677424
td_I_topo: 0.4182043316998594
td_weight: 0.08721234785767684
