EE_kappa: 0.06009126713564235
EE_topo: 1.8500863255313615
EE_topo_mod: 8.464467111284601e-13
EI_kappa: 0.166975316803459
EI_topo: 1.2593120761401417
EI_topo_mod: 3.671836645039739e-13
E_bias_mean: 0.0
E_bias_std: 1.0e-12
IE_kappa: 0.07985424230173521
IE_topo: 1.7978991065277354
IE_topo_mod: 3.614230179043457e-13
II_kappa: 0.190556204701593
II_topo: 0.5568363439784045
II_topo_mod: 4.661567953487687e-13
I_bias_mean: 0.0
I_bias_std: 1.0e-12
alpha_EE: 0.19379014533542127
alpha_EI: 0.2939261292626986
alpha_II: 0.06800567609067318
dt: 20
filename: results_68b9f8e5-4043-46f2-ad63-067bbbed533c.pkl
init_exc: 0.2
init_inh: 0.4
init_mod: 0.1
inp_E_kappa: 0.13209010903860025
inp_E_topo: 1.368419181022688
inp_I_kappa: 0.1782101329831236
inp_I_topo: 1.771608049619078
input_weight: 0.13214448732568362
max_h_for_output: 5.0
mod_EE_weight: 0.6733893910137385
mod_EI_weight: 1.203111722926584
mod_IE_weight: 1.8299832961264566
mod_II_weight: 0.9064296588684655
n_actions: 3
n_bottom_up: 67
n_cue_tuned: 2
n_exc: 2000
n_fix_tuned: 1
n_hidden: 2500
n_inh: 500
n_motion_tuned: 64
n_reward_levels: 3
n_top_down: 10
n_top_down_hidden: 64
noise_input_sd: 0.0
noise_rnn_sd: 0.05
nonlinear_top_down: false
restrict_output_to_exc: false
rnn_weight: 0.10355172880638439
tc_modulator: 46.575713958504764
tc_soma: 100
td_E_kappa: 0.1608852511614844
td_E_topo: 1.436914785013141
td_I_kappa: 0.12110527980437771
td_I_topo: 0.20741108873419467
td_weight: 0.08721234785767684
