EE_kappa: 0.06174800729233201
EE_topo: 0.8615938024577519
EE_topo_mod: 5.99665240203795e-14
EI_kappa: 0.1554708820866864
EI_topo: 0.30348072698673123
EI_topo_mod: 9.898216229785067e-13
E_bias_mean: 0.0
E_bias_std: 1.0e-12
IE_kappa: 0.14682130175114766
IE_topo: 1.4204033333464403
IE_topo_mod: 7.765155341547019e-13
II_kappa: 0.23804757413294614
II_topo: 0.39246295136160114
II_topo_mod: 1.6884974058846247e-13
I_bias_mean: 0.0
I_bias_std: 1.0e-12
alpha_EE: 0.08117246263469692
alpha_EI: 0.09187625100821856
alpha_II: 0.24545148552758597
dt: 20
filename: results_00bf2efd-6951-47f7-b5e3-3bef508a46db.pkl
init_exc: 0.2
init_inh: 0.4
init_mod: 0.1
inp_E_kappa: 0.21954281964070493
inp_E_topo: 0.055364889418047625
inp_I_kappa: 0.22339220097181767
inp_I_topo: 0.2926658891885574
input_weight: 0.11425678440541356
max_h_for_output: 5.0
mod_EE_weight: 1.4424754964927993
mod_EI_weight: 0.1219731971908582
mod_IE_weight: 0.4207826523825269
mod_II_weight: 0.9721740084393402
n_actions: 3
n_bottom_up: 67
n_cue_tuned: 2
n_exc: 2000
n_fix_tuned: 1
n_hidden: 2500
n_inh: 500
n_motion_tuned: 64
n_reward_levels: 3
n_top_down: 10
n_top_down_hidden: 64
noise_input_sd: 0.0
noise_rnn_sd: 0.05
nonlinear_top_down: false
restrict_output_to_exc: false
rnn_weight: 0.196376906065725
tc_modulator: 36.84544351101479
tc_soma: 100
td_E_kappa: 0.21165692553080756
td_E_topo: 1.6518309061308882
td_I_kappa: 0.20227822790331368
td_I_topo: 1.2890416160330496
td_weight: 0.08721234785767684
