EE_kappa: 0.0725845849601759
EE_topo: 1.386747455692021
EE_topo_mod: 5.539539237189484e-13
EI_kappa: 0.17839013043944552
EI_topo: 1.575367640172728
EI_topo_mod: 9.864074455703014e-13
E_bias_mean: 0.0
E_bias_std: 1.0e-12
IE_kappa: 0.17524410481394603
IE_topo: 0.9285840995598522
IE_topo_mod: 4.1367650776321794e-13
II_kappa: 0.22277323818840927
II_topo: 1.3768340810339963
II_topo_mod: 6.205794513509241e-13
I_bias_mean: 0.0
I_bias_std: 1.0e-12
alpha_EE: 0.15498307498104955
alpha_EI: 0.08945405176177464
alpha_II: 0.23848510370319256
dt: 20
filename: results_760d9a11-da8b-47cf-8f18-ede1a7b02257.pkl
init_exc: 0.2
init_inh: 0.4
init_mod: 0.1
inp_E_kappa: 0.183299854611158
inp_E_topo: 1.5951160100348394
inp_I_kappa: 0.19441873250095676
inp_I_topo: 1.5027207850456865
input_weight: 0.15922594840943688
max_h_for_output: 5.0
mod_EE_weight: 1.2668951313652546
mod_EI_weight: 1.5919704172911808
mod_IE_weight: 1.2786091330116185
mod_II_weight: 0.6981156851412469
n_actions: 3
n_bottom_up: 67
n_cue_tuned: 2
n_exc: 2000
n_fix_tuned: 1
n_hidden: 2500
n_inh: 500
n_motion_tuned: 64
n_reward_levels: 3
n_top_down: 10
n_top_down_hidden: 64
noise_input_sd: 0.0
noise_rnn_sd: 0.05
nonlinear_top_down: false
restrict_output_to_exc: false
rnn_weight: 0.1357371958712468
tc_modulator: 33.863866589181484
tc_soma: 100
td_E_kappa: 0.11092585757276581
td_E_topo: 1.4851205646490093
td_I_kappa: 0.1463671432887494
td_I_topo: 0.6827678340384347
td_weight: 0.08721234785767684
