EE_kappa: 0.09650181547303789
EE_topo: 0.9730100879255301
EE_topo_mod: 3.43424072180879e-13
EI_kappa: 0.2207830395600331
EI_topo: 0.18588612180743436
EI_topo_mod: 5.443051946699459e-13
E_bias_mean: 0.0
E_bias_std: 1.0e-12
IE_kappa: 0.21141998292774766
IE_topo: 0.18166147256844267
IE_topo_mod: 1.6706853824089218e-13
II_kappa: 0.22208550415317807
II_topo: 0.6544781515178388
II_topo_mod: 9.528671782615345e-13
I_bias_mean: 0.0
I_bias_std: 1.0e-12
alpha_EE: 0.14488588889969917
alpha_EI: 0.00444173876423587
alpha_II: 0.007893915433612796
dt: 20
filename: results_6d12d70e-6dc4-47bd-a64b-e34348221ce7.pkl
init_exc: 0.2
init_inh: 0.4
init_mod: 0.1
inp_E_kappa: 0.19634039927528424
inp_E_topo: 0.44753208715194326
inp_I_kappa: 0.23452597609514636
inp_I_topo: 1.628984331026417
input_weight: 0.12144912104033091
max_h_for_output: 5.0
mod_EE_weight: 1.4272229027369916
mod_EI_weight: 0.30552275738342916
mod_IE_weight: 0.4644324611000967
mod_II_weight: 1.2389594045382308
n_actions: 3
n_bottom_up: 67
n_cue_tuned: 2
n_exc: 2000
n_fix_tuned: 1
n_hidden: 2500
n_inh: 500
n_motion_tuned: 64
n_reward_levels: 3
n_top_down: 10
n_top_down_hidden: 64
noise_input_sd: 0.0
noise_rnn_sd: 0.05
nonlinear_top_down: false
restrict_output_to_exc: false
rnn_weight: 0.17564312933405596
tc_modulator: 91.0284512296369
tc_soma: 100
td_E_kappa: 0.09128094345782421
td_E_topo: 1.9195052497182024
td_I_kappa: 0.247711604607254
td_I_topo: 1.486764781949955
td_weight: 0.08721234785767684
