EE_kappa: 0.13187814664691921
EE_topo: 0.08746006596799494
EE_topo_mod: 8.427040944738467e-13
EI_kappa: 0.2323582815554847
EI_topo: 1.0662230428397963
EI_topo_mod: 1.3508728618928346e-13
E_bias_mean: 0.0
E_bias_std: 1.0e-12
IE_kappa: 0.1542114676389364
IE_topo: 0.3094046440057341
IE_topo_mod: 4.692668522284734e-13
II_kappa: 0.22102580641540454
II_topo: 1.6163634508600386
II_topo_mod: 3.3601909364091355e-14
I_bias_mean: 0.0
I_bias_std: 1.0e-12
alpha_EE: 0.1618439489151988
alpha_EI: 0.04977859795804877
alpha_II: 0.2840627863869704
dt: 20
filename: results_bcc79585-b856-43b1-84cd-89247bfdb039.pkl
init_exc: 0.2
init_inh: 0.4
init_mod: 0.1
inp_E_kappa: 0.20476578862473516
inp_E_topo: 0.8718767428601939
inp_I_kappa: 0.23646512846338746
inp_I_topo: 1.8401759700726286
input_weight: 0.08017877213925506
max_h_for_output: 5.0
mod_EE_weight: 1.2323316318196718
mod_EI_weight: 1.3950046661593616
mod_IE_weight: 1.8509609938350469
mod_II_weight: 1.3950187423324127
n_actions: 3
n_bottom_up: 67
n_cue_tuned: 2
n_exc: 2000
n_fix_tuned: 1
n_hidden: 2500
n_inh: 500
n_motion_tuned: 64
n_reward_levels: 3
n_top_down: 10
n_top_down_hidden: 64
noise_input_sd: 0.0
noise_rnn_sd: 0.05
nonlinear_top_down: false
restrict_output_to_exc: false
rnn_weight: 0.15695392875698627
tc_modulator: 69.02278224327617
tc_soma: 100
td_E_kappa: 0.0948133553688433
td_E_topo: 0.5420664540624092
td_I_kappa: 0.14566909146087625
td_I_topo: 1.5251142940429658
td_weight: 0.08721234785767684
