EE_kappa: 0.06461507584176554
EE_topo: 0.516192392629351
EE_topo_mod: 4.307655867428048e-13
EI_kappa: 0.14864114808816792
EI_topo: 1.2983627520699959
EI_topo_mod: 3.34748472939586e-13
E_bias_mean: 0.0
E_bias_std: 1.0e-12
IE_kappa: 0.11900817546440208
IE_topo: 1.4479236828911368
IE_topo_mod: 1.843675183403083e-13
II_kappa: 0.20194425942085642
II_topo: 1.9026530806808752
II_topo_mod: 3.5279577792872475e-13
I_bias_mean: 0.0
I_bias_std: 1.0e-12
alpha_EE: 0.02756567618170369
alpha_EI: 0.023651489583439156
alpha_II: 0.28962648386036927
dt: 20
filename: results_416aa815-9eec-4543-a572-5b52c96e2977.pkl
init_exc: 0.2
init_inh: 0.4
init_mod: 0.1
inp_E_kappa: 0.09262822672205036
inp_E_topo: 1.4451871212993013
inp_I_kappa: 0.11293266299923506
inp_I_topo: 1.1914171809141945
input_weight: 0.1536834960279688
max_h_for_output: 5.0
mod_EE_weight: 0.8182488148316003
mod_EI_weight: 0.6379165174279171
mod_IE_weight: 0.07196507195946877
mod_II_weight: 0.34607076217489396
n_actions: 3
n_bottom_up: 67
n_cue_tuned: 2
n_exc: 2000
n_fix_tuned: 1
n_hidden: 2500
n_inh: 500
n_motion_tuned: 64
n_reward_levels: 3
n_top_down: 10
n_top_down_hidden: 64
noise_input_sd: 0.0
noise_rnn_sd: 0.05
nonlinear_top_down: false
restrict_output_to_exc: false
rnn_weight: 0.0954314397645824
tc_modulator: 42.341476037905096
tc_soma: 100
td_E_kappa: 0.12265965038725882
td_E_topo: 0.4966243362483729
td_I_kappa: 0.09099191200780937
td_I_topo: 1.3870043832135979
td_weight: 0.08721234785767684
