EE_kappa: 0.0951218070055741
EE_topo: 0.3536053151776788
EE_topo_mod: 7.316029470748389e-13
EI_kappa: 0.12113292514303031
EI_topo: 1.2730657769169313
EI_topo_mod: 5.645359352271179e-13
E_bias_mean: 0.0
E_bias_std: 1.0e-12
IE_kappa: 0.185082761827779
IE_topo: 1.478405297609296
IE_topo_mod: 8.317253229526177e-13
II_kappa: 0.15234463550576816
II_topo: 1.8059353250790302
II_topo_mod: 8.274843526781894e-13
I_bias_mean: 0.0
I_bias_std: 1.0e-12
alpha_EE: 0.12940811840483976
alpha_EI: 0.13860261224657844
alpha_II: 0.05539868421995677
dt: 20
filename: results_82c1007e-86c7-4b3c-816e-11dd4a314baa.pkl
init_exc: 0.2
init_inh: 0.4
init_mod: 0.1
inp_E_kappa: 0.09161435304514448
inp_E_topo: 1.4654189152301347
inp_I_kappa: 0.15562574464217807
inp_I_topo: 1.6041453681469469
input_weight: 0.1805523006367452
max_h_for_output: 5.0
mod_EE_weight: 0.5535025170224295
mod_EI_weight: 0.8655702990861549
mod_IE_weight: 0.7451927129346414
mod_II_weight: 0.5857680482153633
n_actions: 3
n_bottom_up: 67
n_cue_tuned: 2
n_exc: 2000
n_fix_tuned: 1
n_hidden: 2500
n_inh: 500
n_motion_tuned: 64
n_reward_levels: 3
n_top_down: 10
n_top_down_hidden: 64
noise_input_sd: 0.0
noise_rnn_sd: 0.05
nonlinear_top_down: false
restrict_output_to_exc: false
rnn_weight: 0.15583221005311376
tc_modulator: 62.15128234173478
tc_soma: 100
td_E_kappa: 0.1653865604931542
td_E_topo: 0.16777761042628736
td_I_kappa: 0.15701350336423917
td_I_topo: 0.2908266025024977
td_weight: 0.08721234785767684
