EE_kappa: 0.08950935357308978
EE_topo: 0.0661310658556944
EE_topo_mod: 1.9981368691663893e-15
EI_kappa: 0.14922565546221467
EI_topo: 1.6105782272930573
EI_topo_mod: 4.03545150612128e-13
E_bias_mean: 0.0
E_bias_std: 1.0e-12
IE_kappa: 0.16720974513322068
IE_topo: 1.9056427563660188
IE_topo_mod: 4.749652345365839e-13
II_kappa: 0.23444867504458622
II_topo: 1.2668640996324256
II_topo_mod: 2.0404977079520358e-13
I_bias_mean: 0.0
I_bias_std: 1.0e-12
alpha_EE: 0.15435905613059625
alpha_EI: 0.1933327175248134
alpha_II: 0.1291663524118382
dt: 20
filename: results_ea532f67-66c4-4866-a336-328421c8cf17.pkl
init_exc: 0.2
init_inh: 0.4
init_mod: 0.1
inp_E_kappa: 0.0645875660424309
inp_E_topo: 1.3898229736989511
inp_I_kappa: 0.21310909917151794
inp_I_topo: 1.037834143752644
input_weight: 0.19200093761152937
max_h_for_output: 5.0
mod_EE_weight: 0.7061767789321063
mod_EI_weight: 1.718861360329694
mod_IE_weight: 1.2551849367510235
mod_II_weight: 1.4262912147605795
n_actions: 3
n_bottom_up: 67
n_cue_tuned: 2
n_exc: 2000
n_fix_tuned: 1
n_hidden: 2500
n_inh: 500
n_motion_tuned: 64
n_reward_levels: 3
n_top_down: 10
n_top_down_hidden: 64
noise_input_sd: 0.0
noise_rnn_sd: 0.05
nonlinear_top_down: false
restrict_output_to_exc: false
rnn_weight: 0.13789178813717085
tc_modulator: 29.412273712293533
tc_soma: 100
td_E_kappa: 0.10194944887129119
td_E_topo: 1.6895997982258588
td_I_kappa: 0.07823822413578092
td_I_topo: 1.0376050028213448
td_weight: 0.08721234785767684
