EE_kappa: 0.05979702396727933
EE_topo: 1.6134973223383735
EE_topo_mod: 3.2902204756218243e-13
EI_kappa: 0.1916831839711189
EI_topo: 0.18086533053701137
EI_topo_mod: 2.9881694303018423e-13
E_bias_mean: 0.0
E_bias_std: 1.0e-12
IE_kappa: 0.1336579472365006
IE_topo: 0.7311047884137927
IE_topo_mod: 5.532998409497181e-13
II_kappa: 0.1946212961977189
II_topo: 0.3097749026107053
II_topo_mod: 2.1893217421523602e-13
I_bias_mean: 0.0
I_bias_std: 1.0e-12
alpha_EE: 0.1217301988609592
alpha_EI: 0.08138566144335438
alpha_II: 0.07464435869990288
dt: 20
filename: results_5ce41879-8991-4e21-9fa1-d8d89ff4928b.pkl
init_exc: 0.2
init_inh: 0.4
init_mod: 0.1
inp_E_kappa: 0.10533125572377133
inp_E_topo: 1.5163908651547529
inp_I_kappa: 0.22708766572506045
inp_I_topo: 1.9401852462697617
input_weight: 0.18904507068424187
max_h_for_output: 5.0
mod_EE_weight: 0.539385607467957
mod_EI_weight: 0.9238073914740654
mod_IE_weight: 0.5083820004533433
mod_II_weight: 0.050249867488942446
n_actions: 3
n_bottom_up: 67
n_cue_tuned: 2
n_exc: 2000
n_fix_tuned: 1
n_hidden: 2500
n_inh: 500
n_motion_tuned: 64
n_reward_levels: 3
n_top_down: 10
n_top_down_hidden: 64
noise_input_sd: 0.0
noise_rnn_sd: 0.05
nonlinear_top_down: false
restrict_output_to_exc: false
rnn_weight: 0.10455506651883736
tc_modulator: 60.40786395771322
tc_soma: 100
td_E_kappa: 0.08937496763150649
td_E_topo: 1.1998516755658204
td_I_kappa: 0.13770887335487006
td_I_topo: 0.2977472839985589
td_weight: 0.08721234785767684
