EE_kappa: 0.09813280279041714
EE_topo: 0.3665133790106936
EE_topo_mod: 9.020574891079657e-13
EI_kappa: 0.14867529759044076
EI_topo: 0.4232641837821176
EI_topo_mod: 8.140612617095711e-14
E_bias_mean: 0.0
E_bias_std: 1.0e-12
IE_kappa: 0.17977236084936848
IE_topo: 1.0033075621290608
IE_topo_mod: 1.6275158293662694e-13
II_kappa: 0.2081712914313777
II_topo: 0.2738340989857846
II_topo_mod: 2.0215256739103893e-13
I_bias_mean: 0.0
I_bias_std: 1.0e-12
alpha_EE: 0.2280060600167265
alpha_EI: 0.22996092577350516
alpha_II: 0.03685329847650287
dt: 20
filename: results_ae098354-48ac-4996-b035-b2b7e264ada9.pkl
init_exc: 0.2
init_inh: 0.4
init_mod: 0.1
inp_E_kappa: 0.10443737322943275
inp_E_topo: 1.9076293089721739
inp_I_kappa: 0.1401414374763793
inp_I_topo: 0.23811815229643662
input_weight: 0.10725701298290616
max_h_for_output: 5.0
mod_EE_weight: 1.567804131435833
mod_EI_weight: 1.0823297009241752
mod_IE_weight: 0.47049140468178363
mod_II_weight: 1.0410880385447354
n_actions: 3
n_bottom_up: 67
n_cue_tuned: 2
n_exc: 2000
n_fix_tuned: 1
n_hidden: 2500
n_inh: 500
n_motion_tuned: 64
n_reward_levels: 3
n_top_down: 10
n_top_down_hidden: 64
noise_input_sd: 0.0
noise_rnn_sd: 0.05
nonlinear_top_down: false
restrict_output_to_exc: false
rnn_weight: 0.13492911476200783
tc_modulator: 82.13928583978651
tc_soma: 100
td_E_kappa: 0.15597574226216576
td_E_topo: 0.2436936532195293
td_I_kappa: 0.10795652479768739
td_I_topo: 0.7589976421084221
td_weight: 0.08721234785767684
