EE_kappa: 0.1213947334089574
EE_topo: 0.59342396005135
EE_topo_mod: 5.324173996225842e-13
EI_kappa: 0.17382346615800992
EI_topo: 1.5957936913398694
EI_topo_mod: 6.438914989588952e-13
E_bias_mean: 0.0
E_bias_std: 1.0e-12
IE_kappa: 0.15766646753429506
IE_topo: 0.24670375504332553
IE_topo_mod: 5.936035008866506e-13
II_kappa: 0.14133757612348585
II_topo: 0.2992566563984509
II_topo_mod: 3.302365046162451e-13
I_bias_mean: 0.0
I_bias_std: 1.0e-12
alpha_EE: 0.16863105945453602
alpha_EI: 0.029231568920036796
alpha_II: 0.17058263919490552
dt: 20
filename: results_a9069e5f-f3ba-441d-9974-924d3d098f15.pkl
init_exc: 0.2
init_inh: 0.4
init_mod: 0.1
inp_E_kappa: 0.14388930049852403
inp_E_topo: 1.9398026212824626
inp_I_kappa: 0.06142896538100393
inp_I_topo: 1.277007851364495
input_weight: 0.1312071930408299
max_h_for_output: 5.0
mod_EE_weight: 1.8651636768141322
mod_EI_weight: 1.131823131808053
mod_IE_weight: 0.18818060783301993
mod_II_weight: 0.3525444911274791
n_actions: 3
n_bottom_up: 67
n_cue_tuned: 2
n_exc: 2000
n_fix_tuned: 1
n_hidden: 2500
n_inh: 500
n_motion_tuned: 64
n_reward_levels: 3
n_top_down: 10
n_top_down_hidden: 64
noise_input_sd: 0.0
noise_rnn_sd: 0.05
nonlinear_top_down: false
restrict_output_to_exc: false
rnn_weight: 0.15197982353746803
tc_modulator: 68.14089565975524
tc_soma: 100
td_E_kappa: 0.12972371094005647
td_E_topo: 1.5915218153628534
td_I_kappa: 0.20767260394796072
td_I_topo: 0.970832354379775
td_weight: 0.08721234785767684
