EE_kappa: 0.09437792764059805
EE_topo: 1.9625956409498932
EE_topo_mod: 9.90137630936465e-13
EI_kappa: 0.1512517557045097
EI_topo: 1.0870403604389907
EI_topo_mod: 1.5746319183650303e-13
E_bias_mean: 0.0
E_bias_std: 1.0e-12
IE_kappa: 0.21856050295461
IE_topo: 1.1594376522028789
IE_topo_mod: 2.4786065163212155e-13
II_kappa: 0.16529707936229282
II_topo: 1.4816255323210383
II_topo_mod: 1.4455141827593755e-13
I_bias_mean: 0.0
I_bias_std: 1.0e-12
alpha_EE: 0.0878070693383017
alpha_EI: 0.176628638375037
alpha_II: 0.25017308429767876
dt: 20
filename: results_9a39c5c4-9f14-4f92-98b9-dc43d44edf3e.pkl
init_exc: 0.2
init_inh: 0.4
init_mod: 0.1
inp_E_kappa: 0.20519849352201092
inp_E_topo: 0.33051861297098917
inp_I_kappa: 0.08958926139913381
inp_I_topo: 1.665904127048837
input_weight: 0.1409198285815738
max_h_for_output: 5.0
mod_EE_weight: 1.8419843440866996
mod_EI_weight: 1.3240355253705265
mod_IE_weight: 1.8904573340580582
mod_II_weight: 1.84555507716035
n_actions: 3
n_bottom_up: 67
n_cue_tuned: 2
n_exc: 2000
n_fix_tuned: 1
n_hidden: 2500
n_inh: 500
n_motion_tuned: 64
n_reward_levels: 3
n_top_down: 10
n_top_down_hidden: 64
noise_input_sd: 0.0
noise_rnn_sd: 0.05
nonlinear_top_down: false
restrict_output_to_exc: false
rnn_weight: 0.14625760644645086
tc_modulator: 40.10469111730381
tc_soma: 100
td_E_kappa: 0.10703120651167129
td_E_topo: 0.48616015547219393
td_I_kappa: 0.2084467256787389
td_I_topo: 1.8579550080313125
td_weight: 0.08721234785767684
