EE_kappa: 0.13754828669370311
EE_topo: 1.0776577253407036
EE_topo_mod: 8.96255171067916e-13
EI_kappa: 0.24324329031355546
EI_topo: 1.4545731619692854
EI_topo_mod: 2.6982793526130643e-14
E_bias_mean: 0.0
E_bias_std: 1.0e-12
IE_kappa: 0.15811556483123684
IE_topo: 1.601518035185461
IE_topo_mod: 6.812574325372199e-13
II_kappa: 0.24624057606044525
II_topo: 1.6953911168646527
II_topo_mod: 5.451556208900839e-13
I_bias_mean: 0.0
I_bias_std: 1.0e-12
alpha_EE: 0.06824106097394274
alpha_EI: 0.28837520634565345
alpha_II: 0.1376227121462449
dt: 20
filename: results_eff4a028-ceb6-406b-9b84-3cdb45373083.pkl
init_exc: 0.2
init_inh: 0.4
init_mod: 0.1
inp_E_kappa: 0.2018392885846903
inp_E_topo: 1.9804985994730093
inp_I_kappa: 0.1419732370345377
inp_I_topo: 0.11609876242029493
input_weight: 0.16395085433769524
max_h_for_output: 5.0
mod_EE_weight: 0.7368601694184798
mod_EI_weight: 1.2156244621535945
mod_IE_weight: 0.7553479182468337
mod_II_weight: 0.458197370730816
n_actions: 3
n_bottom_up: 67
n_cue_tuned: 2
n_exc: 2000
n_fix_tuned: 1
n_hidden: 2500
n_inh: 500
n_motion_tuned: 64
n_reward_levels: 3
n_top_down: 10
n_top_down_hidden: 64
noise_input_sd: 0.0
noise_rnn_sd: 0.05
nonlinear_top_down: false
restrict_output_to_exc: false
rnn_weight: 0.14831780750302054
tc_modulator: 57.59756126113417
tc_soma: 100
td_E_kappa: 0.22421421548970727
td_E_topo: 0.31766498748594807
td_I_kappa: 0.10263432971294605
td_I_topo: 0.3573994571109851
td_weight: 0.08721234785767684
