EE_kappa: 0.06285265946802368
EE_topo: 0.11508732152835877
EE_topo_mod: 2.484843520040102e-13
EI_kappa: 0.0854519234937349
EI_topo: 1.888595279412853
EI_topo_mod: 3.519636225589938e-13
E_bias_mean: 0.0
E_bias_std: 1.0e-12
IE_kappa: 0.20567570304962657
IE_topo: 0.07521224107900704
IE_topo_mod: 8.572714794525942e-13
II_kappa: 0.17611328261435377
II_topo: 1.9470682193916604
II_topo_mod: 8.876200786056454e-14
I_bias_mean: 0.0
I_bias_std: 1.0e-12
alpha_EE: 0.05464824196405902
alpha_EI: 0.10213505299872165
alpha_II: 0.04490376881642233
dt: 20
filename: results_7756a09a-475b-4071-af3e-6c930fa29814.pkl
init_exc: 0.2
init_inh: 0.4
init_mod: 0.1
inp_E_kappa: 0.23464668693087448
inp_E_topo: 0.915803263716827
inp_I_kappa: 0.13004472347018614
inp_I_topo: 1.4308991729932126
input_weight: 0.19073008388869184
max_h_for_output: 5.0
mod_EE_weight: 0.04572764761522141
mod_EI_weight: 0.42609168290232047
mod_IE_weight: 0.40461316812987
mod_II_weight: 0.6736849213382846
n_actions: 3
n_bottom_up: 67
n_cue_tuned: 2
n_exc: 2000
n_fix_tuned: 1
n_hidden: 2500
n_inh: 500
n_motion_tuned: 64
n_reward_levels: 3
n_top_down: 10
n_top_down_hidden: 64
noise_input_sd: 0.0
noise_rnn_sd: 0.05
nonlinear_top_down: false
restrict_output_to_exc: false
rnn_weight: 0.18552471201640436
tc_modulator: 23.897577978637123
tc_soma: 100
td_E_kappa: 0.06420567656104925
td_E_topo: 0.5446375847357801
td_I_kappa: 0.05690889029004578
td_I_topo: 0.48171712908768005
td_weight: 0.08721234785767684
