EE_kappa: 0.10406458005512174
EE_topo: 0.20791340453243712
EE_topo_mod: 5.813870275719913e-13
EI_kappa: 0.13379312081643316
EI_topo: 0.2344547053351831
EI_topo_mod: 8.920464726365983e-13
E_bias_mean: 0.0
E_bias_std: 1.0e-12
IE_kappa: 0.22491175616695097
IE_topo: 0.8228226104103673
IE_topo_mod: 6.90726576442714e-13
II_kappa: 0.23109692185071734
II_topo: 1.266673954169837
II_topo_mod: 5.893907395200359e-13
I_bias_mean: 0.0
I_bias_std: 1.0e-12
alpha_EE: 0.12759070533019715
alpha_EI: 0.11302107371807608
alpha_II: 0.09656425800534287
dt: 20
filename: results_ee3e9c41-934d-4589-8b3c-82a13a5cf64d.pkl
init_exc: 0.2
init_inh: 0.4
init_mod: 0.1
inp_E_kappa: 0.11507478494807584
inp_E_topo: 1.848768624067333
inp_I_kappa: 0.20633228173557894
inp_I_topo: 0.2412386504787778
input_weight: 0.06082461008231464
max_h_for_output: 5.0
mod_EE_weight: 0.8102769585098419
mod_EI_weight: 1.075827011562604
mod_IE_weight: 0.028221735369764023
mod_II_weight: 1.8879052668893577
n_actions: 3
n_bottom_up: 67
n_cue_tuned: 2
n_exc: 2000
n_fix_tuned: 1
n_hidden: 2500
n_inh: 500
n_motion_tuned: 64
n_reward_levels: 3
n_top_down: 10
n_top_down_hidden: 64
noise_input_sd: 0.0
noise_rnn_sd: 0.05
nonlinear_top_down: false
restrict_output_to_exc: false
rnn_weight: 0.13977073458423686
tc_modulator: 34.34903390101326
tc_soma: 100
td_E_kappa: 0.23692864954231307
td_E_topo: 1.0105453398945523
td_I_kappa: 0.09101646820921981
td_I_topo: 0.16287080340038562
td_weight: 0.08721234785767684
