EE_kappa: 0.06878669115123573
EE_topo: 1.0609501358294946
EE_topo_mod: 6.527683135341522e-14
EI_kappa: 0.09320544513880152
EI_topo: 1.876650374531918
EI_topo_mod: 2.7200693558345844e-13
E_bias_mean: 0.0
E_bias_std: 1.0e-12
IE_kappa: 0.23652924457837582
IE_topo: 1.3747596153954964
IE_topo_mod: 4.833264190816311e-14
II_kappa: 0.20518545158423618
II_topo: 1.321458741924781
II_topo_mod: 8.645728669147845e-14
I_bias_mean: 0.0
I_bias_std: 1.0e-12
alpha_EE: 0.1682127335028551
alpha_EI: 0.2062150032686044
alpha_II: 0.21302976451033134
dt: 20
filename: results_e23fab91-cf7c-422e-99ed-d55758066324.pkl
init_exc: 0.2
init_inh: 0.4
init_mod: 0.1
inp_E_kappa: 0.057277458611823075
inp_E_topo: 1.8353632401386377
inp_I_kappa: 0.1968778992489612
inp_I_topo: 1.4062966711768263
input_weight: 0.1037391582185341
max_h_for_output: 5.0
mod_EE_weight: 0.700229238883999
mod_EI_weight: 0.8367709047177236
mod_IE_weight: 0.015857627330692292
mod_II_weight: 1.2812639477104295
n_actions: 3
n_bottom_up: 67
n_cue_tuned: 2
n_exc: 2000
n_fix_tuned: 1
n_hidden: 2500
n_inh: 500
n_motion_tuned: 64
n_reward_levels: 3
n_top_down: 10
n_top_down_hidden: 64
noise_input_sd: 0.0
noise_rnn_sd: 0.05
nonlinear_top_down: false
restrict_output_to_exc: false
rnn_weight: 0.17486941501736886
tc_modulator: 87.40074997644882
tc_soma: 100
td_E_kappa: 0.1277138905499383
td_E_topo: 0.683559412156731
td_I_kappa: 0.07212265007441188
td_I_topo: 0.19930869285141894
td_weight: 0.08721234785767684
