EE_kappa: 0.113451479721362
EE_topo: 0.2586826952958372
EE_topo_mod: 3.002534878271268e-14
EI_kappa: 0.2209961125800537
EI_topo: 0.7150095249650441
EI_topo_mod: 3.3675830656544183e-13
E_bias_mean: 0.0
E_bias_std: 1.0e-12
IE_kappa: 0.19945179665063922
IE_topo: 1.404136744026273
IE_topo_mod: 9.519087504115922e-13
II_kappa: 0.22967924016790764
II_topo: 1.101575890702205
II_topo_mod: 5.618059612402439e-13
I_bias_mean: 0.0
I_bias_std: 1.0e-12
alpha_EE: 0.021754125654115875
alpha_EI: 0.0736536307418729
alpha_II: 0.10468282459173103
dt: 20
filename: results_93f69836-43be-4bf8-a0ca-c1f347076e83.pkl
init_exc: 0.2
init_inh: 0.4
init_mod: 0.1
inp_E_kappa: 0.09696116583969785
inp_E_topo: 1.167725639633985
inp_I_kappa: 0.19156043356103608
inp_I_topo: 0.5057149650662234
input_weight: 0.15693516072184788
max_h_for_output: 5.0
mod_EE_weight: 0.8139191700348282
mod_EI_weight: 0.589292984946251
mod_IE_weight: 0.45260021026491537
mod_II_weight: 0.9831242333129038
n_actions: 3
n_bottom_up: 67
n_cue_tuned: 2
n_exc: 2000
n_fix_tuned: 1
n_hidden: 2500
n_inh: 500
n_motion_tuned: 64
n_reward_levels: 3
n_top_down: 10
n_top_down_hidden: 64
noise_input_sd: 0.0
noise_rnn_sd: 0.05
nonlinear_top_down: false
restrict_output_to_exc: false
rnn_weight: 0.13498645894554456
tc_modulator: 94.56523754780355
tc_soma: 100
td_E_kappa: 0.1506723693002694
td_E_topo: 0.24086376798978337
td_I_kappa: 0.18329184340609206
td_I_topo: 0.5713836316316787
td_weight: 0.08721234785767684
