EE_kappa: 0.05538215140038558
EE_topo: 1.6822509934069343
EE_topo_mod: 8.345127335064041e-13
EI_kappa: 0.12511513556024356
EI_topo: 0.05301665833177083
EI_topo_mod: 5.945852690586929e-13
E_bias_mean: 0.0
E_bias_std: 1.0e-12
IE_kappa: 0.233466481835728
IE_topo: 1.292959692667619
IE_topo_mod: 4.046267301250943e-13
II_kappa: 0.13837848114420476
II_topo: 1.89017475330052
II_topo_mod: 3.9629722957543066e-13
I_bias_mean: 0.0
I_bias_std: 1.0e-12
alpha_EE: 0.20635919743157208
alpha_EI: 0.0974992496311837
alpha_II: 0.06153538791878644
dt: 20
filename: results_6d02f378-a910-4e0a-9540-a65bfa30dca5.pkl
init_exc: 0.2
init_inh: 0.4
init_mod: 0.1
inp_E_kappa: 0.23425689722255594
inp_E_topo: 0.6175560307420056
inp_I_kappa: 0.06805113474024732
inp_I_topo: 0.5579580171333232
input_weight: 0.1491310770948063
max_h_for_output: 5.0
mod_EE_weight: 0.3440891817057531
mod_EI_weight: 0.1380686051603498
mod_IE_weight: 0.531371782215406
mod_II_weight: 0.65382572204158
n_actions: 3
n_bottom_up: 67
n_cue_tuned: 2
n_exc: 2000
n_fix_tuned: 1
n_hidden: 2500
n_inh: 500
n_motion_tuned: 64
n_reward_levels: 3
n_top_down: 10
n_top_down_hidden: 64
noise_input_sd: 0.0
noise_rnn_sd: 0.05
nonlinear_top_down: false
restrict_output_to_exc: false
rnn_weight: 0.1452313012229538
tc_modulator: 88.67349704301381
tc_soma: 100
td_E_kappa: 0.19443708775275803
td_E_topo: 0.9333403962012381
td_I_kappa: 0.22388864416456938
td_I_topo: 1.3114879543213342
td_weight: 0.08721234785767684
