EE_kappa: 0.07205214984384384
EE_topo: 0.022258845699277163
EE_topo_mod: 8.938340237114316e-13
EI_kappa: 0.0925659360905674
EI_topo: 0.3010767163510608
EI_topo_mod: 4.996623122130736e-13
E_bias_mean: 0.0
E_bias_std: 1.0e-12
IE_kappa: 0.24505499192021724
IE_topo: 1.8881362200790552
IE_topo_mod: 3.370543018637454e-13
II_kappa: 0.2178837111145654
II_topo: 1.5909192986605423
II_topo_mod: 1.772321908133553e-13
I_bias_mean: 0.0
I_bias_std: 1.0e-12
alpha_EE: 0.13686173794238338
alpha_EI: 0.08811761704534325
alpha_II: 0.00018841248634994255
dt: 20
filename: results_fafbb899-5d71-489c-ac45-c118244e7159.pkl
init_exc: 0.2
init_inh: 0.4
init_mod: 0.1
inp_E_kappa: 0.21949469547388484
inp_E_topo: 0.7786140359216533
inp_I_kappa: 0.09350915207262692
inp_I_topo: 0.18254306955143007
input_weight: 0.09851412732468842
max_h_for_output: 5.0
mod_EE_weight: 0.8244671764971516
mod_EI_weight: 1.7636256237672074
mod_IE_weight: 0.9175831365461344
mod_II_weight: 0.3164209889296652
n_actions: 3
n_bottom_up: 67
n_cue_tuned: 2
n_exc: 2000
n_fix_tuned: 1
n_hidden: 2500
n_inh: 500
n_motion_tuned: 64
n_reward_levels: 3
n_top_down: 10
n_top_down_hidden: 64
noise_input_sd: 0.0
noise_rnn_sd: 0.05
nonlinear_top_down: false
restrict_output_to_exc: false
rnn_weight: 0.1342351405128312
tc_modulator: 39.21353059249034
tc_soma: 100
td_E_kappa: 0.06518238391640258
td_E_topo: 1.1769765657436768
td_I_kappa: 0.12577629119977998
td_I_topo: 0.4522136656538742
td_weight: 0.08721234785767684
