EE_kappa: 0.1220107988761336
EE_topo: 0.44188061049732097
EE_topo_mod: 8.063974534698387e-13
EI_kappa: 0.11689712254065537
EI_topo: 1.4482254218854105
EI_topo_mod: 1.2238250315082754e-13
E_bias_mean: 0.0
E_bias_std: 1.0e-12
IE_kappa: 0.2141728931297921
IE_topo: 1.0966463219040445
IE_topo_mod: 1.875004929130709e-13
II_kappa: 0.12418104963327606
II_topo: 0.7859688532716727
II_topo_mod: 1.6143132864134602e-14
I_bias_mean: 0.0
I_bias_std: 1.0e-12
alpha_EE: 0.10906367065400963
alpha_EI: 0.049272375278618295
alpha_II: 0.025844069627765132
dt: 20
filename: results_7d7f46c0-e8d5-4ccd-9351-6178e978fae3.pkl
init_exc: 0.2
init_inh: 0.4
init_mod: 0.1
inp_E_kappa: 0.08781490948342313
inp_E_topo: 0.9022425310291899
inp_I_kappa: 0.11094150656526468
inp_I_topo: 0.1672148894037766
input_weight: 0.13210675760431684
max_h_for_output: 5.0
mod_EE_weight: 1.9170210686311464
mod_EI_weight: 1.246233850996299
mod_IE_weight: 0.26681536834706265
mod_II_weight: 0.6529489567899178
n_actions: 3
n_bottom_up: 67
n_cue_tuned: 2
n_exc: 2000
n_fix_tuned: 1
n_hidden: 2500
n_inh: 500
n_motion_tuned: 64
n_reward_levels: 3
n_top_down: 10
n_top_down_hidden: 64
noise_input_sd: 0.0
noise_rnn_sd: 0.05
nonlinear_top_down: false
restrict_output_to_exc: false
rnn_weight: 0.1494104125537151
tc_modulator: 28.751687269937012
tc_soma: 100
td_E_kappa: 0.09108227626929964
td_E_topo: 0.4264961315514406
td_I_kappa: 0.07302821776058795
td_I_topo: 0.4972732320523041
td_weight: 0.08721234785767684
