EE_kappa: 0.05905716274508743
EE_topo: 1.6835159761310958
EE_topo_mod: 3.122797727863452e-13
EI_kappa: 0.14144862065302705
EI_topo: 0.10933828613060026
EI_topo_mod: 6.812142409018062e-13
E_bias_mean: 0.0
E_bias_std: 1.0e-12
IE_kappa: 0.09091712204729857
IE_topo: 0.8810663121489029
IE_topo_mod: 2.5518419540984895e-13
II_kappa: 0.11547881218814596
II_topo: 1.4934614778067394
II_topo_mod: 2.785937417310512e-13
I_bias_mean: 0.0
I_bias_std: 1.0e-12
alpha_EE: 0.21766091350202812
alpha_EI: 0.07813837942687472
alpha_II: 0.23282782951823208
dt: 20
filename: results_84c1c75b-ae24-44e8-ac08-50e10909ae25.pkl
init_exc: 0.2
init_inh: 0.4
init_mod: 0.1
inp_E_kappa: 0.21435954126318457
inp_E_topo: 0.6509390899798662
inp_I_kappa: 0.19019647017858976
inp_I_topo: 1.7049741526150741
input_weight: 0.15802353721235457
max_h_for_output: 5.0
mod_EE_weight: 0.26946975156319786
mod_EI_weight: 0.8802192054915022
mod_IE_weight: 0.37887571366979145
mod_II_weight: 0.5089390151588378
n_actions: 3
n_bottom_up: 67
n_cue_tuned: 2
n_exc: 2000
n_fix_tuned: 1
n_hidden: 2500
n_inh: 500
n_motion_tuned: 64
n_reward_levels: 3
n_top_down: 10
n_top_down_hidden: 64
noise_input_sd: 0.0
noise_rnn_sd: 0.05
nonlinear_top_down: false
restrict_output_to_exc: false
rnn_weight: 0.06438094191616273
tc_modulator: 90.99579775316923
tc_soma: 100
td_E_kappa: 0.1501648999495036
td_E_topo: 1.4714281411027894
td_I_kappa: 0.17936542109338754
td_I_topo: 1.6149415814645074
td_weight: 0.08721234785767684
