EE_kappa: 0.076212730235274
EE_topo: 0.19954168007405415
EE_topo_mod: 6.860280353551792e-13
EI_kappa: 0.17255737082847958
EI_topo: 0.0612571467208729
EI_topo_mod: 6.530607607000506e-13
E_bias_mean: 0.0
E_bias_std: 1.0e-12
IE_kappa: 0.18003274182684953
IE_topo: 0.44407922965753266
IE_topo_mod: 6.719836026063586e-14
II_kappa: 0.1738913421425417
II_topo: 0.9169712656496094
II_topo_mod: 1.533514224839704e-13
I_bias_mean: 0.0
I_bias_std: 1.0e-12
alpha_EE: 0.10944216171965211
alpha_EI: 0.010683115018048727
alpha_II: 0.024538628291013432
dt: 20
filename: results_1639ae2b-5f02-4152-b927-86db9d05c54a.pkl
init_exc: 0.2
init_inh: 0.4
init_mod: 0.1
inp_E_kappa: 0.18967797718425533
inp_E_topo: 0.7145585992936263
inp_I_kappa: 0.16381990613744934
inp_I_topo: 1.9934275560994748
input_weight: 0.1964748867581772
max_h_for_output: 5.0
mod_EE_weight: 1.059295717437352
mod_EI_weight: 0.49763662757856575
mod_IE_weight: 0.5339693957333993
mod_II_weight: 1.2337409287142167
n_actions: 3
n_bottom_up: 67
n_cue_tuned: 2
n_exc: 2000
n_fix_tuned: 1
n_hidden: 2500
n_inh: 500
n_motion_tuned: 64
n_reward_levels: 3
n_top_down: 10
n_top_down_hidden: 64
noise_input_sd: 0.0
noise_rnn_sd: 0.05
nonlinear_top_down: false
restrict_output_to_exc: false
rnn_weight: 0.1854824676277667
tc_modulator: 59.309653628645115
tc_soma: 100
td_E_kappa: 0.0719634312879304
td_E_topo: 1.7028390391939423
td_I_kappa: 0.12133725503931517
td_I_topo: 0.11628871322412304
td_weight: 0.08721234785767684
