EE_kappa: 0.088522122313335
EE_topo: 1.1611857941255541
EE_topo_mod: 8.523591358547361e-13
EI_kappa: 0.23274534044851075
EI_topo: 1.7840342046811184
EI_topo_mod: 8.632646561172068e-13
E_bias_mean: 0.0
E_bias_std: 1.0e-12
IE_kappa: 0.08680709695918642
IE_topo: 0.7307504049823024
IE_topo_mod: 5.106063323263926e-13
II_kappa: 0.19464787290830832
II_topo: 1.3074785418474446
II_topo_mod: 4.5395372302516645e-13
I_bias_mean: 0.0
I_bias_std: 1.0e-12
alpha_EE: 0.11578732551424148
alpha_EI: 0.10420102021580945
alpha_II: 0.13248422872003443
dt: 20
filename: results_fb70e49a-87d5-4ae3-9e3f-e6cb7656dd26.pkl
init_exc: 0.2
init_inh: 0.4
init_mod: 0.1
inp_E_kappa: 0.12037303433659768
inp_E_topo: 1.9607727446328005
inp_I_kappa: 0.12349956683429153
inp_I_topo: 1.8552354819850412
input_weight: 0.10216823499062895
max_h_for_output: 5.0
mod_EE_weight: 1.7784668676652395
mod_EI_weight: 0.5056452886872491
mod_IE_weight: 1.8304304975012233
mod_II_weight: 0.8106573017631031
n_actions: 3
n_bottom_up: 67
n_cue_tuned: 2
n_exc: 2000
n_fix_tuned: 1
n_hidden: 2500
n_inh: 500
n_motion_tuned: 64
n_reward_levels: 3
n_top_down: 10
n_top_down_hidden: 64
noise_input_sd: 0.0
noise_rnn_sd: 0.05
nonlinear_top_down: false
restrict_output_to_exc: false
rnn_weight: 0.15796085925542708
tc_modulator: 70.60922320426407
tc_soma: 100
td_E_kappa: 0.12120170556614229
td_E_topo: 0.7479892883857335
td_I_kappa: 0.13243045381789534
td_I_topo: 0.0727100238051539
td_weight: 0.08721234785767684
