EE_kappa: 0.05381449160923353
EE_topo: 1.7328440423250573
EE_topo_mod: 5.920576238009869e-13
EI_kappa: 0.09396922333624153
EI_topo: 0.4871947936299732
EI_topo_mod: 4.3107206200471216e-13
E_bias_mean: 0.0
E_bias_std: 1.0e-12
IE_kappa: 0.20029765537235328
IE_topo: 1.0243718502125108
IE_topo_mod: 4.799089507052468e-13
II_kappa: 0.1642415817272204
II_topo: 0.9312017211744341
II_topo_mod: 9.844071009697669e-13
I_bias_mean: 0.0
I_bias_std: 1.0e-12
alpha_EE: 0.10179317865747388
alpha_EI: 0.05632505019682605
alpha_II: 0.16945834285372186
dt: 20
filename: results_ea1bdf92-0b40-4cf8-99b2-cb644d24b4d5.pkl
init_exc: 0.2
init_inh: 0.4
init_mod: 0.1
inp_E_kappa: 0.17417820691723165
inp_E_topo: 0.5232034913297261
inp_I_kappa: 0.13900539807353965
inp_I_topo: 0.3836580845588018
input_weight: 0.19160734184984674
max_h_for_output: 5.0
mod_EE_weight: 0.8164160872301534
mod_EI_weight: 1.1602324024473385
mod_IE_weight: 1.7098713101632206
mod_II_weight: 1.326460721909854
n_actions: 3
n_bottom_up: 67
n_cue_tuned: 2
n_exc: 2000
n_fix_tuned: 1
n_hidden: 2500
n_inh: 500
n_motion_tuned: 64
n_reward_levels: 3
n_top_down: 10
n_top_down_hidden: 64
noise_input_sd: 0.0
noise_rnn_sd: 0.05
nonlinear_top_down: false
restrict_output_to_exc: false
rnn_weight: 0.17755100880109825
tc_modulator: 92.11327875141885
tc_soma: 100
td_E_kappa: 0.2444394745698335
td_E_topo: 0.05036121598064258
td_I_kappa: 0.1192151389387052
td_I_topo: 0.7535550905482837
td_weight: 0.08721234785767684
