EE_kappa: 0.056201484381646766
EE_topo: 0.7714229555722496
EE_topo_mod: 2.429730567211602e-13
EI_kappa: 0.20488763630164092
EI_topo: 0.36614081263125464
EI_topo_mod: 7.482515785026184e-13
E_bias_mean: 0.0
E_bias_std: 1.0e-12
IE_kappa: 0.07265932750124933
IE_topo: 0.08031187462366884
IE_topo_mod: 2.6657516952112756e-13
II_kappa: 0.23024425070658738
II_topo: 1.0805586231052002
II_topo_mod: 7.49910292813892e-13
I_bias_mean: 0.0
I_bias_std: 1.0e-12
alpha_EE: 0.16223131427243523
alpha_EI: 0.0962041655306166
alpha_II: 0.1438643854445511
dt: 20
filename: results_9cd60739-3be8-498c-af08-5a08f4f62c31.pkl
init_exc: 0.2
init_inh: 0.4
init_mod: 0.1
inp_E_kappa: 0.14921874906868915
inp_E_topo: 0.16097689162553275
inp_I_kappa: 0.09380386158690644
inp_I_topo: 1.0066935746521046
input_weight: 0.17266137160926615
max_h_for_output: 5.0
mod_EE_weight: 0.49844094591294885
mod_EI_weight: 0.4984921813221457
mod_IE_weight: 0.3740708144349765
mod_II_weight: 0.20634594198149814
n_actions: 3
n_bottom_up: 67
n_cue_tuned: 2
n_exc: 2000
n_fix_tuned: 1
n_hidden: 2500
n_inh: 500
n_motion_tuned: 64
n_reward_levels: 3
n_top_down: 10
n_top_down_hidden: 64
noise_input_sd: 0.0
noise_rnn_sd: 0.05
nonlinear_top_down: false
restrict_output_to_exc: false
rnn_weight: 0.16065734269343013
tc_modulator: 21.336958158539527
tc_soma: 100
td_E_kappa: 0.20149645296363
td_E_topo: 0.04907640823435644
td_I_kappa: 0.1179147763285517
td_I_topo: 0.950234990783758
td_weight: 0.08721234785767684
