EE_kappa: 0.07327014451296679
EE_topo: 0.8618402757355397
EE_topo_mod: 4.234790005915756e-14
EI_kappa: 0.1305380540070728
EI_topo: 1.7062030245560187
EI_topo_mod: 6.955403372927362e-13
E_bias_mean: 0.0
E_bias_std: 1.0e-12
IE_kappa: 0.23746367726471312
IE_topo: 1.5630676017648253
IE_topo_mod: 4.115242942356976e-13
II_kappa: 0.16763493614859132
II_topo: 1.9633675404716597
II_topo_mod: 4.181426207026121e-13
I_bias_mean: 0.0
I_bias_std: 1.0e-12
alpha_EE: 0.09789600727424119
alpha_EI: 0.05464428305761365
alpha_II: 0.07311896258526858
dt: 20
filename: results_61eaf1b2-ba66-4ac5-98f4-6ae02dc3e9ad.pkl
init_exc: 0.2
init_inh: 0.4
init_mod: 0.1
inp_E_kappa: 0.11940271079616288
inp_E_topo: 1.3461081409633737
inp_I_kappa: 0.13778281042822255
inp_I_topo: 0.7362527018788798
input_weight: 0.17133392371294393
max_h_for_output: 5.0
mod_EE_weight: 0.22070865341235613
mod_EI_weight: 0.3300958087401803
mod_IE_weight: 0.28617783243041406
mod_II_weight: 0.7283715378037822
n_actions: 3
n_bottom_up: 67
n_cue_tuned: 2
n_exc: 2000
n_fix_tuned: 1
n_hidden: 2500
n_inh: 500
n_motion_tuned: 64
n_reward_levels: 3
n_top_down: 10
n_top_down_hidden: 64
noise_input_sd: 0.0
noise_rnn_sd: 0.05
nonlinear_top_down: false
restrict_output_to_exc: false
rnn_weight: 0.1721459568154422
tc_modulator: 80.45757652476222
tc_soma: 100
td_E_kappa: 0.08476538891034574
td_E_topo: 0.7275894018588018
td_I_kappa: 0.24128928132784927
td_I_topo: 1.329537845939748
td_weight: 0.08721234785767684
