EE_kappa: 0.05683451495379526
EE_topo: 1.3879022672283556
EE_topo_mod: 4.4094507432266483e-13
EI_kappa: 0.11200174946598117
EI_topo: 1.8971368519228904
EI_topo_mod: 4.1960412458462705e-13
E_bias_mean: 0.0
E_bias_std: 1.0e-12
IE_kappa: 0.16325246666206822
IE_topo: 0.868590229940073
IE_topo_mod: 7.586302058178676e-13
II_kappa: 0.15756104127080117
II_topo: 0.6840614853596059
II_topo_mod: 3.056615074034398e-13
I_bias_mean: 0.0
I_bias_std: 1.0e-12
alpha_EE: 0.14742767970962362
alpha_EI: 0.15344196512832464
alpha_II: 0.27925195558624694
dt: 20
filename: results_4a0e33b8-3252-4a1a-bffe-b13d93a64546.pkl
init_exc: 0.2
init_inh: 0.4
init_mod: 0.1
inp_E_kappa: 0.21991209934449185
inp_E_topo: 1.4213613358793518
inp_I_kappa: 0.07931626979247769
inp_I_topo: 0.8734984635343661
input_weight: 0.060708839564386524
max_h_for_output: 5.0
mod_EE_weight: 1.1391244177118078
mod_EI_weight: 0.5443794939725319
mod_IE_weight: 1.5342182227752856
mod_II_weight: 1.5330694465484511
n_actions: 3
n_bottom_up: 67
n_cue_tuned: 2
n_exc: 2000
n_fix_tuned: 1
n_hidden: 2500
n_inh: 500
n_motion_tuned: 64
n_reward_levels: 3
n_top_down: 10
n_top_down_hidden: 64
noise_input_sd: 0.0
noise_rnn_sd: 0.05
nonlinear_top_down: false
restrict_output_to_exc: false
rnn_weight: 0.17220001714729705
tc_modulator: 22.736663979337777
tc_soma: 100
td_E_kappa: 0.1862245100857135
td_E_topo: 0.8034478797490399
td_I_kappa: 0.055273695530809436
td_I_topo: 1.7424330285328613
td_weight: 0.08721234785767684
