EE_kappa: 0.0741048313775272
EE_topo: 0.5977587778060001
EE_topo_mod: 2.1226841663640239e-13
EI_kappa: 0.16482128884993222
EI_topo: 1.3095439935048583
EI_topo_mod: 8.950336133998799e-13
E_bias_mean: 0.0
E_bias_std: 1.0e-12
IE_kappa: 0.19320861752300394
IE_topo: 0.9464754862618283
IE_topo_mod: 1.6897724216188557e-13
II_kappa: 0.20635880820147473
II_topo: 0.038696065537957125
II_topo_mod: 6.217961198042086e-13
I_bias_mean: 0.0
I_bias_std: 1.0e-12
alpha_EE: 0.2779706082746296
alpha_EI: 0.04556082774267108
alpha_II: 0.02033203244299243
dt: 20
filename: results_70c7f5e4-5874-43da-9cf5-d5483a8aad4e.pkl
init_exc: 0.2
init_inh: 0.4
init_mod: 0.1
inp_E_kappa: 0.236264741317685
inp_E_topo: 0.5960839086748422
inp_I_kappa: 0.1888313982597496
inp_I_topo: 0.21650780681383663
input_weight: 0.13189823607305673
max_h_for_output: 5.0
mod_EE_weight: 0.6560247190804147
mod_EI_weight: 1.521833535472238
mod_IE_weight: 1.734991659052093
mod_II_weight: 0.363702720136321
n_actions: 3
n_bottom_up: 67
n_cue_tuned: 2
n_exc: 2000
n_fix_tuned: 1
n_hidden: 2500
n_inh: 500
n_motion_tuned: 64
n_reward_levels: 3
n_top_down: 10
n_top_down_hidden: 64
noise_input_sd: 0.0
noise_rnn_sd: 0.05
nonlinear_top_down: false
restrict_output_to_exc: false
rnn_weight: 0.14133355363218555
tc_modulator: 68.25067205188209
tc_soma: 100
td_E_kappa: 0.1637626362865262
td_E_topo: 0.014970001794325949
td_I_kappa: 0.1284648940202361
td_I_topo: 1.5718238622395042
td_weight: 0.08721234785767684
