EE_kappa: 0.08404951969890986
EE_topo: 0.8851418166494012
EE_topo_mod: 7.894837534446099e-13
EI_kappa: 0.23248983752043045
EI_topo: 0.3790931339457697
EI_topo_mod: 6.174526863460386e-13
E_bias_mean: 0.0
E_bias_std: 1.0e-12
IE_kappa: 0.08492767245515605
IE_topo: 1.1684294296911664
IE_topo_mod: 2.736537198529044e-13
II_kappa: 0.20731455861198816
II_topo: 0.07865860932545066
II_topo_mod: 4.220296667700606e-13
I_bias_mean: 0.0
I_bias_std: 1.0e-12
alpha_EE: 0.29621601083043725
alpha_EI: 0.25478676579763915
alpha_II: 0.013265759963415035
dt: 20
filename: results_targeted_0c70732d-50be-4e63-b783-b43f826d408f.pkl
init_exc: 0.2
init_inh: 0.4
init_mod: 0.1
inp_E_kappa: 0.21261719436028015
inp_E_topo: 1.033074151459371
inp_I_kappa: 0.12546557072423487
inp_I_topo: 0.8790570642047832
input_weight: 0.16153423978210257
max_h_for_output: 5.0
mod_EE_weight: 0.019664253016580036
mod_EI_weight: 0.9093804705946579
mod_IE_weight: 0.4930702434979364
mod_II_weight: 0.8391408681020562
n_actions: 3
n_bottom_up: 67
n_cue_tuned: 2
n_exc: 2000
n_fix_tuned: 1
n_hidden: 2500
n_inh: 500
n_motion_tuned: 64
n_reward_levels: 3
n_top_down: 10
n_top_down_hidden: 64
noise_input_sd: 0.0
noise_rnn_sd: 0.05
nonlinear_top_down: false
restrict_output_to_exc: false
rnn_weight: 0.13207241636260314
tc_modulator: 87.85297875912563
tc_soma: 100
td_E_kappa: 0.10423610566429085
td_E_topo: 0.3426292000170488
td_I_kappa: 0.24552968481313664
td_I_topo: 1.1369791981907895
td_weight: 0.08721234785767684
