EE_kappa: 0.07189200416058779
EE_topo: 1.59064486275401
EE_topo_mod: 7.213601655173621e-13
EI_kappa: 0.14565957957717007
EI_topo: 1.5508685792649015
EI_topo_mod: 1.521641087317338e-13
E_bias_mean: 0.0
E_bias_std: 1.0e-12
IE_kappa: 0.1574289544115442
IE_topo: 0.44326685669393817
IE_topo_mod: 6.977954734722352e-13
II_kappa: 0.11671177068887906
II_topo: 0.49390764100682727
II_topo_mod: 1.0150974525655131e-13
I_bias_mean: 0.0
I_bias_std: 1.0e-12
alpha_EE: 0.02057741177773039
alpha_EI: 0.11025683791422942
alpha_II: 0.2852159350103666
dt: 20
filename: results_3f4d744f-cdfd-4bd0-b7fe-53a5e8a32bbe.pkl
init_exc: 0.2
init_inh: 0.4
init_mod: 0.1
inp_E_kappa: 0.15992629484961057
inp_E_topo: 0.16516938270014547
inp_I_kappa: 0.17188791860247302
inp_I_topo: 0.4560255522561312
input_weight: 0.1888490950367901
max_h_for_output: 5.0
mod_EE_weight: 1.0628692684805148
mod_EI_weight: 1.2898277320841387
mod_IE_weight: 1.8365920953326653
mod_II_weight: 1.1333544144634855
n_actions: 3
n_bottom_up: 67
n_cue_tuned: 2
n_exc: 2000
n_fix_tuned: 1
n_hidden: 2500
n_inh: 500
n_motion_tuned: 64
n_reward_levels: 3
n_top_down: 10
n_top_down_hidden: 64
noise_input_sd: 0.0
noise_rnn_sd: 0.05
nonlinear_top_down: false
restrict_output_to_exc: false
rnn_weight: 0.19731552800847174
tc_modulator: 96.75739876505388
tc_soma: 100
td_E_kappa: 0.08392276655455819
td_E_topo: 1.1610415950635742
td_I_kappa: 0.06219258683454487
td_I_topo: 0.5684178117644141
td_weight: 0.08721234785767684
