EE_kappa: 0.09829537613350181
EE_topo: 0.9235204354783557
EE_topo_mod: 2.9884592558127043e-13
EI_kappa: 0.10470617790741635
EI_topo: 1.4965376786222757
EI_topo_mod: 5.340045737329886e-13
E_bias_mean: 0.0
E_bias_std: 1.0e-12
IE_kappa: 0.19021688427195854
IE_topo: 1.8119091418665523
IE_topo_mod: 8.056836315527614e-13
II_kappa: 0.1347698071578466
II_topo: 0.2741094577574983
II_topo_mod: 8.385912759619167e-13
I_bias_mean: 0.0
I_bias_std: 1.0e-12
alpha_EE: 0.2250346424188092
alpha_EI: 0.13244925601800758
alpha_II: 0.25989047217882055
dt: 20
filename: results_a6219c66-1075-4368-a214-fed98c3c994b.pkl
init_exc: 0.2
init_inh: 0.4
init_mod: 0.1
inp_E_kappa: 0.06372973971136185
inp_E_topo: 0.7092182514642069
inp_I_kappa: 0.18961399919042177
inp_I_topo: 0.7431916869817803
input_weight: 0.11125566411162913
max_h_for_output: 5.0
mod_EE_weight: 0.3935899351099733
mod_EI_weight: 0.11070486988200179
mod_IE_weight: 0.24166208558304558
mod_II_weight: 0.6790007193310033
n_actions: 3
n_bottom_up: 67
n_cue_tuned: 2
n_exc: 2000
n_fix_tuned: 1
n_hidden: 2500
n_inh: 500
n_motion_tuned: 64
n_reward_levels: 3
n_top_down: 10
n_top_down_hidden: 64
noise_input_sd: 0.0
noise_rnn_sd: 0.05
nonlinear_top_down: false
restrict_output_to_exc: false
rnn_weight: 0.17729524923304285
tc_modulator: 91.72620625502188
tc_soma: 100
td_E_kappa: 0.24122577570484333
td_E_topo: 1.1376617062332826
td_I_kappa: 0.11118985659301345
td_I_topo: 0.47900239255287946
td_weight: 0.08721234785767684
