EE_kappa: 0.06311757784218724
EE_topo: 1.5428255900573902
EE_topo_mod: 9.167029160742678e-13
EI_kappa: 0.11100658806259556
EI_topo: 1.002769006304572
EI_topo_mod: 2.6974558788157787e-13
E_bias_mean: 0.0
E_bias_std: 1.0e-12
IE_kappa: 0.15014842244437068
IE_topo: 1.8985181056095966
IE_topo_mod: 9.462937758695972e-13
II_kappa: 0.19168232182988243
II_topo: 1.9459499421096844
II_topo_mod: 3.5422397148702054e-13
I_bias_mean: 0.0
I_bias_std: 1.0e-12
alpha_EE: 0.21136002451724364
alpha_EI: 0.25451125339461234
alpha_II: 0.13613337692709399
dt: 20
filename: results_f0fab09c-d022-4407-896b-722efa86e7be.pkl
init_exc: 0.2
init_inh: 0.4
init_mod: 0.1
inp_E_kappa: 0.19753947379713233
inp_E_topo: 1.8823489938280424
inp_I_kappa: 0.15763569309505016
inp_I_topo: 1.7669027632218903
input_weight: 0.1344445552462516
max_h_for_output: 5.0
mod_EE_weight: 0.5465190880310848
mod_EI_weight: 1.6859999271195945
mod_IE_weight: 0.27532539741153084
mod_II_weight: 1.1162744648801506
n_actions: 3
n_bottom_up: 67
n_cue_tuned: 2
n_exc: 2000
n_fix_tuned: 1
n_hidden: 2500
n_inh: 500
n_motion_tuned: 64
n_reward_levels: 3
n_top_down: 10
n_top_down_hidden: 64
noise_input_sd: 0.0
noise_rnn_sd: 0.05
nonlinear_top_down: false
restrict_output_to_exc: false
rnn_weight: 0.19551466883755042
tc_modulator: 52.05569471937665
tc_soma: 100
td_E_kappa: 0.22268463441256087
td_E_topo: 1.0888543327103355
td_I_kappa: 0.15216158850535882
td_I_topo: 0.493781853750511
td_weight: 0.08721234785767684
