EE_kappa: 0.0631447778220527
EE_topo: 0.18659252340338184
EE_topo_mod: 5.357262434012107e-13
EI_kappa: 0.18712443005235324
EI_topo: 0.4860630627814022
EI_topo_mod: 5.635189006842688e-13
E_bias_mean: 0.0
E_bias_std: 1.0e-12
IE_kappa: 0.2003189018354396
IE_topo: 1.8655589162861768
IE_topo_mod: 5.651006690098906e-13
II_kappa: 0.1994620688960173
II_topo: 1.7340513318908777
II_topo_mod: 1.070118342562244e-13
I_bias_mean: 0.0
I_bias_std: 1.0e-12
alpha_EE: 0.20267294026343993
alpha_EI: 0.0881828450430438
alpha_II: 0.19598814160920466
dt: 20
filename: results_a65c5309-1784-4331-aaa1-372eb4247f72.pkl
init_exc: 0.2
init_inh: 0.4
init_mod: 0.1
inp_E_kappa: 0.20249126802516537
inp_E_topo: 1.365358750979809
inp_I_kappa: 0.17657693850219985
inp_I_topo: 0.008010720309614694
input_weight: 0.15476901744009458
max_h_for_output: 5.0
mod_EE_weight: 0.6995681393523838
mod_EI_weight: 1.2948722095574976
mod_IE_weight: 0.1998673943730851
mod_II_weight: 1.7111907658420193
n_actions: 3
n_bottom_up: 67
n_cue_tuned: 2
n_exc: 2000
n_fix_tuned: 1
n_hidden: 2500
n_inh: 500
n_motion_tuned: 64
n_reward_levels: 3
n_top_down: 10
n_top_down_hidden: 64
noise_input_sd: 0.0
noise_rnn_sd: 0.05
nonlinear_top_down: false
restrict_output_to_exc: false
rnn_weight: 0.17261806684947545
tc_modulator: 82.24089798950962
tc_soma: 100
td_E_kappa: 0.15549085014914954
td_E_topo: 1.4914114822761768
td_I_kappa: 0.0740932542862878
td_I_topo: 0.522670099783912
td_weight: 0.08721234785767684
