EE_kappa: 0.06188118765729485
EE_topo: 0.8415016292287694
EE_topo_mod: 6.678389531622922e-13
EI_kappa: 0.1210489709576703
EI_topo: 0.08475908581785019
EI_topo_mod: 6.913723959044213e-13
E_bias_mean: 0.0
E_bias_std: 1.0e-12
IE_kappa: 0.2478018401559156
IE_topo: 1.613021025365698
IE_topo_mod: 6.658177801824353e-13
II_kappa: 0.21283871014478256
II_topo: 0.9184656253644228
II_topo_mod: 5.788180526558056e-13
I_bias_mean: 0.0
I_bias_std: 1.0e-12
alpha_EE: 0.1670636384672029
alpha_EI: 0.08442133230030698
alpha_II: 0.21320920120628523
dt: 20
filename: results_5c046792-b19a-462a-a391-83e0c24ac78c.pkl
init_exc: 0.2
init_inh: 0.4
init_mod: 0.1
inp_E_kappa: 0.2333198659799675
inp_E_topo: 1.9172379652984057
inp_I_kappa: 0.175773569899784
inp_I_topo: 1.9551451264675621
input_weight: 0.18586903520616577
max_h_for_output: 5.0
mod_EE_weight: 0.8252987306160909
mod_EI_weight: 0.9428672579008558
mod_IE_weight: 0.3850605922981998
mod_II_weight: 0.08122132971235807
n_actions: 3
n_bottom_up: 67
n_cue_tuned: 2
n_exc: 2000
n_fix_tuned: 1
n_hidden: 2500
n_inh: 500
n_motion_tuned: 64
n_reward_levels: 3
n_top_down: 10
n_top_down_hidden: 64
noise_input_sd: 0.0
noise_rnn_sd: 0.05
nonlinear_top_down: false
restrict_output_to_exc: false
rnn_weight: 0.12207535600565415
tc_modulator: 26.152145553078753
tc_soma: 100
td_E_kappa: 0.19387996877224395
td_E_topo: 1.0861213430980925
td_I_kappa: 0.10518050978253267
td_I_topo: 1.451419354876934
td_weight: 0.08721234785767684
