EE_kappa: 0.06764555469980849
EE_topo: 1.4819612540914173
EE_topo_mod: 3.964151404821281e-13
EI_kappa: 0.10412553141409774
EI_topo: 1.5193245000203366
EI_topo_mod: 5.057620104567103e-13
E_bias_mean: 0.0
E_bias_std: 1.0e-12
IE_kappa: 0.13557785173717143
IE_topo: 1.785662643991936
IE_topo_mod: 9.09970810673368e-13
II_kappa: 0.13928440625238964
II_topo: 0.4899430660526294
II_topo_mod: 4.5474166688020345e-13
I_bias_mean: 0.0
I_bias_std: 1.0e-12
alpha_EE: 0.2771097728080485
alpha_EI: 0.06346968591083432
alpha_II: 0.07377856763910608
dt: 20
filename: results_9e207ec5-421a-4458-9ef6-45eea4de0d86.pkl
init_exc: 0.2
init_inh: 0.4
init_mod: 0.1
inp_E_kappa: 0.23846202382997156
inp_E_topo: 0.9271436568479534
inp_I_kappa: 0.1922883457501791
inp_I_topo: 0.11297258648861774
input_weight: 0.1345757354308208
max_h_for_output: 5.0
mod_EE_weight: 0.023850216596667084
mod_EI_weight: 0.8827357034038688
mod_IE_weight: 0.8671822096396457
mod_II_weight: 0.4326639202182623
n_actions: 3
n_bottom_up: 67
n_cue_tuned: 2
n_exc: 2000
n_fix_tuned: 1
n_hidden: 2500
n_inh: 500
n_motion_tuned: 64
n_reward_levels: 3
n_top_down: 10
n_top_down_hidden: 64
noise_input_sd: 0.0
noise_rnn_sd: 0.05
nonlinear_top_down: false
restrict_output_to_exc: false
rnn_weight: 0.0964265684210058
tc_modulator: 67.38675202307704
tc_soma: 100
td_E_kappa: 0.06481072471918015
td_E_topo: 0.4920426497612258
td_I_kappa: 0.15167231181372737
td_I_topo: 1.7314625792786977
td_weight: 0.08721234785767684
