EE_kappa: 0.0804409311949274
EE_topo: 1.0586531061505497
EE_topo_mod: 1.8176403322840262e-13
EI_kappa: 0.135446958106546
EI_topo: 0.7999740607542312
EI_topo_mod: 8.335954115504514e-13
E_bias_mean: 0.0
E_bias_std: 1.0e-12
IE_kappa: 0.1556368083531458
IE_topo: 1.2854327272031327
IE_topo_mod: 5.641319324384923e-13
II_kappa: 0.12968477071733214
II_topo: 0.33289874662254304
II_topo_mod: 1.6580461031367566e-13
I_bias_mean: 0.0
I_bias_std: 1.0e-12
alpha_EE: 0.07401165753752068
alpha_EI: 0.13522351875647928
alpha_II: 0.23609533589951798
dt: 20
filename: results_dc61b64e-678b-4264-9778-343814a2e749.pkl
init_exc: 0.2
init_inh: 0.4
init_mod: 0.1
inp_E_kappa: 0.0722326306852209
inp_E_topo: 0.40534447311717936
inp_I_kappa: 0.24308051360617933
inp_I_topo: 1.426918905071085
input_weight: 0.0858535293092017
max_h_for_output: 5.0
mod_EE_weight: 0.5950476403982967
mod_EI_weight: 0.9177607227491669
mod_IE_weight: 0.12652323524546227
mod_II_weight: 0.583756691604115
n_actions: 3
n_bottom_up: 67
n_cue_tuned: 2
n_exc: 2000
n_fix_tuned: 1
n_hidden: 2500
n_inh: 500
n_motion_tuned: 64
n_reward_levels: 3
n_top_down: 10
n_top_down_hidden: 64
noise_input_sd: 0.0
noise_rnn_sd: 0.05
nonlinear_top_down: false
restrict_output_to_exc: false
rnn_weight: 0.18262003130157034
tc_modulator: 85.98976449929677
tc_soma: 100
td_E_kappa: 0.19035028889826838
td_E_topo: 1.8009893175216978
td_I_kappa: 0.21295906212054
td_I_topo: 0.6691747102741321
td_weight: 0.08721234785767684
