EE_kappa: 0.05907947158537759
EE_topo: 0.2425256264408986
EE_topo_mod: 4.39609194837773e-13
EI_kappa: 0.10005625728542503
EI_topo: 1.444076933458384
EI_topo_mod: 2.445276211396794e-13
E_bias_mean: 0.0
E_bias_std: 1.0e-12
IE_kappa: 0.22301538046795188
IE_topo: 0.45182317937176464
IE_topo_mod: 6.70160542073158e-13
II_kappa: 0.2159817643458768
II_topo: 1.1402266859182721
II_topo_mod: 2.0671755456428753e-13
I_bias_mean: 0.0
I_bias_std: 1.0e-12
alpha_EE: 0.24898166007239364
alpha_EI: 0.1994285365070872
alpha_II: 0.21092145951526953
dt: 20
filename: results_6156ebe9-a882-4461-b62f-6fa09684a1d4.pkl
init_exc: 0.2
init_inh: 0.4
init_mod: 0.1
inp_E_kappa: 0.114807125786742
inp_E_topo: 1.3825487396633818
inp_I_kappa: 0.20102913578005815
inp_I_topo: 0.737743376235436
input_weight: 0.13321462135521406
max_h_for_output: 5.0
mod_EE_weight: 0.6054795928345011
mod_EI_weight: 0.9869773803431514
mod_IE_weight: 0.6545411103446731
mod_II_weight: 0.874412240675614
n_actions: 3
n_bottom_up: 67
n_cue_tuned: 2
n_exc: 2000
n_fix_tuned: 1
n_hidden: 2500
n_inh: 500
n_motion_tuned: 64
n_reward_levels: 3
n_top_down: 10
n_top_down_hidden: 64
noise_input_sd: 0.0
noise_rnn_sd: 0.05
nonlinear_top_down: false
restrict_output_to_exc: false
rnn_weight: 0.17505860521788824
tc_modulator: 79.56663138819479
tc_soma: 100
td_E_kappa: 0.22692915775040673
td_E_topo: 0.2950214097300363
td_I_kappa: 0.15109172136455434
td_I_topo: 1.410959718123413
td_weight: 0.08721234785767684
