EE_kappa: 0.07489766183079807
EE_topo: 0.1367744538735023
EE_topo_mod: 5.876503884587165e-13
EI_kappa: 0.09246072238903152
EI_topo: 0.07431473046505155
EI_topo_mod: 3.830719311841494e-13
E_bias_mean: 0.0
E_bias_std: 1.0e-12
IE_kappa: 0.18802334155439643
IE_topo: 1.9627469513257174
IE_topo_mod: 4.4591767923634684e-13
II_kappa: 0.21202815231312966
II_topo: 1.807429239047088
II_topo_mod: 9.544441696092481e-13
I_bias_mean: 0.0
I_bias_std: 1.0e-12
alpha_EE: 0.03772705982475011
alpha_EI: 0.2628970986394965
alpha_II: 0.2542984917429426
dt: 20
filename: results_targeted_78a58f1b-5013-4fdd-94d9-348c3b6aef23.pkl
init_exc: 0.2
init_inh: 0.4
init_mod: 0.1
inp_E_kappa: 0.18037934156106455
inp_E_topo: 1.798801479459261
inp_I_kappa: 0.2488082645469904
inp_I_topo: 1.3794867973571785
input_weight: 0.14757496406891701
max_h_for_output: 5.0
mod_EE_weight: 0.6769393969740723
mod_EI_weight: 0.8160525152095733
mod_IE_weight: 0.5445637179160032
mod_II_weight: 0.7312205627509718
n_actions: 3
n_bottom_up: 67
n_cue_tuned: 2
n_exc: 2000
n_fix_tuned: 1
n_hidden: 2500
n_inh: 500
n_motion_tuned: 64
n_reward_levels: 3
n_top_down: 10
n_top_down_hidden: 64
noise_input_sd: 0.0
noise_rnn_sd: 0.05
nonlinear_top_down: false
restrict_output_to_exc: false
rnn_weight: 0.1395204660860007
tc_modulator: 41.38976880575853
tc_soma: 100
td_E_kappa: 0.1249743438502424
td_E_topo: 0.7064322579210522
td_I_kappa: 0.2222123358759509
td_I_topo: 0.4664757622962048
td_weight: 0.08721234785767684
