EE_kappa: 0.0927363714305578
EE_topo: 0.47951007127237566
EE_topo_mod: 8.260109626435417e-13
EI_kappa: 0.19309798851926313
EI_topo: 0.8596609656900449
EI_topo_mod: 1.9942496931074304e-13
E_bias_mean: 0.0
E_bias_std: 1.0e-12
IE_kappa: 0.1451435810859058
IE_topo: 1.1963891227171193
IE_topo_mod: 2.656550789808102e-13
II_kappa: 0.1872917779163606
II_topo: 1.6514024860255254
II_topo_mod: 1.545721046332681e-13
I_bias_mean: 0.0
I_bias_std: 1.0e-12
alpha_EE: 0.02578463122255784
alpha_EI: 0.23469166669086305
alpha_II: 0.24500274816072037
dt: 20
filename: results_2edd0120-f4b5-48b6-a08b-e4e6b53587ce.pkl
init_exc: 0.2
init_inh: 0.4
init_mod: 0.1
inp_E_kappa: 0.1214308424254627
inp_E_topo: 0.043263844229201265
inp_I_kappa: 0.21009714968129495
inp_I_topo: 1.1305130741482528
input_weight: 0.1363820623681862
max_h_for_output: 5.0
mod_EE_weight: 0.7166537017806082
mod_EI_weight: 0.15343938579681882
mod_IE_weight: 0.027062017775376535
mod_II_weight: 0.6515370640533944
n_actions: 3
n_bottom_up: 67
n_cue_tuned: 2
n_exc: 2000
n_fix_tuned: 1
n_hidden: 2500
n_inh: 500
n_motion_tuned: 64
n_reward_levels: 3
n_top_down: 10
n_top_down_hidden: 64
noise_input_sd: 0.0
noise_rnn_sd: 0.05
nonlinear_top_down: false
restrict_output_to_exc: false
rnn_weight: 0.17517273066592343
tc_modulator: 30.40203496632067
tc_soma: 100
td_E_kappa: 0.1900509274345441
td_E_topo: 1.8405209857143312
td_I_kappa: 0.24942157680334115
td_I_topo: 0.6694954926571803
td_weight: 0.08721234785767684
