EE_kappa: 0.1086045801174739
EE_topo: 1.6658148124033365
EE_topo_mod: 1.012533275422155e-13
EI_kappa: 0.2422425983678268
EI_topo: 1.1461243459777766
EI_topo_mod: 8.097144767118435e-13
E_bias_mean: 0.0
E_bias_std: 1.0e-12
IE_kappa: 0.1340248617415814
IE_topo: 1.501904463065779
IE_topo_mod: 4.4827073084125503e-13
II_kappa: 0.20793568032696153
II_topo: 0.252658408430412
II_topo_mod: 5.394672973626738e-13
I_bias_mean: 0.0
I_bias_std: 1.0e-12
alpha_EE: 0.00934905301879938
alpha_EI: 0.16851665819736847
alpha_II: 0.22627846679569227
dt: 20
filename: results_b712f596-ba3b-4624-8e77-85ce7a017ee5.pkl
init_exc: 0.2
init_inh: 0.4
init_mod: 0.1
inp_E_kappa: 0.1570174696673201
inp_E_topo: 1.4688011070907694
inp_I_kappa: 0.09790013275133867
inp_I_topo: 1.275611762175361
input_weight: 0.1863832007262492
max_h_for_output: 5.0
mod_EE_weight: 1.1999589600591862
mod_EI_weight: 0.25906508347917745
mod_IE_weight: 0.7314922523978695
mod_II_weight: 1.1871086068735948
n_actions: 3
n_bottom_up: 67
n_cue_tuned: 2
n_exc: 2000
n_fix_tuned: 1
n_hidden: 2500
n_inh: 500
n_motion_tuned: 64
n_reward_levels: 3
n_top_down: 10
n_top_down_hidden: 64
noise_input_sd: 0.0
noise_rnn_sd: 0.05
nonlinear_top_down: false
restrict_output_to_exc: false
rnn_weight: 0.06618640504134386
tc_modulator: 34.8191344455572
tc_soma: 100
td_E_kappa: 0.1736292450527599
td_E_topo: 1.622850562786117
td_I_kappa: 0.060736661752980495
td_I_topo: 1.427590379694035
td_weight: 0.08721234785767684
