EE_kappa: 0.056931467860206156
EE_topo: 1.4323984018164095
EE_topo_mod: 8.098432548636284e-13
EI_kappa: 0.2146361317560318
EI_topo: 1.580646890603492
EI_topo_mod: 5.551976235831814e-13
E_bias_mean: 0.0
E_bias_std: 1.0e-12
IE_kappa: 0.23918823127917965
IE_topo: 1.7350277046927018
IE_topo_mod: 8.248384010373023e-13
II_kappa: 0.1518349124435369
II_topo: 0.9680517830487816
II_topo_mod: 5.799991396486385e-13
I_bias_mean: 0.0
I_bias_std: 1.0e-12
alpha_EE: 0.12543248457887088
alpha_EI: 0.005891662224853411
alpha_II: 0.21105684020811866
dt: 20
filename: results_919d74a9-1971-4465-a023-c82fa93c6733.pkl
init_exc: 0.2
init_inh: 0.4
init_mod: 0.1
inp_E_kappa: 0.16195260386163673
inp_E_topo: 0.2695604817313595
inp_I_kappa: 0.17886186816144806
inp_I_topo: 1.161013363015924
input_weight: 0.19039002647296233
max_h_for_output: 5.0
mod_EE_weight: 0.9836980982203318
mod_EI_weight: 0.4357375988416835
mod_IE_weight: 0.43361383762199335
mod_II_weight: 0.265632204019158
n_actions: 3
n_bottom_up: 67
n_cue_tuned: 2
n_exc: 2000
n_fix_tuned: 1
n_hidden: 2500
n_inh: 500
n_motion_tuned: 64
n_reward_levels: 3
n_top_down: 10
n_top_down_hidden: 64
noise_input_sd: 0.0
noise_rnn_sd: 0.05
nonlinear_top_down: false
restrict_output_to_exc: false
rnn_weight: 0.19407453932910002
tc_modulator: 72.46470940775339
tc_soma: 100
td_E_kappa: 0.1629328419095606
td_E_topo: 1.7903822650944867
td_I_kappa: 0.1433783749426735
td_I_topo: 1.271256726183182
td_weight: 0.08721234785767684
