EE_kappa: 0.05405639542307499
EE_topo: 1.2090400048648118
EE_topo_mod: 5.903061045924276e-13
EI_kappa: 0.09714663673701646
EI_topo: 1.2239942881084327
EI_topo_mod: 2.6004954346081187e-14
E_bias_mean: 0.0
E_bias_std: 1.0e-12
IE_kappa: 0.20435837197996826
IE_topo: 1.7047277192262698
IE_topo_mod: 3.538443303679093e-13
II_kappa: 0.22780968034354815
II_topo: 0.7957600829699587
II_topo_mod: 1.3180496093133443e-13
I_bias_mean: 0.0
I_bias_std: 1.0e-12
alpha_EE: 0.14354492114864487
alpha_EI: 0.04910971121820144
alpha_II: 0.2686137634215105
dt: 20
filename: results_fdcc85ec-ebc2-44e8-9a37-36b97c809e42.pkl
init_exc: 0.2
init_inh: 0.4
init_mod: 0.1
inp_E_kappa: 0.13609983072393764
inp_E_topo: 1.402377143142601
inp_I_kappa: 0.17597920786425963
inp_I_topo: 0.6882323462663076
input_weight: 0.06725252274027854
max_h_for_output: 5.0
mod_EE_weight: 1.0186570451490116
mod_EI_weight: 1.6292612441896481
mod_IE_weight: 1.7353890745196832
mod_II_weight: 1.05633013348457
n_actions: 3
n_bottom_up: 67
n_cue_tuned: 2
n_exc: 2000
n_fix_tuned: 1
n_hidden: 2500
n_inh: 500
n_motion_tuned: 64
n_reward_levels: 3
n_top_down: 10
n_top_down_hidden: 64
noise_input_sd: 0.0
noise_rnn_sd: 0.05
nonlinear_top_down: false
restrict_output_to_exc: false
rnn_weight: 0.1579687930343786
tc_modulator: 66.81064257059928
tc_soma: 100
td_E_kappa: 0.1263542534926534
td_E_topo: 1.7069867346383798
td_I_kappa: 0.06876100161687958
td_I_topo: 0.8105892335996903
td_weight: 0.08721234785767684
