EE_kappa: 0.15038374154729423
EE_topo: 1.0530425675986004
EE_topo_mod: 5.11864319422347e-13
EI_kappa: 0.20419218677304157
EI_topo: 1.5600904948245997
EI_topo_mod: 5.951235444167149e-13
E_bias_mean: 0.0
E_bias_std: 1.0e-12
IE_kappa: 0.17367170442302254
IE_topo: 1.6452971351843473
IE_topo_mod: 9.051462470504407e-13
II_kappa: 0.14139265601610224
II_topo: 1.3303300428270068
II_topo_mod: 1.297963459633752e-13
I_bias_mean: 0.0
I_bias_std: 1.0e-12
alpha_EE: 0.05028890649019108
alpha_EI: 0.04713942879034076
alpha_II: 0.039016006188787186
dt: 20
filename: results_dc561b80-2db5-4e95-8861-b96b6b344a29.pkl
init_exc: 0.2
init_inh: 0.4
init_mod: 0.1
inp_E_kappa: 0.07584175572458628
inp_E_topo: 1.087916119655913
inp_I_kappa: 0.10653484045715048
inp_I_topo: 0.5928700022133659
input_weight: 0.153358857903508
max_h_for_output: 5.0
mod_EE_weight: 1.9296133750193507
mod_EI_weight: 1.2941054885648668
mod_IE_weight: 0.1906856757357891
mod_II_weight: 0.7833967067399232
n_actions: 3
n_bottom_up: 67
n_cue_tuned: 2
n_exc: 2000
n_fix_tuned: 1
n_hidden: 2500
n_inh: 500
n_motion_tuned: 64
n_reward_levels: 3
n_top_down: 10
n_top_down_hidden: 64
noise_input_sd: 0.0
noise_rnn_sd: 0.05
nonlinear_top_down: false
restrict_output_to_exc: false
rnn_weight: 0.126920159863244
tc_modulator: 20.22965219224392
tc_soma: 100
td_E_kappa: 0.12275368896877098
td_E_topo: 1.3246599568662087
td_I_kappa: 0.10854162404120667
td_I_topo: 0.2680766633067304
td_weight: 0.08721234785767684
