EE_kappa: 0.08831065437195738
EE_topo: 1.4317783379652507
EE_topo_mod: 7.183543973456543e-13
EI_kappa: 0.12708720060313067
EI_topo: 1.9766056152486635
EI_topo_mod: 9.741897871844922e-13
E_bias_mean: 0.0
E_bias_std: 1.0e-12
IE_kappa: 0.1503043584734799
IE_topo: 1.0613758279242196
IE_topo_mod: 6.220657817216967e-13
II_kappa: 0.09081069278388501
II_topo: 0.1481080243441535
II_topo_mod: 4.269814275290712e-13
I_bias_mean: 0.0
I_bias_std: 1.0e-12
alpha_EE: 0.2752828796842226
alpha_EI: 0.05673659155251852
alpha_II: 0.03958513777913294
dt: 20
filename: results_d0969bc8-8440-49da-b807-b675e50600ed.pkl
init_exc: 0.2
init_inh: 0.4
init_mod: 0.1
inp_E_kappa: 0.1616363059880171
inp_E_topo: 1.4533991709165204
inp_I_kappa: 0.24892340956566633
inp_I_topo: 1.691408641107096
input_weight: 0.1769302198833662
max_h_for_output: 5.0
mod_EE_weight: 1.1405597661665332
mod_EI_weight: 0.5346994542240346
mod_IE_weight: 0.9718847531814103
mod_II_weight: 0.3507792198087587
n_actions: 3
n_bottom_up: 67
n_cue_tuned: 2
n_exc: 2000
n_fix_tuned: 1
n_hidden: 2500
n_inh: 500
n_motion_tuned: 64
n_reward_levels: 3
n_top_down: 10
n_top_down_hidden: 64
noise_input_sd: 0.0
noise_rnn_sd: 0.05
nonlinear_top_down: false
restrict_output_to_exc: false
rnn_weight: 0.17276055158826129
tc_modulator: 43.39686466145342
tc_soma: 100
td_E_kappa: 0.16841604941901614
td_E_topo: 0.3827536755847607
td_I_kappa: 0.20490245816474223
td_I_topo: 1.799968189536507
td_weight: 0.08721234785767684
