EE_kappa: 0.08637144007736622
EE_topo: 0.3599787803274801
EE_topo_mod: 6.203548525610908e-13
EI_kappa: 0.2187025202425505
EI_topo: 1.9307293439474633
EI_topo_mod: 2.9457813060869973e-13
E_bias_mean: 0.0
E_bias_std: 1.0e-12
IE_kappa: 0.10946586181237578
IE_topo: 1.6608328564613535
IE_topo_mod: 7.39028293784206e-13
II_kappa: 0.1967336429020612
II_topo: 1.5264713003220647
II_topo_mod: 5.247164380601432e-13
I_bias_mean: 0.0
I_bias_std: 1.0e-12
alpha_EE: 0.1286535445879601
alpha_EI: 0.08464808358631402
alpha_II: 0.2925441990969157
dt: 20
filename: results_211ded75-b017-4449-beac-3dea93c8ef53.pkl
init_exc: 0.2
init_inh: 0.4
init_mod: 0.1
inp_E_kappa: 0.0869698402857747
inp_E_topo: 0.4104320407220994
inp_I_kappa: 0.15512541766011428
inp_I_topo: 0.9339365661282419
input_weight: 0.1550805241170006
max_h_for_output: 5.0
mod_EE_weight: 1.1861920962262449
mod_EI_weight: 0.33942071257042317
mod_IE_weight: 1.7784502782695109
mod_II_weight: 1.1896232572695264
n_actions: 3
n_bottom_up: 67
n_cue_tuned: 2
n_exc: 2000
n_fix_tuned: 1
n_hidden: 2500
n_inh: 500
n_motion_tuned: 64
n_reward_levels: 3
n_top_down: 10
n_top_down_hidden: 64
noise_input_sd: 0.0
noise_rnn_sd: 0.05
nonlinear_top_down: false
restrict_output_to_exc: false
rnn_weight: 0.18979924272849336
tc_modulator: 97.65668104873467
tc_soma: 100
td_E_kappa: 0.18401853341340796
td_E_topo: 0.31940999760026845
td_I_kappa: 0.21771060685269744
td_I_topo: 1.2113832543628738
td_weight: 0.08721234785767684
