EE_kappa: 0.06068527363874197
EE_topo: 0.9620398438745035
EE_topo_mod: 2.8875361272111377e-13
EI_kappa: 0.1800065990019729
EI_topo: 1.0944458198868883
EI_topo_mod: 7.829365143955795e-13
E_bias_mean: 0.0
E_bias_std: 1.0e-12
IE_kappa: 0.06834487711535023
IE_topo: 1.245773459132086
IE_topo_mod: 7.636025136099316e-13
II_kappa: 0.1411032776603804
II_topo: 1.8814639492184804
II_topo_mod: 4.595604950045862e-13
I_bias_mean: 0.0
I_bias_std: 1.0e-12
alpha_EE: 0.19176744844518237
alpha_EI: 0.07366778478269305
alpha_II: 0.09141627811012383
dt: 20
filename: results_targeted_59e03bbf-c3f3-42ed-8e76-fa5d45517582.pkl
init_exc: 0.2
init_inh: 0.4
init_mod: 0.1
inp_E_kappa: 0.20349282383956885
inp_E_topo: 0.9732790511168214
inp_I_kappa: 0.13725000728591433
inp_I_topo: 0.5871722595258901
input_weight: 0.17444959802877744
max_h_for_output: 5.0
mod_EE_weight: 0.5651883345449428
mod_EI_weight: 0.32725499390560364
mod_IE_weight: 0.0628708620099564
mod_II_weight: 0.4382071493411682
n_actions: 3
n_bottom_up: 67
n_cue_tuned: 2
n_exc: 2000
n_fix_tuned: 1
n_hidden: 2500
n_inh: 500
n_motion_tuned: 64
n_reward_levels: 3
n_top_down: 10
n_top_down_hidden: 64
noise_input_sd: 0.0
noise_rnn_sd: 0.05
nonlinear_top_down: false
restrict_output_to_exc: false
rnn_weight: 0.13858735963553834
tc_modulator: 71.26248673400293
tc_soma: 100
td_E_kappa: 0.21484095424733918
td_E_topo: 1.2722859893420302
td_I_kappa: 0.058119038036888275
td_I_topo: 1.0592661684078122
td_weight: 0.08721234785767684
