EE_kappa: 0.14371264966989294
EE_topo: 0.5540112091873173
EE_topo_mod: 9.31373765699065e-13
EI_kappa: 0.18029922477374183
EI_topo: 1.9304963336129968
EI_topo_mod: 6.87437790008075e-13
E_bias_mean: 0.0
E_bias_std: 1.0e-12
IE_kappa: 0.1518386829604027
IE_topo: 1.3353980458137864
IE_topo_mod: 1.2141350040877718e-13
II_kappa: 0.0778671785957334
II_topo: 0.3951647308848849
II_topo_mod: 2.599575311553548e-13
I_bias_mean: 0.0
I_bias_std: 1.0e-12
alpha_EE: 0.11589379791907459
alpha_EI: 0.008250508317998284
alpha_II: 0.07585583833072435
dt: 20
filename: results_3b5d3f53-1358-46b0-a0d6-4f42e628def8.pkl
init_exc: 0.2
init_inh: 0.4
init_mod: 0.1
inp_E_kappa: 0.10137069312563018
inp_E_topo: 0.04112449095432846
inp_I_kappa: 0.07843330712940098
inp_I_topo: 1.1388740160265904
input_weight: 0.17704751346535463
max_h_for_output: 5.0
mod_EE_weight: 0.872325284881458
mod_EI_weight: 0.24518327514760685
mod_IE_weight: 0.6331116552290025
mod_II_weight: 0.6525387660048145
n_actions: 3
n_bottom_up: 67
n_cue_tuned: 2
n_exc: 2000
n_fix_tuned: 1
n_hidden: 2500
n_inh: 500
n_motion_tuned: 64
n_reward_levels: 3
n_top_down: 10
n_top_down_hidden: 64
noise_input_sd: 0.0
noise_rnn_sd: 0.05
nonlinear_top_down: false
restrict_output_to_exc: false
rnn_weight: 0.1541983013251714
tc_modulator: 98.39664209261436
tc_soma: 100
td_E_kappa: 0.19617772315179532
td_E_topo: 1.2070971768294483
td_I_kappa: 0.11472336767375615
td_I_topo: 1.1499992499800564
td_weight: 0.08721234785767684
