EE_kappa: 0.09971589537593623
EE_topo: 1.0408691258739455
EE_topo_mod: 3.03548361387878e-13
EI_kappa: 0.24972736009246527
EI_topo: 1.0452845645066646
EI_topo_mod: 7.513000939786183e-13
E_bias_mean: 0.0
E_bias_std: 1.0e-12
IE_kappa: 0.11160757996378279
IE_topo: 1.3697595327445364
IE_topo_mod: 1.802709653812784e-13
II_kappa: 0.23201917943881206
II_topo: 0.7678275255886198
II_topo_mod: 7.387224422995218e-13
I_bias_mean: 0.0
I_bias_std: 1.0e-12
alpha_EE: 0.18052883610484552
alpha_EI: 0.1533724681955675
alpha_II: 0.12315185134151914
dt: 20
filename: results_8ccc3cf2-b2a5-46fd-b5b8-8c70a407ca02.pkl
init_exc: 0.2
init_inh: 0.4
init_mod: 0.1
inp_E_kappa: 0.19589808336685305
inp_E_topo: 1.406339764942344
inp_I_kappa: 0.15700068689706448
inp_I_topo: 1.6765413068748771
input_weight: 0.1973132828615105
max_h_for_output: 5.0
mod_EE_weight: 0.0716276347384206
mod_EI_weight: 0.5033186725910161
mod_IE_weight: 0.33101732083867796
mod_II_weight: 0.14992185827037652
n_actions: 3
n_bottom_up: 67
n_cue_tuned: 2
n_exc: 2000
n_fix_tuned: 1
n_hidden: 2500
n_inh: 500
n_motion_tuned: 64
n_reward_levels: 3
n_top_down: 10
n_top_down_hidden: 64
noise_input_sd: 0.0
noise_rnn_sd: 0.05
nonlinear_top_down: false
restrict_output_to_exc: false
rnn_weight: 0.12111020605562946
tc_modulator: 99.6558290605854
tc_soma: 100
td_E_kappa: 0.08232342898095871
td_E_topo: 0.9124690424495552
td_I_kappa: 0.06971743332123187
td_I_topo: 0.6380320087486007
td_weight: 0.08721234785767684
