EE_kappa: 0.05473457708941148
EE_topo: 0.179346306356315
EE_topo_mod: 9.867768454296641e-13
EI_kappa: 0.1362850535086158
EI_topo: 0.4620974410723375
EI_topo_mod: 1.390078892789829e-13
E_bias_mean: 0.0
E_bias_std: 1.0e-12
IE_kappa: 0.12726783337835756
IE_topo: 0.840953243342875
IE_topo_mod: 3.4956707220786287e-13
II_kappa: 0.17908594492369373
II_topo: 0.77906923950952
II_topo_mod: 2.750193119481429e-13
I_bias_mean: 0.0
I_bias_std: 1.0e-12
alpha_EE: 0.2543024928123908
alpha_EI: 0.13334436485908813
alpha_II: 0.06906008088555866
dt: 20
filename: results_014d5dc9-5ca7-4e6b-88f6-1797983d74ca.pkl
init_exc: 0.2
init_inh: 0.4
init_mod: 0.1
inp_E_kappa: 0.1917992444199602
inp_E_topo: 1.9827142864475162
inp_I_kappa: 0.2247895977763607
inp_I_topo: 0.25849747027025405
input_weight: 0.06417598178888351
max_h_for_output: 5.0
mod_EE_weight: 0.581015477445447
mod_EI_weight: 0.2774722294540388
mod_IE_weight: 0.7499191675466168
mod_II_weight: 0.4016914440435073
n_actions: 3
n_bottom_up: 67
n_cue_tuned: 2
n_exc: 2000
n_fix_tuned: 1
n_hidden: 2500
n_inh: 500
n_motion_tuned: 64
n_reward_levels: 3
n_top_down: 10
n_top_down_hidden: 64
noise_input_sd: 0.0
noise_rnn_sd: 0.05
nonlinear_top_down: false
restrict_output_to_exc: false
rnn_weight: 0.19941675308407242
tc_modulator: 30.980728875604537
tc_soma: 100
td_E_kappa: 0.19720703201934758
td_E_topo: 1.1748359298017037
td_I_kappa: 0.17980964885400424
td_I_topo: 0.7468782679124559
td_weight: 0.08721234785767684
