EE_kappa: 0.0615602316427663
EE_topo: 1.3288487450338093
EE_topo_mod: 3.6022174344789005e-13
EI_kappa: 0.19820010771733582
EI_topo: 1.0549001868363026
EI_topo_mod: 4.877260961866505e-13
E_bias_mean: 0.0
E_bias_std: 1.0e-12
IE_kappa: 0.05297850011513086
IE_topo: 1.3610306710518512
IE_topo_mod: 6.989959508153043e-13
II_kappa: 0.11030943726933809
II_topo: 1.1971315446824993
II_topo_mod: 2.472129492048213e-13
I_bias_mean: 0.0
I_bias_std: 1.0e-12
alpha_EE: 0.27765702160636846
alpha_EI: 0.06961142262109106
alpha_II: 0.03534381773359186
dt: 20
filename: results_2bbf3100-1720-4910-95ce-370231c4c439.pkl
init_exc: 0.2
init_inh: 0.4
init_mod: 0.1
inp_E_kappa: 0.24032598826557355
inp_E_topo: 1.8501975628150455
inp_I_kappa: 0.17269588463533275
inp_I_topo: 1.6966811646302042
input_weight: 0.11984548183349976
max_h_for_output: 5.0
mod_EE_weight: 1.186664245545034
mod_EI_weight: 1.7291021022164137
mod_IE_weight: 1.1927278781029114
mod_II_weight: 1.8670658376843876
n_actions: 3
n_bottom_up: 67
n_cue_tuned: 2
n_exc: 2000
n_fix_tuned: 1
n_hidden: 2500
n_inh: 500
n_motion_tuned: 64
n_reward_levels: 3
n_top_down: 10
n_top_down_hidden: 64
noise_input_sd: 0.0
noise_rnn_sd: 0.05
nonlinear_top_down: false
restrict_output_to_exc: false
rnn_weight: 0.11348706171377117
tc_modulator: 28.69283018126935
tc_soma: 100
td_E_kappa: 0.05869551862827371
td_E_topo: 1.6328843957309154
td_I_kappa: 0.1044204439012123
td_I_topo: 0.13117678515683462
td_weight: 0.08721234785767684
