EE_kappa: 0.12379616534666338
EE_topo: 0.5182356666852905
EE_topo_mod: 3.2351785929377994e-13
EI_kappa: 0.2328926272911404
EI_topo: 0.967032322626636
EI_topo_mod: 4.70673319048691e-13
E_bias_mean: 0.0
E_bias_std: 1.0e-12
IE_kappa: 0.22249066960299796
IE_topo: 0.44299023470795773
IE_topo_mod: 6.458353542900386e-14
II_kappa: 0.24345532041602813
II_topo: 1.8299685247282884
II_topo_mod: 1.6459393827310687e-13
I_bias_mean: 0.0
I_bias_std: 1.0e-12
alpha_EE: 0.048683134999372234
alpha_EI: 0.07201795796912264
alpha_II: 0.1895934551511093
dt: 20
filename: results_4187fb3f-9ff3-4db0-8850-b6a8846bc04b.pkl
init_exc: 0.2
init_inh: 0.4
init_mod: 0.1
inp_E_kappa: 0.05076059658199044
inp_E_topo: 1.4183369243207187
inp_I_kappa: 0.08696418386982274
inp_I_topo: 1.8584248828126142
input_weight: 0.16620262748701942
max_h_for_output: 5.0
mod_EE_weight: 0.9632950844037956
mod_EI_weight: 0.928176016304849
mod_IE_weight: 0.5005422024967222
mod_II_weight: 0.9132860990237653
n_actions: 3
n_bottom_up: 67
n_cue_tuned: 2
n_exc: 2000
n_fix_tuned: 1
n_hidden: 2500
n_inh: 500
n_motion_tuned: 64
n_reward_levels: 3
n_top_down: 10
n_top_down_hidden: 64
noise_input_sd: 0.0
noise_rnn_sd: 0.05
nonlinear_top_down: false
restrict_output_to_exc: false
rnn_weight: 0.15028178864557887
tc_modulator: 94.41944352009702
tc_soma: 100
td_E_kappa: 0.127588293760109
td_E_topo: 0.10118457149910887
td_I_kappa: 0.06937655692378764
td_I_topo: 1.2378987544583082
td_weight: 0.08721234785767684
