EE_kappa: 0.05407007232374361
EE_topo: 0.08645701877948708
EE_topo_mod: 3.4687771134491394e-13
EI_kappa: 0.13523784362520608
EI_topo: 1.2272822400044625
EI_topo_mod: 8.99571127304151e-13
E_bias_mean: 0.0
E_bias_std: 1.0e-12
IE_kappa: 0.1336670242413889
IE_topo: 0.9118283022489562
IE_topo_mod: 5.85927302427275e-13
II_kappa: 0.20517153304893926
II_topo: 1.345242301004686
II_topo_mod: 2.9624178037427763e-13
I_bias_mean: 0.0
I_bias_std: 1.0e-12
alpha_EE: 0.23060829659525522
alpha_EI: 0.04113750249875222
alpha_II: 0.10338596178911502
dt: 20
filename: results_fa2466f7-bd5c-401e-9eb0-46032222ed6f.pkl
init_exc: 0.2
init_inh: 0.4
init_mod: 0.1
inp_E_kappa: 0.15698472301316357
inp_E_topo: 1.3994339363144392
inp_I_kappa: 0.18012576925872498
inp_I_topo: 0.6828829132846159
input_weight: 0.196390788465247
max_h_for_output: 5.0
mod_EE_weight: 0.3901972549011029
mod_EI_weight: 0.4361598663818047
mod_IE_weight: 0.6760736320439861
mod_II_weight: 0.13818939584499657
n_actions: 3
n_bottom_up: 67
n_cue_tuned: 2
n_exc: 2000
n_fix_tuned: 1
n_hidden: 2500
n_inh: 500
n_motion_tuned: 64
n_reward_levels: 3
n_top_down: 10
n_top_down_hidden: 64
noise_input_sd: 0.0
noise_rnn_sd: 0.05
nonlinear_top_down: false
restrict_output_to_exc: false
rnn_weight: 0.19966746029994398
tc_modulator: 35.76023381191661
tc_soma: 100
td_E_kappa: 0.1543461737820036
td_E_topo: 0.8000392773855232
td_I_kappa: 0.1988797228293699
td_I_topo: 1.6520683398160627
td_weight: 0.08721234785767684
