EE_kappa: 0.07130944218876412
EE_topo: 0.16402189246451226
EE_topo_mod: 8.165098213858272e-13
EI_kappa: 0.13051280484462924
EI_topo: 1.7717540245217387
EI_topo_mod: 5.282550785330837e-13
E_bias_mean: 0.0
E_bias_std: 1.0e-12
IE_kappa: 0.1612900640248698
IE_topo: 0.17600800602673194
IE_topo_mod: 2.584949049211871e-14
II_kappa: 0.19603275170866274
II_topo: 1.061636707669446
II_topo_mod: 4.069009511169872e-13
I_bias_mean: 0.0
I_bias_std: 1.0e-12
alpha_EE: 0.18949815915113197
alpha_EI: 0.11332489075885457
alpha_II: 0.29108693876952413
dt: 20
filename: results_145c8c1b-2f51-4380-9b3d-8047a0d46ee5.pkl
init_exc: 0.2
init_inh: 0.4
init_mod: 0.1
inp_E_kappa: 0.11376316339243053
inp_E_topo: 1.6054373949729832
inp_I_kappa: 0.22057657296063643
inp_I_topo: 0.6093725861777417
input_weight: 0.16034842399375332
max_h_for_output: 5.0
mod_EE_weight: 0.4201041967987602
mod_EI_weight: 0.9071555505196756
mod_IE_weight: 0.8699073235538516
mod_II_weight: 0.557376882055906
n_actions: 3
n_bottom_up: 67
n_cue_tuned: 2
n_exc: 2000
n_fix_tuned: 1
n_hidden: 2500
n_inh: 500
n_motion_tuned: 64
n_reward_levels: 3
n_top_down: 10
n_top_down_hidden: 64
noise_input_sd: 0.0
noise_rnn_sd: 0.05
nonlinear_top_down: false
restrict_output_to_exc: false
rnn_weight: 0.13113911932887096
tc_modulator: 74.08018641684549
tc_soma: 100
td_E_kappa: 0.16581890884916678
td_E_topo: 0.07159411346741074
td_I_kappa: 0.10747952557511092
td_I_topo: 1.3738779393586642
td_weight: 0.08721234785767684
