EE_kappa: 0.09898024173768538
EE_topo: 1.2411075062828398
EE_topo_mod: 5.520150536474642e-13
EI_kappa: 0.20177722810046245
EI_topo: 1.1341044033418268
EI_topo_mod: 1.2470760712586748e-13
E_bias_mean: 0.0
E_bias_std: 1.0e-12
IE_kappa: 0.18114263607336806
IE_topo: 1.1891901495234074
IE_topo_mod: 2.3131170048539096e-13
II_kappa: 0.20874785348574315
II_topo: 0.16616504043219837
II_topo_mod: 2.368151179345965e-13
I_bias_mean: 0.0
I_bias_std: 1.0e-12
alpha_EE: 0.28921888524699174
alpha_EI: 0.1316971271784096
alpha_II: 0.2546915775163227
dt: 20
filename: results_a2039138-14fe-48b5-872f-5bfefed761d2.pkl
init_exc: 0.2
init_inh: 0.4
init_mod: 0.1
inp_E_kappa: 0.06002742101146377
inp_E_topo: 0.35313933286625865
inp_I_kappa: 0.24236585745699402
inp_I_topo: 1.8399769062291322
input_weight: 0.11236925460228095
max_h_for_output: 5.0
mod_EE_weight: 0.003911755337101086
mod_EI_weight: 1.7220051404409187
mod_IE_weight: 1.9600527508478418
mod_II_weight: 0.5575810648257122
n_actions: 3
n_bottom_up: 67
n_cue_tuned: 2
n_exc: 2000
n_fix_tuned: 1
n_hidden: 2500
n_inh: 500
n_motion_tuned: 64
n_reward_levels: 3
n_top_down: 10
n_top_down_hidden: 64
noise_input_sd: 0.0
noise_rnn_sd: 0.05
nonlinear_top_down: false
restrict_output_to_exc: false
rnn_weight: 0.1472110037804346
tc_modulator: 66.61451547158336
tc_soma: 100
td_E_kappa: 0.23729159619878676
td_E_topo: 0.08569417863437634
td_I_kappa: 0.07524247474571494
td_I_topo: 0.7563767169348092
td_weight: 0.08721234785767684
