EE_kappa: 0.07492989436594577
EE_topo: 0.6784551461694568
EE_topo_mod: 5.491152027283687e-13
EI_kappa: 0.10868253143895881
EI_topo: 0.20379253842907574
EI_topo_mod: 4.4745479192699533e-13
E_bias_mean: 0.0
E_bias_std: 1.0e-12
IE_kappa: 0.1921673157114166
IE_topo: 1.7163479203547916
IE_topo_mod: 5.907206138226924e-13
II_kappa: 0.20838808249081725
II_topo: 0.14401391304485278
II_topo_mod: 1.355745594185771e-13
I_bias_mean: 0.0
I_bias_std: 1.0e-12
alpha_EE: 0.020923748678700217
alpha_EI: 0.2958092397379478
alpha_II: 0.27660592205151885
dt: 20
filename: results_34d53771-5bb8-4560-a329-244c33ed6951.pkl
init_exc: 0.2
init_inh: 0.4
init_mod: 0.1
inp_E_kappa: 0.0873008782022685
inp_E_topo: 0.47679191856403635
inp_I_kappa: 0.23848427389067578
inp_I_topo: 1.5430377013264978
input_weight: 0.17893876018074562
max_h_for_output: 5.0
mod_EE_weight: 1.780771982434053
mod_EI_weight: 1.8386154115167055
mod_IE_weight: 0.46657793342983855
mod_II_weight: 1.4418580499443292
n_actions: 3
n_bottom_up: 67
n_cue_tuned: 2
n_exc: 2000
n_fix_tuned: 1
n_hidden: 2500
n_inh: 500
n_motion_tuned: 64
n_reward_levels: 3
n_top_down: 10
n_top_down_hidden: 64
noise_input_sd: 0.0
noise_rnn_sd: 0.05
nonlinear_top_down: false
restrict_output_to_exc: false
rnn_weight: 0.1906297265578044
tc_modulator: 81.17274238052434
tc_soma: 100
td_E_kappa: 0.14174096462145863
td_E_topo: 1.1987733329662347
td_I_kappa: 0.054569732235717996
td_I_topo: 1.3161967771892777
td_weight: 0.08721234785767684
