EE_kappa: 0.07515440174477067
EE_topo: 0.8871166651596076
EE_topo_mod: 6.549520336636493e-13
EI_kappa: 0.131184244774095
EI_topo: 0.749749122742728
EI_topo_mod: 5.440106116920733e-13
E_bias_mean: 0.0
E_bias_std: 1.0e-12
IE_kappa: 0.22401278763244598
IE_topo: 1.273174597664195
IE_topo_mod: 5.364648833501835e-13
II_kappa: 0.15475702425686202
II_topo: 0.8220619141652852
II_topo_mod: 8.929339830410908e-13
I_bias_mean: 0.0
I_bias_std: 1.0e-12
alpha_EE: 0.09992884257591901
alpha_EI: 0.04269051722336507
alpha_II: 0.12524906364198887
dt: 20
filename: results_fb67d795-3074-4b63-9d77-8ee7a8fa62f9.pkl
init_exc: 0.2
init_inh: 0.4
init_mod: 0.1
inp_E_kappa: 0.10129496333146813
inp_E_topo: 1.0032948048605008
inp_I_kappa: 0.1410124876556395
inp_I_topo: 0.20496788626420304
input_weight: 0.12249092262079765
max_h_for_output: 5.0
mod_EE_weight: 0.7968549750343128
mod_EI_weight: 1.5840416131304544
mod_IE_weight: 1.7701608138652547
mod_II_weight: 0.34721956904010454
n_actions: 3
n_bottom_up: 67
n_cue_tuned: 2
n_exc: 2000
n_fix_tuned: 1
n_hidden: 2500
n_inh: 500
n_motion_tuned: 64
n_reward_levels: 3
n_top_down: 10
n_top_down_hidden: 64
noise_input_sd: 0.0
noise_rnn_sd: 0.05
nonlinear_top_down: false
restrict_output_to_exc: false
rnn_weight: 0.18111109481463677
tc_modulator: 71.45755575659612
tc_soma: 100
td_E_kappa: 0.215506781315344
td_E_topo: 0.2978551353457395
td_I_kappa: 0.09472643044190476
td_I_topo: 1.0354845236239174
td_weight: 0.08721234785767684
