EE_kappa: 0.05629565739719174
EE_topo: 0.1412657965741022
EE_topo_mod: 9.887353115935227e-13
EI_kappa: 0.10947483815310899
EI_topo: 1.943802901282477
EI_topo_mod: 1.8459704119318387e-13
E_bias_mean: 0.0
E_bias_std: 1.0e-12
IE_kappa: 0.21301431188173497
IE_topo: 1.642663510713206
IE_topo_mod: 1.3384331796040815e-13
II_kappa: 0.22618847292589417
II_topo: 1.619085717940418
II_topo_mod: 3.5617292887984276e-13
I_bias_mean: 0.0
I_bias_std: 1.0e-12
alpha_EE: 0.07367456905297025
alpha_EI: 0.006493890633258781
alpha_II: 0.07011247270459225
dt: 20
filename: results_5b861adb-f1ea-45bf-8a53-ea1637e44595.pkl
init_exc: 0.2
init_inh: 0.4
init_mod: 0.1
inp_E_kappa: 0.05582960486694597
inp_E_topo: 0.3263915768470509
inp_I_kappa: 0.2111661375610449
inp_I_topo: 0.6445788997085184
input_weight: 0.11734312210122448
max_h_for_output: 5.0
mod_EE_weight: 0.9288259124931042
mod_EI_weight: 0.03640311528616769
mod_IE_weight: 1.7499733399645137
mod_II_weight: 1.220875823330325
n_actions: 3
n_bottom_up: 67
n_cue_tuned: 2
n_exc: 2000
n_fix_tuned: 1
n_hidden: 2500
n_inh: 500
n_motion_tuned: 64
n_reward_levels: 3
n_top_down: 10
n_top_down_hidden: 64
noise_input_sd: 0.0
noise_rnn_sd: 0.05
nonlinear_top_down: false
restrict_output_to_exc: false
rnn_weight: 0.16978156098023522
tc_modulator: 92.86997704001476
tc_soma: 100
td_E_kappa: 0.077263479628499
td_E_topo: 0.3972589623800038
td_I_kappa: 0.1192948826683054
td_I_topo: 1.3693605057948013
td_weight: 0.08721234785767684
