EE_kappa: 0.08214129267687653
EE_topo: 1.244463064718472
EE_topo_mod: 8.088695377421991e-13
EI_kappa: 0.13329328974359106
EI_topo: 0.3152493705977011
EI_topo_mod: 3.893444575307169e-13
E_bias_mean: 0.0
E_bias_std: 1.0e-12
IE_kappa: 0.19363998971938462
IE_topo: 0.9756612488205025
IE_topo_mod: 4.419406704296014e-14
II_kappa: 0.16715718484766057
II_topo: 0.9836056981650174
II_topo_mod: 7.826716567478418e-13
I_bias_mean: 0.0
I_bias_std: 1.0e-12
alpha_EE: 0.24565167518247033
alpha_EI: 0.19162390195445386
alpha_II: 0.1645484068161117
dt: 20
filename: results_a7a36ded-2a38-4e3c-afac-bffc27eeafcb.pkl
init_exc: 0.2
init_inh: 0.4
init_mod: 0.1
inp_E_kappa: 0.16797785326792375
inp_E_topo: 1.8537118152015968
inp_I_kappa: 0.11513072070534346
inp_I_topo: 0.3910335623889296
input_weight: 0.06071051229327588
max_h_for_output: 5.0
mod_EE_weight: 1.734621876263817
mod_EI_weight: 0.7588241848937651
mod_IE_weight: 1.9857225297777281
mod_II_weight: 0.11458965301317159
n_actions: 3
n_bottom_up: 67
n_cue_tuned: 2
n_exc: 2000
n_fix_tuned: 1
n_hidden: 2500
n_inh: 500
n_motion_tuned: 64
n_reward_levels: 3
n_top_down: 10
n_top_down_hidden: 64
noise_input_sd: 0.0
noise_rnn_sd: 0.05
nonlinear_top_down: false
restrict_output_to_exc: false
rnn_weight: 0.16793557764242784
tc_modulator: 26.195361243753243
tc_soma: 100
td_E_kappa: 0.2007040848583299
td_E_topo: 0.7051939889798209
td_I_kappa: 0.2243030877262705
td_I_topo: 0.3309216516415918
td_weight: 0.08721234785767684
