EE_kappa: 0.05071433461289088
EE_topo: 1.4591463491722683
EE_topo_mod: 2.1209903725709887e-13
EI_kappa: 0.18937598597134947
EI_topo: 1.9409916477613516
EI_topo_mod: 1.5698079776584473e-13
E_bias_mean: 0.0
E_bias_std: 1.0e-12
IE_kappa: 0.11401187857185753
IE_topo: 1.466796485215545
IE_topo_mod: 2.0798045826088407e-13
II_kappa: 0.23852806962855028
II_topo: 0.9129826066113007
II_topo_mod: 2.323340131694287e-13
I_bias_mean: 0.0
I_bias_std: 1.0e-12
alpha_EE: 0.22299840447994457
alpha_EI: 0.16525995327839813
alpha_II: 0.27784203396208274
dt: 20
filename: results_74dc9560-eb2c-40cb-a6e9-fe11f81f5d8d.pkl
init_exc: 0.2
init_inh: 0.4
init_mod: 0.1
inp_E_kappa: 0.22888361553444808
inp_E_topo: 0.8797600637000018
inp_I_kappa: 0.23715169149952708
inp_I_topo: 1.2484418185143942
input_weight: 0.19407486678377356
max_h_for_output: 5.0
mod_EE_weight: 1.3533709560634153
mod_EI_weight: 1.9904638155381076
mod_IE_weight: 1.7376310426971524
mod_II_weight: 1.131718875099991
n_actions: 3
n_bottom_up: 67
n_cue_tuned: 2
n_exc: 2000
n_fix_tuned: 1
n_hidden: 2500
n_inh: 500
n_motion_tuned: 64
n_reward_levels: 3
n_top_down: 10
n_top_down_hidden: 64
noise_input_sd: 0.0
noise_rnn_sd: 0.05
nonlinear_top_down: false
restrict_output_to_exc: false
rnn_weight: 0.12716952172520885
tc_modulator: 94.1144197217206
tc_soma: 100
td_E_kappa: 0.05721096507567707
td_E_topo: 1.2118500208813567
td_I_kappa: 0.20707566046420667
td_I_topo: 0.05834541641152757
td_weight: 0.08721234785767684
