EE_kappa: 0.07790362889810439
EE_topo: 1.8332623120819005
EE_topo_mod: 2.0530168174448127e-13
EI_kappa: 0.07068536882711496
EI_topo: 1.229959003952197
EI_topo_mod: 9.323909491334055e-13
E_bias_mean: 0.0
E_bias_std: 1.0e-12
IE_kappa: 0.24929356303840872
IE_topo: 1.4439689053802018
IE_topo_mod: 4.797294123305237e-13
II_kappa: 0.0730727454325324
II_topo: 1.9021346601046532
II_topo_mod: 1.3256926610756403e-13
I_bias_mean: 0.0
I_bias_std: 1.0e-12
alpha_EE: 0.14172121819869457
alpha_EI: 0.05062043790591431
alpha_II: 0.1955837254172807
dt: 20
filename: results_d2b2109f-fdf1-4011-8fd3-8eba7be6e34f.pkl
init_exc: 0.2
init_inh: 0.4
init_mod: 0.1
inp_E_kappa: 0.07777792268439383
inp_E_topo: 0.7071831284754022
inp_I_kappa: 0.19080585997212457
inp_I_topo: 0.5323519416285856
input_weight: 0.14681934054170384
max_h_for_output: 5.0
mod_EE_weight: 0.3600111174272165
mod_EI_weight: 1.280093454038323
mod_IE_weight: 0.49466943326067114
mod_II_weight: 0.055497708563556625
n_actions: 3
n_bottom_up: 67
n_cue_tuned: 2
n_exc: 2000
n_fix_tuned: 1
n_hidden: 2500
n_inh: 500
n_motion_tuned: 64
n_reward_levels: 3
n_top_down: 10
n_top_down_hidden: 64
noise_input_sd: 0.0
noise_rnn_sd: 0.05
nonlinear_top_down: false
restrict_output_to_exc: false
rnn_weight: 0.14872486172733124
tc_modulator: 71.1341306303882
tc_soma: 100
td_E_kappa: 0.08926449997785316
td_E_topo: 0.8690244435812697
td_I_kappa: 0.1452971964294104
td_I_topo: 0.8269964073900378
td_weight: 0.08721234785767684
