EE_kappa: 0.1375394139237433
EE_topo: 0.011764690816068013
EE_topo_mod: 2.921899657308069e-14
EI_kappa: 0.19525505671459048
EI_topo: 0.36448263850973484
EI_topo_mod: 5.705614204062567e-13
E_bias_mean: 0.0
E_bias_std: 1.0e-12
IE_kappa: 0.18221260926706212
IE_topo: 0.8847741169141541
IE_topo_mod: 8.500783403895208e-13
II_kappa: 0.2053868991258503
II_topo: 0.6073238409985853
II_topo_mod: 3.9988700872368164e-14
I_bias_mean: 0.0
I_bias_std: 1.0e-12
alpha_EE: 0.014281556850232057
alpha_EI: 0.044177378300146085
alpha_II: 0.1670968541745465
dt: 20
filename: results_23076b51-6595-4b9f-a20e-2b6417c750b1.pkl
init_exc: 0.2
init_inh: 0.4
init_mod: 0.1
inp_E_kappa: 0.1168400592994226
inp_E_topo: 1.6055223020367937
inp_I_kappa: 0.23231525306465395
inp_I_topo: 1.3104758517346056
input_weight: 0.1328359659967882
max_h_for_output: 5.0
mod_EE_weight: 0.8478382239095591
mod_EI_weight: 0.3336478471811869
mod_IE_weight: 0.06045620069944313
mod_II_weight: 0.5786904838820637
n_actions: 3
n_bottom_up: 67
n_cue_tuned: 2
n_exc: 2000
n_fix_tuned: 1
n_hidden: 2500
n_inh: 500
n_motion_tuned: 64
n_reward_levels: 3
n_top_down: 10
n_top_down_hidden: 64
noise_input_sd: 0.0
noise_rnn_sd: 0.05
nonlinear_top_down: false
restrict_output_to_exc: false
rnn_weight: 0.19800902555030075
tc_modulator: 68.7622242725059
tc_soma: 100
td_E_kappa: 0.22944919230892852
td_E_topo: 1.1855912824003842
td_I_kappa: 0.13582794168205392
td_I_topo: 0.9791637082461655
td_weight: 0.08721234785767684
