EE_kappa: 0.08512529693623913
EE_topo: 0.8010677066725604
EE_topo_mod: 8.830982021162459e-13
EI_kappa: 0.18145351481534922
EI_topo: 1.7991573607095792
EI_topo_mod: 9.854669845473729e-14
E_bias_mean: 0.0
E_bias_std: 1.0e-12
IE_kappa: 0.17329786589151208
IE_topo: 0.819782033825015
IE_topo_mod: 4.761657948435557e-13
II_kappa: 0.22774805841057044
II_topo: 1.597185336999471
II_topo_mod: 1.6140033516207996e-13
I_bias_mean: 0.0
I_bias_std: 1.0e-12
alpha_EE: 0.20968926612381764
alpha_EI: 0.24500987099996063
alpha_II: 0.20391902405625983
dt: 20
filename: results_59cbac11-4009-4ed7-bf2a-1a865e41b2d4.pkl
init_exc: 0.2
init_inh: 0.4
init_mod: 0.1
inp_E_kappa: 0.18551208504566075
inp_E_topo: 0.017852475258101297
inp_I_kappa: 0.1422570468153016
inp_I_topo: 1.3256513523479163
input_weight: 0.13532136978661488
max_h_for_output: 5.0
mod_EE_weight: 0.4682528177748164
mod_EI_weight: 0.05343969504905932
mod_IE_weight: 0.5953756301575447
mod_II_weight: 0.19740536107783502
n_actions: 3
n_bottom_up: 67
n_cue_tuned: 2
n_exc: 2000
n_fix_tuned: 1
n_hidden: 2500
n_inh: 500
n_motion_tuned: 64
n_reward_levels: 3
n_top_down: 10
n_top_down_hidden: 64
noise_input_sd: 0.0
noise_rnn_sd: 0.05
nonlinear_top_down: false
restrict_output_to_exc: false
rnn_weight: 0.1674624857267007
tc_modulator: 83.57443372264224
tc_soma: 100
td_E_kappa: 0.145386293878144
td_E_topo: 1.0376825611107332
td_I_kappa: 0.19247168066282122
td_I_topo: 1.129129127382217
td_weight: 0.08721234785767684
