EE_kappa: 0.06124062934409596
EE_topo: 0.8650516994151725
EE_topo_mod: 8.296973129030875e-13
EI_kappa: 0.212869854838162
EI_topo: 0.4218026825615582
EI_topo_mod: 9.301049896219226e-14
E_bias_mean: 0.0
E_bias_std: 1.0e-12
IE_kappa: 0.20670338243057462
IE_topo: 1.4396462667537069
IE_topo_mod: 4.436836141815832e-13
II_kappa: 0.23034158610044725
II_topo: 1.973218902133846
II_topo_mod: 4.858945770405735e-13
I_bias_mean: 0.0
I_bias_std: 1.0e-12
alpha_EE: 0.14887661911825323
alpha_EI: 0.11495852252686756
alpha_II: 0.17986124712441098
dt: 20
filename: results_ff0262eb-dac7-4cd0-bf7b-2f9f0ca155f4.pkl
init_exc: 0.2
init_inh: 0.4
init_mod: 0.1
inp_E_kappa: 0.09871426373325953
inp_E_topo: 0.2636592011846106
inp_I_kappa: 0.07129775908207155
inp_I_topo: 1.521073873352105
input_weight: 0.15389958061099734
max_h_for_output: 5.0
mod_EE_weight: 0.12731918783570328
mod_EI_weight: 0.5562075080686288
mod_IE_weight: 0.5715857005435993
mod_II_weight: 0.6399931955134907
n_actions: 3
n_bottom_up: 67
n_cue_tuned: 2
n_exc: 2000
n_fix_tuned: 1
n_hidden: 2500
n_inh: 500
n_motion_tuned: 64
n_reward_levels: 3
n_top_down: 10
n_top_down_hidden: 64
noise_input_sd: 0.0
noise_rnn_sd: 0.05
nonlinear_top_down: false
restrict_output_to_exc: false
rnn_weight: 0.130651761520297
tc_modulator: 78.35309607002762
tc_soma: 100
td_E_kappa: 0.10178470846132757
td_E_topo: 1.4724759714975675
td_I_kappa: 0.07673716082808904
td_I_topo: 0.5657787693597138
td_weight: 0.08721234785767684
