EE_kappa: 0.053738559734050645
EE_topo: 0.29037740591393457
EE_topo_mod: 9.678689897913073e-13
EI_kappa: 0.20060486989223508
EI_topo: 1.76163193244257
EI_topo_mod: 6.60793386629872e-14
E_bias_mean: 0.0
E_bias_std: 1.0e-12
IE_kappa: 0.17478633411260247
IE_topo: 0.7490975131000503
IE_topo_mod: 6.048183191125184e-13
II_kappa: 0.11383185054834795
II_topo: 1.6331626230146084
II_topo_mod: 4.569660480309861e-13
I_bias_mean: 0.0
I_bias_std: 1.0e-12
alpha_EE: 0.023494862951735206
alpha_EI: 0.00514880892309193
alpha_II: 0.25132702500873444
dt: 20
filename: results_b1e241e6-c09b-4871-ba00-dde2240cc49d.pkl
init_exc: 0.2
init_inh: 0.4
init_mod: 0.1
inp_E_kappa: 0.23439754628135662
inp_E_topo: 1.0214713985070056
inp_I_kappa: 0.2345802478337875
inp_I_topo: 0.9424889208187375
input_weight: 0.18591199317763368
max_h_for_output: 5.0
mod_EE_weight: 0.3652856580410426
mod_EI_weight: 1.9444247440398907
mod_IE_weight: 1.607069374385211
mod_II_weight: 0.9745813163787602
n_actions: 3
n_bottom_up: 67
n_cue_tuned: 2
n_exc: 2000
n_fix_tuned: 1
n_hidden: 2500
n_inh: 500
n_motion_tuned: 64
n_reward_levels: 3
n_top_down: 10
n_top_down_hidden: 64
noise_input_sd: 0.0
noise_rnn_sd: 0.05
nonlinear_top_down: false
restrict_output_to_exc: false
rnn_weight: 0.18932488164210165
tc_modulator: 70.682397488041
tc_soma: 100
td_E_kappa: 0.1140550126741085
td_E_topo: 0.9833441674351315
td_I_kappa: 0.052594102724181614
td_I_topo: 1.1274065554968586
td_weight: 0.08721234785767684
