EE_kappa: 0.08483017864145623
EE_topo: 0.939522426232478
EE_topo_mod: 5.901118499260717e-13
EI_kappa: 0.13467914561640215
EI_topo: 1.1383135270300508
EI_topo_mod: 4.0201889812419333e-13
E_bias_mean: 0.0
E_bias_std: 1.0e-12
IE_kappa: 0.14411686003398727
IE_topo: 0.6352391939749935
IE_topo_mod: 9.391702384021855e-13
II_kappa: 0.10181529711842652
II_topo: 1.5934864767314587
II_topo_mod: 8.880146990387108e-13
I_bias_mean: 0.0
I_bias_std: 1.0e-12
alpha_EE: 0.21364894772731485
alpha_EI: 0.14245162781833678
alpha_II: 0.02429868600261509
dt: 20
filename: results_52357349-abfb-44e3-bd6f-0a4e0fea5b95.pkl
init_exc: 0.2
init_inh: 0.4
init_mod: 0.1
inp_E_kappa: 0.1337705259123958
inp_E_topo: 0.2597096059934292
inp_I_kappa: 0.09635186053208207
inp_I_topo: 1.7912107339542847
input_weight: 0.10393208240074223
max_h_for_output: 5.0
mod_EE_weight: 0.8128488115565506
mod_EI_weight: 0.5157446378714672
mod_IE_weight: 0.47846855630682017
mod_II_weight: 0.8486107027436005
n_actions: 3
n_bottom_up: 67
n_cue_tuned: 2
n_exc: 2000
n_fix_tuned: 1
n_hidden: 2500
n_inh: 500
n_motion_tuned: 64
n_reward_levels: 3
n_top_down: 10
n_top_down_hidden: 64
noise_input_sd: 0.0
noise_rnn_sd: 0.05
nonlinear_top_down: false
restrict_output_to_exc: false
rnn_weight: 0.19538718580672926
tc_modulator: 47.61170668541928
tc_soma: 100
td_E_kappa: 0.12261149755988797
td_E_topo: 0.27126004499013323
td_I_kappa: 0.15717347271560736
td_I_topo: 1.7188112564816573
td_weight: 0.08721234785767684
