EE_kappa: 0.07924984402416933
EE_topo: 0.4287139387514727
EE_topo_mod: 8.943555229193592e-13
EI_kappa: 0.1599376631830951
EI_topo: 0.35181660152980543
EI_topo_mod: 6.587391052331809e-13
E_bias_mean: 0.0
E_bias_std: 1.0e-12
IE_kappa: 0.0809616023309857
IE_topo: 0.4564613752219042
IE_topo_mod: 1.2754911302512783e-13
II_kappa: 0.14675115869999258
II_topo: 0.8700653996964236
II_topo_mod: 4.079465801773505e-13
I_bias_mean: 0.0
I_bias_std: 1.0e-12
alpha_EE: 0.18697414709560475
alpha_EI: 0.26115616764395605
alpha_II: 0.13998162298470604
dt: 20
filename: results_9f657a4d-4e80-4ae7-8e4d-995547edd40e.pkl
init_exc: 0.2
init_inh: 0.4
init_mod: 0.1
inp_E_kappa: 0.22519851252894502
inp_E_topo: 1.3527349968259466
inp_I_kappa: 0.1919348137068389
inp_I_topo: 0.32510923179478324
input_weight: 0.19330792317896983
max_h_for_output: 5.0
mod_EE_weight: 0.6670197749486996
mod_EI_weight: 0.29600032464490567
mod_IE_weight: 0.013973616100090736
mod_II_weight: 0.9625272034111311
n_actions: 3
n_bottom_up: 67
n_cue_tuned: 2
n_exc: 2000
n_fix_tuned: 1
n_hidden: 2500
n_inh: 500
n_motion_tuned: 64
n_reward_levels: 3
n_top_down: 10
n_top_down_hidden: 64
noise_input_sd: 0.0
noise_rnn_sd: 0.05
nonlinear_top_down: false
restrict_output_to_exc: false
rnn_weight: 0.13230345192074539
tc_modulator: 98.31257387821141
tc_soma: 100
td_E_kappa: 0.07307816238306775
td_E_topo: 0.5392550420367406
td_I_kappa: 0.19959165622052266
td_I_topo: 0.8615609680722895
td_weight: 0.08721234785767684
