EE_kappa: 0.08180883296201372
EE_topo: 1.9698390614003798
EE_topo_mod: 3.2124780010333054e-13
EI_kappa: 0.11027160261122262
EI_topo: 1.5784918162561379
EI_topo_mod: 7.395127385299198e-13
E_bias_mean: 0.0
E_bias_std: 1.0e-12
IE_kappa: 0.16945478974379274
IE_topo: 0.7797080979320912
IE_topo_mod: 8.71235989401034e-13
II_kappa: 0.11737511987026253
II_topo: 1.1842280815927588
II_topo_mod: 3.1119196611344347e-13
I_bias_mean: 0.0
I_bias_std: 1.0e-12
alpha_EE: 0.21793356515723375
alpha_EI: 0.2603645487577265
alpha_II: 0.15541679769531563
dt: 20
filename: results_cabf4f3a-ae89-43b8-8da7-175265117711.pkl
init_exc: 0.2
init_inh: 0.4
init_mod: 0.1
inp_E_kappa: 0.21192301193965463
inp_E_topo: 1.3241674658153368
inp_I_kappa: 0.21691497966608747
inp_I_topo: 1.101121320904257
input_weight: 0.07451926851040433
max_h_for_output: 5.0
mod_EE_weight: 0.08482155415120451
mod_EI_weight: 1.8050872103197126
mod_IE_weight: 0.5337437392168463
mod_II_weight: 0.4396789166800563
n_actions: 3
n_bottom_up: 67
n_cue_tuned: 2
n_exc: 2000
n_fix_tuned: 1
n_hidden: 2500
n_inh: 500
n_motion_tuned: 64
n_reward_levels: 3
n_top_down: 10
n_top_down_hidden: 64
noise_input_sd: 0.0
noise_rnn_sd: 0.05
nonlinear_top_down: false
restrict_output_to_exc: false
rnn_weight: 0.08093806476854468
tc_modulator: 51.360286246993745
tc_soma: 100
td_E_kappa: 0.1310883538399184
td_E_topo: 0.2549421248145636
td_I_kappa: 0.08575521105826436
td_I_topo: 1.8994622778820736
td_weight: 0.08721234785767684
