EE_kappa: 0.0948334992039695
EE_topo: 1.3894598491702301
EE_topo_mod: 7.353954475186172e-13
EI_kappa: 0.12941707384895235
EI_topo: 0.9035724674983967
EI_topo_mod: 4.67867967125557e-15
E_bias_mean: 0.0
E_bias_std: 1.0e-12
IE_kappa: 0.21742220924269856
IE_topo: 1.9219741009600901
IE_topo_mod: 7.897634604595023e-13
II_kappa: 0.21358808007667218
II_topo: 0.9511024006378141
II_topo_mod: 3.474267016799132e-13
I_bias_mean: 0.0
I_bias_std: 1.0e-12
alpha_EE: 0.04960923310179349
alpha_EI: 0.06933179562677307
alpha_II: 0.018752356640817123
dt: 20
filename: results_ebfee76e-5419-4ce2-80d7-0868627c30e9.pkl
init_exc: 0.2
init_inh: 0.4
init_mod: 0.1
inp_E_kappa: 0.11525343501962433
inp_E_topo: 0.056552403807877294
inp_I_kappa: 0.2394837610719387
inp_I_topo: 0.49332225976105204
input_weight: 0.17495069926873497
max_h_for_output: 5.0
mod_EE_weight: 1.8013409141188255
mod_EI_weight: 1.6308552444210773
mod_IE_weight: 0.46702509276573956
mod_II_weight: 1.3440548285346126
n_actions: 3
n_bottom_up: 67
n_cue_tuned: 2
n_exc: 2000
n_fix_tuned: 1
n_hidden: 2500
n_inh: 500
n_motion_tuned: 64
n_reward_levels: 3
n_top_down: 10
n_top_down_hidden: 64
noise_input_sd: 0.0
noise_rnn_sd: 0.05
nonlinear_top_down: false
restrict_output_to_exc: false
rnn_weight: 0.1638912202808313
tc_modulator: 87.87517842044814
tc_soma: 100
td_E_kappa: 0.052942903564559135
td_E_topo: 1.606138238518109
td_I_kappa: 0.12140714826980509
td_I_topo: 0.6618661201412062
td_weight: 0.08721234785767684
