EE_kappa: 0.0641498735174986
EE_topo: 0.08826939454403937
EE_topo_mod: 8.470687951034228e-13
EI_kappa: 0.16438006554435564
EI_topo: 0.4235643613147284
EI_topo_mod: 5.809344268822425e-13
E_bias_mean: 0.0
E_bias_std: 1.0e-12
IE_kappa: 0.14889014213682866
IE_topo: 1.99989507866349
IE_topo_mod: 9.370210264344899e-13
II_kappa: 0.23192137669980684
II_topo: 1.8805607215785076
II_topo_mod: 3.164105249440767e-13
I_bias_mean: 0.0
I_bias_std: 1.0e-12
alpha_EE: 0.055197385630351946
alpha_EI: 0.15963628261288718
alpha_II: 0.07906176517570652
dt: 20
filename: results_8a8b227d-520e-474a-a368-4b0d8a645e84.pkl
init_exc: 0.2
init_inh: 0.4
init_mod: 0.1
inp_E_kappa: 0.1513409908838636
inp_E_topo: 0.7627848105083492
inp_I_kappa: 0.24447526659126245
inp_I_topo: 1.4322092956518064
input_weight: 0.17424175578061069
max_h_for_output: 5.0
mod_EE_weight: 0.5839116294382382
mod_EI_weight: 0.10152603957738304
mod_IE_weight: 0.3205880886384661
mod_II_weight: 0.9180566760569039
n_actions: 3
n_bottom_up: 67
n_cue_tuned: 2
n_exc: 2000
n_fix_tuned: 1
n_hidden: 2500
n_inh: 500
n_motion_tuned: 64
n_reward_levels: 3
n_top_down: 10
n_top_down_hidden: 64
noise_input_sd: 0.0
noise_rnn_sd: 0.05
nonlinear_top_down: false
restrict_output_to_exc: false
rnn_weight: 0.18168040522933138
tc_modulator: 86.69494694265425
tc_soma: 100
td_E_kappa: 0.22397828556026006
td_E_topo: 1.734985621953274
td_I_kappa: 0.13680070169809527
td_I_topo: 0.7904349322430133
td_weight: 0.08721234785767684
