EE_kappa: 0.06192926675388264
EE_topo: 0.44278104629972304
EE_topo_mod: 9.862362079796394e-14
EI_kappa: 0.21799863533918717
EI_topo: 1.3300915594697096
EI_topo_mod: 8.917360853201758e-13
E_bias_mean: 0.0
E_bias_std: 1.0e-12
IE_kappa: 0.12579142862667653
IE_topo: 0.8487640080223866
IE_topo_mod: 7.163277551404814e-13
II_kappa: 0.2487242948086863
II_topo: 1.686086352983999
II_topo_mod: 8.498491357087575e-13
I_bias_mean: 0.0
I_bias_std: 1.0e-12
alpha_EE: 0.20563149829238808
alpha_EI: 0.030195467217798286
alpha_II: 0.06397416231195951
dt: 20
filename: results_bbc18314-db8d-4ae5-b1d0-0622ab84cdb3.pkl
init_exc: 0.2
init_inh: 0.4
init_mod: 0.1
inp_E_kappa: 0.08117597156554485
inp_E_topo: 1.8185386408632511
inp_I_kappa: 0.1518993118890854
inp_I_topo: 0.5256196081237949
input_weight: 0.15375931636520787
max_h_for_output: 5.0
mod_EE_weight: 0.46810827944984523
mod_EI_weight: 0.9054184014749789
mod_IE_weight: 1.8118152245405237
mod_II_weight: 0.7250652326554989
n_actions: 3
n_bottom_up: 67
n_cue_tuned: 2
n_exc: 2000
n_fix_tuned: 1
n_hidden: 2500
n_inh: 500
n_motion_tuned: 64
n_reward_levels: 3
n_top_down: 10
n_top_down_hidden: 64
noise_input_sd: 0.0
noise_rnn_sd: 0.05
nonlinear_top_down: false
restrict_output_to_exc: false
rnn_weight: 0.1640805477952736
tc_modulator: 23.144048818722265
tc_soma: 100
td_E_kappa: 0.21496187515608345
td_E_topo: 0.7071231941811724
td_I_kappa: 0.15381220147432464
td_I_topo: 0.8560486256105777
td_weight: 0.08721234785767684
