EE_kappa: 0.06356679071246395
EE_topo: 0.2429871871368834
EE_topo_mod: 5.754695432760536e-13
EI_kappa: 0.1698924439266989
EI_topo: 0.16872805208083874
EI_topo_mod: 9.26166580935679e-13
E_bias_mean: 0.0
E_bias_std: 1.0e-12
IE_kappa: 0.06973036669922904
IE_topo: 0.815838818792169
IE_topo_mod: 5.54681778208502e-13
II_kappa: 0.18671728680351252
II_topo: 1.1352833182435313
II_topo_mod: 2.830349264642814e-13
I_bias_mean: 0.0
I_bias_std: 1.0e-12
alpha_EE: 0.1836837989916684
alpha_EI: 0.155959080958352
alpha_II: 0.2866786528974052
dt: 20
filename: results_469bec86-80ca-4f4b-9599-ec716ea569a4.pkl
init_exc: 0.2
init_inh: 0.4
init_mod: 0.1
inp_E_kappa: 0.1392336089378708
inp_E_topo: 0.29520339035784304
inp_I_kappa: 0.08632006956845026
inp_I_topo: 0.5528402303140847
input_weight: 0.13718470538762134
max_h_for_output: 5.0
mod_EE_weight: 0.3901261758754657
mod_EI_weight: 1.3745186629989903
mod_IE_weight: 0.13083106249629117
mod_II_weight: 1.5025379927243825
n_actions: 3
n_bottom_up: 67
n_cue_tuned: 2
n_exc: 2000
n_fix_tuned: 1
n_hidden: 2500
n_inh: 500
n_motion_tuned: 64
n_reward_levels: 3
n_top_down: 10
n_top_down_hidden: 64
noise_input_sd: 0.0
noise_rnn_sd: 0.05
nonlinear_top_down: false
restrict_output_to_exc: false
rnn_weight: 0.16048497764140573
tc_modulator: 71.39615863054185
tc_soma: 100
td_E_kappa: 0.14537750287852283
td_E_topo: 1.7161110829374657
td_I_kappa: 0.07653305358052363
td_I_topo: 1.3602491485803487
td_weight: 0.08721234785767684
