EE_kappa: 0.12342225065190729
EE_topo: 0.9002130703033209
EE_topo_mod: 9.879151172085947e-13
EI_kappa: 0.20741385278717583
EI_topo: 0.4387563557102421
EI_topo_mod: 8.797862364272612e-14
E_bias_mean: 0.0
E_bias_std: 1.0e-12
IE_kappa: 0.20154792633331547
IE_topo: 0.8382575541426096
IE_topo_mod: 1.3175027695629316e-13
II_kappa: 0.20829097960653797
II_topo: 1.2033641749314306
II_topo_mod: 8.562170797932676e-13
I_bias_mean: 0.0
I_bias_std: 1.0e-12
alpha_EE: 0.14362639553019563
alpha_EI: 0.030664978656184137
alpha_II: 0.2846283309678953
dt: 20
filename: results_88392297-d5a9-4c53-bce9-dbb122765d21.pkl
init_exc: 0.2
init_inh: 0.4
init_mod: 0.1
inp_E_kappa: 0.09783555968969454
inp_E_topo: 1.1088571752819123
inp_I_kappa: 0.0830603784210042
inp_I_topo: 0.5554647833221735
input_weight: 0.15772826247744415
max_h_for_output: 5.0
mod_EE_weight: 0.7268143298344006
mod_EI_weight: 0.7161528595470034
mod_IE_weight: 0.11893292769936903
mod_II_weight: 0.7108105197539104
n_actions: 3
n_bottom_up: 67
n_cue_tuned: 2
n_exc: 2000
n_fix_tuned: 1
n_hidden: 2500
n_inh: 500
n_motion_tuned: 64
n_reward_levels: 3
n_top_down: 10
n_top_down_hidden: 64
noise_input_sd: 0.0
noise_rnn_sd: 0.05
nonlinear_top_down: false
restrict_output_to_exc: false
rnn_weight: 0.18979355481289645
tc_modulator: 52.405149257036456
tc_soma: 100
td_E_kappa: 0.14109541599294478
td_E_topo: 0.7079967184402884
td_I_kappa: 0.11262336939829097
td_I_topo: 0.2159205941920852
td_weight: 0.08721234785767684
