EE_kappa: 0.07525391665860642
EE_topo: 1.0631157950564765
EE_topo_mod: 4.4570042560123636e-13
EI_kappa: 0.11923394983730443
EI_topo: 1.1276466991448033
EI_topo_mod: 7.372452546874314e-13
E_bias_mean: 0.0
E_bias_std: 1.0e-12
IE_kappa: 0.14165277687934907
IE_topo: 1.459491983942148
IE_topo_mod: 4.258959228456084e-13
II_kappa: 0.16671451505768714
II_topo: 1.4488920062315578
II_topo_mod: 8.5865708765928e-13
I_bias_mean: 0.0
I_bias_std: 1.0e-12
alpha_EE: 0.0882305170487826
alpha_EI: 0.22499849177738193
alpha_II: 0.05359917804564085
dt: 20
filename: results_b24f99ca-5540-4e3c-880d-bce50bd2f1df.pkl
init_exc: 0.2
init_inh: 0.4
init_mod: 0.1
inp_E_kappa: 0.18287855216872745
inp_E_topo: 1.945300873810028
inp_I_kappa: 0.07658082976340193
inp_I_topo: 0.05883398297303466
input_weight: 0.18509293108929858
max_h_for_output: 5.0
mod_EE_weight: 0.4017647130082017
mod_EI_weight: 0.5971525703943477
mod_IE_weight: 0.20986428013788994
mod_II_weight: 0.8402992999125871
n_actions: 3
n_bottom_up: 67
n_cue_tuned: 2
n_exc: 2000
n_fix_tuned: 1
n_hidden: 2500
n_inh: 500
n_motion_tuned: 64
n_reward_levels: 3
n_top_down: 10
n_top_down_hidden: 64
noise_input_sd: 0.0
noise_rnn_sd: 0.05
nonlinear_top_down: false
restrict_output_to_exc: false
rnn_weight: 0.11884170399034884
tc_modulator: 23.340858895517023
tc_soma: 100
td_E_kappa: 0.2383701842890042
td_E_topo: 0.6471682756755248
td_I_kappa: 0.06645373184808959
td_I_topo: 1.5470321664338555
td_weight: 0.08721234785767684
