EE_kappa: 0.082783737335168
EE_topo: 1.7888852362216903
EE_topo_mod: 1.0614720671974198e-13
EI_kappa: 0.13131152321075407
EI_topo: 0.9303105349886873
EI_topo_mod: 4.1250014221671617e-13
E_bias_mean: 0.0
E_bias_std: 1.0e-12
IE_kappa: 0.16129318880534071
IE_topo: 0.7782317058001091
IE_topo_mod: 6.20511264132704e-13
II_kappa: 0.1473006544590577
II_topo: 0.04794790058083409
II_topo_mod: 2.0060732474015107e-13
I_bias_mean: 0.0
I_bias_std: 1.0e-12
alpha_EE: 0.13778410192743978
alpha_EI: 0.2742443118959215
alpha_II: 0.14784241114959004
dt: 20
filename: results_db061f7e-8f0e-4f4b-9326-ab93c8aae318.pkl
init_exc: 0.2
init_inh: 0.4
init_mod: 0.1
inp_E_kappa: 0.23773276211532207
inp_E_topo: 1.3931717431033555
inp_I_kappa: 0.11001829765718435
inp_I_topo: 1.9867703189942159
input_weight: 0.1010323984271197
max_h_for_output: 5.0
mod_EE_weight: 1.5358556690187724
mod_EI_weight: 0.5871792578669273
mod_IE_weight: 1.2264886480487414
mod_II_weight: 0.4386471472000728
n_actions: 3
n_bottom_up: 67
n_cue_tuned: 2
n_exc: 2000
n_fix_tuned: 1
n_hidden: 2500
n_inh: 500
n_motion_tuned: 64
n_reward_levels: 3
n_top_down: 10
n_top_down_hidden: 64
noise_input_sd: 0.0
noise_rnn_sd: 0.05
nonlinear_top_down: false
restrict_output_to_exc: false
rnn_weight: 0.10729473886504601
tc_modulator: 48.96254258564335
tc_soma: 100
td_E_kappa: 0.10558281316900651
td_E_topo: 1.3568085932699656
td_I_kappa: 0.10915599375879917
td_I_topo: 1.6303770160981743
td_weight: 0.08721234785767684
