EE_kappa: 0.10653745958563372
EE_topo: 1.8876949435864732
EE_topo_mod: 2.394971544767761e-13
EI_kappa: 0.14055548944357188
EI_topo: 1.8016658135864405
EI_topo_mod: 7.590737206864647e-13
E_bias_mean: 0.0
E_bias_std: 1.0e-12
IE_kappa: 0.18529599063013985
IE_topo: 1.2497006943278934
IE_topo_mod: 6.557714887382169e-13
II_kappa: 0.16782823074933498
II_topo: 0.2069343413763749
II_topo_mod: 1.7516506702031264e-13
I_bias_mean: 0.0
I_bias_std: 1.0e-12
alpha_EE: 0.14094630328070692
alpha_EI: 0.16066894451521344
alpha_II: 0.22443508085556854
dt: 20
filename: results_349601ee-a34f-4cfc-8c2f-343a84d8d5d9.pkl
init_exc: 0.2
init_inh: 0.4
init_mod: 0.1
inp_E_kappa: 0.08613714278377221
inp_E_topo: 1.546746369546498
inp_I_kappa: 0.06111068739472594
inp_I_topo: 0.3156482339832811
input_weight: 0.1568396148486696
max_h_for_output: 5.0
mod_EE_weight: 0.42663370278673507
mod_EI_weight: 1.9385316135597939
mod_IE_weight: 0.662868500418136
mod_II_weight: 1.4291750740030935
n_actions: 3
n_bottom_up: 67
n_cue_tuned: 2
n_exc: 2000
n_fix_tuned: 1
n_hidden: 2500
n_inh: 500
n_motion_tuned: 64
n_reward_levels: 3
n_top_down: 10
n_top_down_hidden: 64
noise_input_sd: 0.0
noise_rnn_sd: 0.05
nonlinear_top_down: false
restrict_output_to_exc: false
rnn_weight: 0.10476415196849444
tc_modulator: 23.621180185596124
tc_soma: 100
td_E_kappa: 0.05737731244271158
td_E_topo: 1.7556623134629785
td_I_kappa: 0.12206813954266615
td_I_topo: 1.3639741437148363
td_weight: 0.08721234785767684
