EE_kappa: 0.06098673274801199
EE_topo: 1.9716933092718907
EE_topo_mod: 6.192901503019431e-13
EI_kappa: 0.2229550157669174
EI_topo: 1.9149665052525369
EI_topo_mod: 4.817793232814963e-13
E_bias_mean: 0.0
E_bias_std: 1.0e-12
IE_kappa: 0.10375601408065227
IE_topo: 0.8221666082928345
IE_topo_mod: 9.477934512061724e-13
II_kappa: 0.12697123309516944
II_topo: 1.2839655708612476
II_topo_mod: 7.355543332815696e-13
I_bias_mean: 0.0
I_bias_std: 1.0e-12
alpha_EE: 0.19072988337400032
alpha_EI: 0.033141019392509186
alpha_II: 0.08300332004207385
dt: 20
filename: results_f4b3d702-5df4-46e0-b363-fe269b3d9e26.pkl
init_exc: 0.2
init_inh: 0.4
init_mod: 0.1
inp_E_kappa: 0.22186727841721066
inp_E_topo: 1.1804390596885055
inp_I_kappa: 0.24221149983819545
inp_I_topo: 0.26691083783688385
input_weight: 0.1950579804837238
max_h_for_output: 5.0
mod_EE_weight: 0.9182937830285537
mod_EI_weight: 0.9807097804657386
mod_IE_weight: 0.0312669323847512
mod_II_weight: 0.0069171269905971
n_actions: 3
n_bottom_up: 67
n_cue_tuned: 2
n_exc: 2000
n_fix_tuned: 1
n_hidden: 2500
n_inh: 500
n_motion_tuned: 64
n_reward_levels: 3
n_top_down: 10
n_top_down_hidden: 64
noise_input_sd: 0.0
noise_rnn_sd: 0.05
nonlinear_top_down: false
restrict_output_to_exc: false
rnn_weight: 0.15875290612457982
tc_modulator: 33.6793862259145
tc_soma: 100
td_E_kappa: 0.08286146315710625
td_E_topo: 1.2894708410640567
td_I_kappa: 0.1522340987430017
td_I_topo: 1.8205501888797326
td_weight: 0.08721234785767684
