EE_kappa: 0.06994663315509556
EE_topo: 1.803902127599452
EE_topo_mod: 2.7670027893307303e-14
EI_kappa: 0.19326602322652492
EI_topo: 0.5302618935348253
EI_topo_mod: 3.2522841492772336e-13
E_bias_mean: 0.0
E_bias_std: 1.0e-12
IE_kappa: 0.20382795025758782
IE_topo: 1.8692370317637257
IE_topo_mod: 4.941474234696257e-13
II_kappa: 0.21510782134136064
II_topo: 0.4786150474026494
II_topo_mod: 9.761187114481958e-13
I_bias_mean: 0.0
I_bias_std: 1.0e-12
alpha_EE: 0.22673361394100125
alpha_EI: 0.2781065450864014
alpha_II: 0.18810423983149857
dt: 20
filename: results_b5d37f34-ffb8-4469-a7e5-6a86fef7c9fe.pkl
init_exc: 0.2
init_inh: 0.4
init_mod: 0.1
inp_E_kappa: 0.17708350093929187
inp_E_topo: 0.5017381076165199
inp_I_kappa: 0.19962256656276106
inp_I_topo: 1.9286176311691283
input_weight: 0.1541681995468535
max_h_for_output: 5.0
mod_EE_weight: 0.8314837700707434
mod_EI_weight: 1.7734495413919176
mod_IE_weight: 1.2205099191349726
mod_II_weight: 1.4291060606856514
n_actions: 3
n_bottom_up: 67
n_cue_tuned: 2
n_exc: 2000
n_fix_tuned: 1
n_hidden: 2500
n_inh: 500
n_motion_tuned: 64
n_reward_levels: 3
n_top_down: 10
n_top_down_hidden: 64
noise_input_sd: 0.0
noise_rnn_sd: 0.05
nonlinear_top_down: false
restrict_output_to_exc: false
rnn_weight: 0.1801784996102027
tc_modulator: 82.87898835403367
tc_soma: 100
td_E_kappa: 0.0763890796635159
td_E_topo: 1.5415594258067584
td_I_kappa: 0.23042113793422808
td_I_topo: 0.9820091080916185
td_weight: 0.08721234785767684
