EE_kappa: 0.11221089846409
EE_topo: 1.2578070780824426
EE_topo_mod: 2.086295547593715e-13
EI_kappa: 0.24721791115885744
EI_topo: 1.6706611632519128
EI_topo_mod: 8.013454600879277e-14
E_bias_mean: 0.0
E_bias_std: 1.0e-12
IE_kappa: 0.2138307265035127
IE_topo: 0.2245981161605246
IE_topo_mod: 3.250138529429392e-13
II_kappa: 0.22469797892047344
II_topo: 0.04452989375384098
II_topo_mod: 8.690872786769072e-13
I_bias_mean: 0.0
I_bias_std: 1.0e-12
alpha_EE: 0.1194102412272468
alpha_EI: 0.06391294317043132
alpha_II: 0.15910521217869134
dt: 20
filename: results_fa2dbe60-6220-4a22-af4e-deac137923b5.pkl
init_exc: 0.2
init_inh: 0.4
init_mod: 0.1
inp_E_kappa: 0.24586047070691947
inp_E_topo: 0.9482499729197691
inp_I_kappa: 0.10431467915845134
inp_I_topo: 1.6692518493541457
input_weight: 0.17038156158675277
max_h_for_output: 5.0
mod_EE_weight: 0.7310641969324418
mod_EI_weight: 1.4405505789094117
mod_IE_weight: 1.986603906346398
mod_II_weight: 0.8154762157957764
n_actions: 3
n_bottom_up: 67
n_cue_tuned: 2
n_exc: 2000
n_fix_tuned: 1
n_hidden: 2500
n_inh: 500
n_motion_tuned: 64
n_reward_levels: 3
n_top_down: 10
n_top_down_hidden: 64
noise_input_sd: 0.0
noise_rnn_sd: 0.05
nonlinear_top_down: false
restrict_output_to_exc: false
rnn_weight: 0.13443602837092045
tc_modulator: 81.30415746521913
tc_soma: 100
td_E_kappa: 0.08167849257198942
td_E_topo: 0.34178840530568855
td_I_kappa: 0.12105196252235767
td_I_topo: 0.22957200758182572
td_weight: 0.08721234785767684
