EE_kappa: 0.06439152139487184
EE_topo: 0.7468851053229633
EE_topo_mod: 8.49616864231319e-13
EI_kappa: 0.0875030317745269
EI_topo: 0.7130875747723655
EI_topo_mod: 4.864215414152701e-13
E_bias_mean: 0.0
E_bias_std: 1.0e-12
IE_kappa: 0.18223592305206243
IE_topo: 0.04869086222438046
IE_topo_mod: 3.459990590090722e-14
II_kappa: 0.2097089121794365
II_topo: 1.1927526492842915
II_topo_mod: 4.0749693787236096e-13
I_bias_mean: 0.0
I_bias_std: 1.0e-12
alpha_EE: 0.06411244979596445
alpha_EI: 0.29059771094792086
alpha_II: 0.12063883227059236
dt: 20
filename: results_d8abe3e6-f7da-4f84-aa3b-a46df0ce4242.pkl
init_exc: 0.2
init_inh: 0.4
init_mod: 0.1
inp_E_kappa: 0.22515097401294298
inp_E_topo: 1.3566789349700261
inp_I_kappa: 0.1326720455015868
inp_I_topo: 1.2079212495886456
input_weight: 0.08710396098633355
max_h_for_output: 5.0
mod_EE_weight: 0.9970316219194683
mod_EI_weight: 0.34922701247009047
mod_IE_weight: 0.4103338007936721
mod_II_weight: 0.8994799559449517
n_actions: 3
n_bottom_up: 67
n_cue_tuned: 2
n_exc: 2000
n_fix_tuned: 1
n_hidden: 2500
n_inh: 500
n_motion_tuned: 64
n_reward_levels: 3
n_top_down: 10
n_top_down_hidden: 64
noise_input_sd: 0.0
noise_rnn_sd: 0.05
nonlinear_top_down: false
restrict_output_to_exc: false
rnn_weight: 0.16304291108851382
tc_modulator: 69.0619347199246
tc_soma: 100
td_E_kappa: 0.13915629348431263
td_E_topo: 1.622242344313166
td_I_kappa: 0.10613871218612309
td_I_topo: 0.22292932205396832
td_weight: 0.08721234785767684
