EE_kappa: 0.09904530455034628
EE_topo: 0.522575378298741
EE_topo_mod: 5.942055712083932e-13
EI_kappa: 0.16948370828543236
EI_topo: 1.0137262279381678
EI_topo_mod: 4.106783879198652e-13
E_bias_mean: 0.0
E_bias_std: 1.0e-12
IE_kappa: 0.14233729328044736
IE_topo: 0.7120526595357033
IE_topo_mod: 8.37567335566819e-13
II_kappa: 0.16774808496791532
II_topo: 1.284261783750086
II_topo_mod: 1.8299971102927336e-13
I_bias_mean: 0.0
I_bias_std: 1.0e-12
alpha_EE: 0.21051485937840872
alpha_EI: 0.2701231108539979
alpha_II: 0.2459702542199288
dt: 20
filename: results_decf9c1d-7f1e-46cc-8ec7-1166c86f6842.pkl
init_exc: 0.2
init_inh: 0.4
init_mod: 0.1
inp_E_kappa: 0.14609011051701626
inp_E_topo: 0.011537458511860832
inp_I_kappa: 0.18126559802211767
inp_I_topo: 1.932622005699529
input_weight: 0.06833591930490757
max_h_for_output: 5.0
mod_EE_weight: 0.6897536690377151
mod_EI_weight: 0.613562893889023
mod_IE_weight: 1.331891993344528
mod_II_weight: 0.8126219989243371
n_actions: 3
n_bottom_up: 67
n_cue_tuned: 2
n_exc: 2000
n_fix_tuned: 1
n_hidden: 2500
n_inh: 500
n_motion_tuned: 64
n_reward_levels: 3
n_top_down: 10
n_top_down_hidden: 64
noise_input_sd: 0.0
noise_rnn_sd: 0.05
nonlinear_top_down: false
restrict_output_to_exc: false
rnn_weight: 0.185083443596174
tc_modulator: 70.18263390100324
tc_soma: 100
td_E_kappa: 0.18312836982568226
td_E_topo: 0.47420911800395205
td_I_kappa: 0.14382856779841527
td_I_topo: 0.18368701222769612
td_weight: 0.08721234785767684
