EE_kappa: 0.1398527606838854
EE_topo: 0.355448027895952
EE_topo_mod: 8.935907311028054e-13
EI_kappa: 0.18204381563770528
EI_topo: 1.7974572158965696
EI_topo_mod: 5.98311134921169e-14
E_bias_mean: 0.0
E_bias_std: 1.0e-12
IE_kappa: 0.19535692590784237
IE_topo: 0.8885113320284368
IE_topo_mod: 4.281367819145797e-13
II_kappa: 0.16192063513364024
II_topo: 1.477516285407493
II_topo_mod: 1.9270962397206913e-13
I_bias_mean: 0.0
I_bias_std: 1.0e-12
alpha_EE: 0.1377330340066725
alpha_EI: 0.022092356883290965
alpha_II: 0.1611193299024425
dt: 20
filename: results_0c318b16-58b2-4781-8b86-adfe287f807b.pkl
init_exc: 0.2
init_inh: 0.4
init_mod: 0.1
inp_E_kappa: 0.06247629841594815
inp_E_topo: 0.9451808826553632
inp_I_kappa: 0.09304146022595197
inp_I_topo: 0.6263969454201148
input_weight: 0.1411910815086736
max_h_for_output: 5.0
mod_EE_weight: 1.6627510266837775
mod_EI_weight: 1.626855804281356
mod_IE_weight: 1.2149647500620102
mod_II_weight: 0.8209357859011719
n_actions: 3
n_bottom_up: 67
n_cue_tuned: 2
n_exc: 2000
n_fix_tuned: 1
n_hidden: 2500
n_inh: 500
n_motion_tuned: 64
n_reward_levels: 3
n_top_down: 10
n_top_down_hidden: 64
noise_input_sd: 0.0
noise_rnn_sd: 0.05
nonlinear_top_down: false
restrict_output_to_exc: false
rnn_weight: 0.1310416269764163
tc_modulator: 37.742576571490744
tc_soma: 100
td_E_kappa: 0.16876905728992755
td_E_topo: 0.5958987288360944
td_I_kappa: 0.13651195866797372
td_I_topo: 1.8119824730286327
td_weight: 0.08721234785767684
