EE_kappa: 0.09687005662069817
EE_topo: 0.9327001029504369
EE_topo_mod: 9.646234996047575e-13
EI_kappa: 0.17521997583689408
EI_topo: 0.29291384990870517
EI_topo_mod: 4.351484568336895e-13
E_bias_mean: 0.0
E_bias_std: 1.0e-12
IE_kappa: 0.20355258345215405
IE_topo: 1.5768553830407324
IE_topo_mod: 2.163544188390587e-14
II_kappa: 0.15868692054286282
II_topo: 1.4578699563960562
II_topo_mod: 2.791894937140177e-13
I_bias_mean: 0.0
I_bias_std: 1.0e-12
alpha_EE: 0.23831910366870646
alpha_EI: 0.035024715758205836
alpha_II: 0.19378256714543216
dt: 20
filename: results_7c847ba3-31b4-4141-b9b9-9f2a820c9cca.pkl
init_exc: 0.2
init_inh: 0.4
init_mod: 0.1
inp_E_kappa: 0.2322621478008678
inp_E_topo: 1.4866285800973023
inp_I_kappa: 0.05558437212599643
inp_I_topo: 1.7798973370208488
input_weight: 0.15046404053788787
max_h_for_output: 5.0
mod_EE_weight: 1.1700968883880418
mod_EI_weight: 0.7770684600796642
mod_IE_weight: 1.387639481149943
mod_II_weight: 1.1182585695615412
n_actions: 3
n_bottom_up: 67
n_cue_tuned: 2
n_exc: 2000
n_fix_tuned: 1
n_hidden: 2500
n_inh: 500
n_motion_tuned: 64
n_reward_levels: 3
n_top_down: 10
n_top_down_hidden: 64
noise_input_sd: 0.0
noise_rnn_sd: 0.05
nonlinear_top_down: false
restrict_output_to_exc: false
rnn_weight: 0.1691759317077875
tc_modulator: 34.7815434127495
tc_soma: 100
td_E_kappa: 0.0695088357028419
td_E_topo: 0.20539941466384914
td_I_kappa: 0.21419652955973878
td_I_topo: 1.5798419873417178
td_weight: 0.08721234785767684
