EE_kappa: 0.08011792032602538
EE_topo: 1.4547604462632064
EE_topo_mod: 4.621212833715005e-13
EI_kappa: 0.17761658866384106
EI_topo: 1.9924122537073117
EI_topo_mod: 8.702580423086182e-14
E_bias_mean: 0.0
E_bias_std: 1.0e-12
IE_kappa: 0.10136662284857517
IE_topo: 1.5259503470389837
IE_topo_mod: 2.7804614789823768e-14
II_kappa: 0.12434967872895947
II_topo: 1.689085254968508
II_topo_mod: 3.7534545852293477e-13
I_bias_mean: 0.0
I_bias_std: 1.0e-12
alpha_EE: 0.299265378986937
alpha_EI: 0.1107291166558181
alpha_II: 0.22304564690159223
dt: 20
filename: results_6502b268-e4e0-4d47-86e2-525f49c6f208.pkl
init_exc: 0.2
init_inh: 0.4
init_mod: 0.1
inp_E_kappa: 0.23731353392193127
inp_E_topo: 0.4340786429035375
inp_I_kappa: 0.1522966742688309
inp_I_topo: 1.0735640032660003
input_weight: 0.1844394588274727
max_h_for_output: 5.0
mod_EE_weight: 1.923587968867273
mod_EI_weight: 0.3032196485445615
mod_IE_weight: 0.19008156440647306
mod_II_weight: 1.7823080101310438
n_actions: 3
n_bottom_up: 67
n_cue_tuned: 2
n_exc: 2000
n_fix_tuned: 1
n_hidden: 2500
n_inh: 500
n_motion_tuned: 64
n_reward_levels: 3
n_top_down: 10
n_top_down_hidden: 64
noise_input_sd: 0.0
noise_rnn_sd: 0.05
nonlinear_top_down: false
restrict_output_to_exc: false
rnn_weight: 0.13533165503070246
tc_modulator: 69.37506172002415
tc_soma: 100
td_E_kappa: 0.056458678260506816
td_E_topo: 0.9106481083375975
td_I_kappa: 0.24201251468911783
td_I_topo: 0.5693709175166131
td_weight: 0.08721234785767684
