EE_kappa: 0.06329384478737908
EE_topo: 0.6700616502020531
EE_topo_mod: 9.225062689887296e-13
EI_kappa: 0.11151262475212341
EI_topo: 1.0484005859454077
EI_topo_mod: 4.2067777883335777e-13
E_bias_mean: 0.0
E_bias_std: 1.0e-12
IE_kappa: 0.13338915079677655
IE_topo: 1.963869659740843
IE_topo_mod: 9.027709963775893e-13
II_kappa: 0.1468219350826533
II_topo: 0.4530976766683814
II_topo_mod: 7.056922809756083e-13
I_bias_mean: 0.0
I_bias_std: 1.0e-12
alpha_EE: 0.02488889178171678
alpha_EI: 0.10493659601150636
alpha_II: 0.1245371690035084
dt: 20
filename: results_d1980d9f-dd32-40b1-accd-465e029a5239.pkl
init_exc: 0.2
init_inh: 0.4
init_mod: 0.1
inp_E_kappa: 0.05578860745203973
inp_E_topo: 1.833105477544092
inp_I_kappa: 0.11425577008945396
inp_I_topo: 0.13862471880040617
input_weight: 0.16575570458229727
max_h_for_output: 5.0
mod_EE_weight: 1.9938167551044896
mod_EI_weight: 0.3035252432103983
mod_IE_weight: 0.6516631244188154
mod_II_weight: 0.034827209919128244
n_actions: 3
n_bottom_up: 67
n_cue_tuned: 2
n_exc: 2000
n_fix_tuned: 1
n_hidden: 2500
n_inh: 500
n_motion_tuned: 64
n_reward_levels: 3
n_top_down: 10
n_top_down_hidden: 64
noise_input_sd: 0.0
noise_rnn_sd: 0.05
nonlinear_top_down: false
restrict_output_to_exc: false
rnn_weight: 0.15694071579946195
tc_modulator: 35.81599711918557
tc_soma: 100
td_E_kappa: 0.09533286571384168
td_E_topo: 0.71750758037741
td_I_kappa: 0.07279315962905475
td_I_topo: 1.9356920705229523
td_weight: 0.08721234785767684
