EE_kappa: 0.08271672980515091
EE_topo: 1.9341105833891765
EE_topo_mod: 5.075698764473763e-13
EI_kappa: 0.17604617250921367
EI_topo: 1.971366888901401
EI_topo_mod: 5.330224573568984e-13
E_bias_mean: 0.0
E_bias_std: 1.0e-12
IE_kappa: 0.24355598226612324
IE_topo: 1.2362699040634781
IE_topo_mod: 6.332694481250892e-13
II_kappa: 0.22690983793166108
II_topo: 0.929847242448707
II_topo_mod: 5.198284513866477e-13
I_bias_mean: 0.0
I_bias_std: 1.0e-12
alpha_EE: 0.08289173465158757
alpha_EI: 0.12101045771372787
alpha_II: 0.21041501804362103
dt: 20
filename: results_d1d26baf-8b40-4128-884b-7f98fa2f9427.pkl
init_exc: 0.2
init_inh: 0.4
init_mod: 0.1
inp_E_kappa: 0.16358926174371358
inp_E_topo: 0.05529202336547523
inp_I_kappa: 0.12398607150640893
inp_I_topo: 0.30297392820377844
input_weight: 0.12791209601440295
max_h_for_output: 5.0
mod_EE_weight: 0.8014591063491243
mod_EI_weight: 1.3088108292510459
mod_IE_weight: 0.5734153662484671
mod_II_weight: 1.5773558354638653
n_actions: 3
n_bottom_up: 67
n_cue_tuned: 2
n_exc: 2000
n_fix_tuned: 1
n_hidden: 2500
n_inh: 500
n_motion_tuned: 64
n_reward_levels: 3
n_top_down: 10
n_top_down_hidden: 64
noise_input_sd: 0.0
noise_rnn_sd: 0.05
nonlinear_top_down: false
restrict_output_to_exc: false
rnn_weight: 0.17138051543860688
tc_modulator: 26.632891696842236
tc_soma: 100
td_E_kappa: 0.09298080994575256
td_E_topo: 0.5342537829501848
td_I_kappa: 0.22980323140078363
td_I_topo: 1.9061160529561567
td_weight: 0.08721234785767684
