EE_kappa: 0.1268675349694462
EE_topo: 0.7985060611982429
EE_topo_mod: 1.0061680985653775e-13
EI_kappa: 0.24154531470626384
EI_topo: 1.3751935195035305
EI_topo_mod: 4.3687844283707277e-13
E_bias_mean: 0.0
E_bias_std: 1.0e-12
IE_kappa: 0.17567904636267417
IE_topo: 1.58302687205263
IE_topo_mod: 9.836043832748166e-13
II_kappa: 0.2497182935624946
II_topo: 0.029983555758889002
II_topo_mod: 9.502020696909437e-13
I_bias_mean: 0.0
I_bias_std: 1.0e-12
alpha_EE: 0.20688289617678426
alpha_EI: 0.18975885497975795
alpha_II: 0.22189789459419557
dt: 20
filename: results_f76dfc77-fd7b-401a-9f04-c25bc56f08e4.pkl
init_exc: 0.2
init_inh: 0.4
init_mod: 0.1
inp_E_kappa: 0.0977010307811044
inp_E_topo: 0.024664951174534933
inp_I_kappa: 0.1389910004100602
inp_I_topo: 1.5378528660648036
input_weight: 0.16079043771410023
max_h_for_output: 5.0
mod_EE_weight: 0.3874096505698639
mod_EI_weight: 1.8830061872044837
mod_IE_weight: 0.011771491481438856
mod_II_weight: 1.4348248945929707
n_actions: 3
n_bottom_up: 67
n_cue_tuned: 2
n_exc: 2000
n_fix_tuned: 1
n_hidden: 2500
n_inh: 500
n_motion_tuned: 64
n_reward_levels: 3
n_top_down: 10
n_top_down_hidden: 64
noise_input_sd: 0.0
noise_rnn_sd: 0.05
nonlinear_top_down: false
restrict_output_to_exc: false
rnn_weight: 0.19588929858073428
tc_modulator: 54.25162461574991
tc_soma: 100
td_E_kappa: 0.23899662765497492
td_E_topo: 0.062160572738344966
td_I_kappa: 0.13745165271349294
td_I_topo: 1.9227295342977624
td_weight: 0.08721234785767684
