EE_kappa: 0.05352214275361725
EE_topo: 1.7255183761320598
EE_topo_mod: 6.289774805407066e-13
EI_kappa: 0.0851437276492717
EI_topo: 1.7473030774953722
EI_topo_mod: 9.834766631479616e-13
E_bias_mean: 0.0
E_bias_std: 1.0e-12
IE_kappa: 0.2437782806090017
IE_topo: 1.684390929535785
IE_topo_mod: 5.238317707874583e-13
II_kappa: 0.18338197312267163
II_topo: 0.47621946248154723
II_topo_mod: 6.876245796077819e-13
I_bias_mean: 0.0
I_bias_std: 1.0e-12
alpha_EE: 0.06475511336071611
alpha_EI: 0.09735764570237838
alpha_II: 0.032261923396173876
dt: 20
filename: results_ef7d8b5e-ecf0-414a-9f2f-0fd2e6522284.pkl
init_exc: 0.2
init_inh: 0.4
init_mod: 0.1
inp_E_kappa: 0.09592605816008928
inp_E_topo: 1.2376758038678675
inp_I_kappa: 0.1373692699993439
inp_I_topo: 1.847610677888143
input_weight: 0.1620083733155297
max_h_for_output: 5.0
mod_EE_weight: 0.7202083852659198
mod_EI_weight: 0.8371344904505913
mod_IE_weight: 1.0485198131800106
mod_II_weight: 0.4828188764166199
n_actions: 3
n_bottom_up: 67
n_cue_tuned: 2
n_exc: 2000
n_fix_tuned: 1
n_hidden: 2500
n_inh: 500
n_motion_tuned: 64
n_reward_levels: 3
n_top_down: 10
n_top_down_hidden: 64
noise_input_sd: 0.0
noise_rnn_sd: 0.05
nonlinear_top_down: false
restrict_output_to_exc: false
rnn_weight: 0.17283025730469134
tc_modulator: 62.085797532385
tc_soma: 100
td_E_kappa: 0.09340245041197709
td_E_topo: 0.6188488978843285
td_I_kappa: 0.08908386567267326
td_I_topo: 1.8359111264688228
td_weight: 0.08721234785767684
