EE_kappa: 0.06863701526773394
EE_topo: 0.7366171048424199
EE_topo_mod: 5.714708904024173e-13
EI_kappa: 0.16585379996661564
EI_topo: 1.304396542551613
EI_topo_mod: 2.4103868343414057e-13
E_bias_mean: 0.0
E_bias_std: 1.0e-12
IE_kappa: 0.12581548180111116
IE_topo: 0.22306508566123573
IE_topo_mod: 4.362378935691341e-13
II_kappa: 0.12314169484438423
II_topo: 1.6394813298344637
II_topo_mod: 8.051131495051198e-13
I_bias_mean: 0.0
I_bias_std: 1.0e-12
alpha_EE: 0.29819292734071173
alpha_EI: 0.05985068349617709
alpha_II: 0.06074783622464411
dt: 20
filename: results_25479997-2f75-4ebe-b288-b6f3fe50537d.pkl
init_exc: 0.2
init_inh: 0.4
init_mod: 0.1
inp_E_kappa: 0.12189242434015544
inp_E_topo: 1.9912254643271137
inp_I_kappa: 0.09264588819323304
inp_I_topo: 1.409963537427267
input_weight: 0.11191664956059252
max_h_for_output: 5.0
mod_EE_weight: 0.553370967216102
mod_EI_weight: 0.32565358926161236
mod_IE_weight: 0.1814356733947533
mod_II_weight: 0.8245885147534986
n_actions: 3
n_bottom_up: 67
n_cue_tuned: 2
n_exc: 2000
n_fix_tuned: 1
n_hidden: 2500
n_inh: 500
n_motion_tuned: 64
n_reward_levels: 3
n_top_down: 10
n_top_down_hidden: 64
noise_input_sd: 0.0
noise_rnn_sd: 0.05
nonlinear_top_down: false
restrict_output_to_exc: false
rnn_weight: 0.19063003028187914
tc_modulator: 24.059967547694086
tc_soma: 100
td_E_kappa: 0.0799084533022308
td_E_topo: 1.0492297780561475
td_I_kappa: 0.07164343149243622
td_I_topo: 1.471627390846956
td_weight: 0.08721234785767684
