EE_kappa: 0.1106578714495353
EE_topo: 0.9379734217332267
EE_topo_mod: 4.437434747855762e-14
EI_kappa: 0.14093356761697964
EI_topo: 1.3258057096496092
EI_topo_mod: 9.303493816850172e-13
E_bias_mean: 0.0
E_bias_std: 1.0e-12
IE_kappa: 0.2304098948520612
IE_topo: 1.5594929120801078
IE_topo_mod: 3.4359787379633554e-13
II_kappa: 0.17552366751074155
II_topo: 1.1977982871097481
II_topo_mod: 5.05360349339007e-13
I_bias_mean: 0.0
I_bias_std: 1.0e-12
alpha_EE: 0.008142591993571879
alpha_EI: 0.0044871232174807036
alpha_II: 0.2688870469660688
dt: 20
filename: results_ee26706b-b098-4671-b9a1-2d993d742b54.pkl
init_exc: 0.2
init_inh: 0.4
init_mod: 0.1
inp_E_kappa: 0.17605576103249576
inp_E_topo: 0.03968987413461078
inp_I_kappa: 0.07952835288001002
inp_I_topo: 0.6988121494764894
input_weight: 0.09242272840077487
max_h_for_output: 5.0
mod_EE_weight: 1.4061176182741826
mod_EI_weight: 1.1041344636251
mod_IE_weight: 0.7470599982188482
mod_II_weight: 0.8863113298838421
n_actions: 3
n_bottom_up: 67
n_cue_tuned: 2
n_exc: 2000
n_fix_tuned: 1
n_hidden: 2500
n_inh: 500
n_motion_tuned: 64
n_reward_levels: 3
n_top_down: 10
n_top_down_hidden: 64
noise_input_sd: 0.0
noise_rnn_sd: 0.05
nonlinear_top_down: false
restrict_output_to_exc: false
rnn_weight: 0.1643356049723313
tc_modulator: 28.60959284798149
tc_soma: 100
td_E_kappa: 0.2103465704841696
td_E_topo: 1.738781973273343
td_I_kappa: 0.1318228255118691
td_I_topo: 0.36541473619860176
td_weight: 0.08721234785767684
