EE_kappa: 0.10097187647521533
EE_topo: 1.0980479254456788
EE_topo_mod: 5.56334764410781e-13
EI_kappa: 0.24612963662055554
EI_topo: 0.8266490930432948
EI_topo_mod: 1.4137262649121351e-13
E_bias_mean: 0.0
E_bias_std: 1.0e-12
IE_kappa: 0.13882006209124712
IE_topo: 0.3273868664657773
IE_topo_mod: 7.980477497886785e-13
II_kappa: 0.24045068299818556
II_topo: 1.612122998250543
II_topo_mod: 6.491884372213844e-13
I_bias_mean: 0.0
I_bias_std: 1.0e-12
alpha_EE: 0.17326720192830902
alpha_EI: 0.18207975504852295
alpha_II: 0.2531270273759902
dt: 20
filename: results_6ef94e78-1310-402b-bfc7-8cf28efa76bf.pkl
init_exc: 0.2
init_inh: 0.4
init_mod: 0.1
inp_E_kappa: 0.2011198779312824
inp_E_topo: 0.9752517744391183
inp_I_kappa: 0.07990582685676878
inp_I_topo: 0.5355842439911171
input_weight: 0.13523609582691978
max_h_for_output: 5.0
mod_EE_weight: 1.7645501703960362
mod_EI_weight: 1.6258143618068521
mod_IE_weight: 0.6022461224168065
mod_II_weight: 0.018774026915269637
n_actions: 3
n_bottom_up: 67
n_cue_tuned: 2
n_exc: 2000
n_fix_tuned: 1
n_hidden: 2500
n_inh: 500
n_motion_tuned: 64
n_reward_levels: 3
n_top_down: 10
n_top_down_hidden: 64
noise_input_sd: 0.0
noise_rnn_sd: 0.05
nonlinear_top_down: false
restrict_output_to_exc: false
rnn_weight: 0.18883016879677944
tc_modulator: 66.43000120262576
tc_soma: 100
td_E_kappa: 0.2035497702650228
td_E_topo: 0.09609491988284136
td_I_kappa: 0.18932517762454626
td_I_topo: 0.3512532294597961
td_weight: 0.08721234785767684
