EE_kappa: 0.1238627811812936
EE_topo: 0.8343427685847835
EE_topo_mod: 5.026831492175544e-13
EI_kappa: 0.23015299939879702
EI_topo: 0.9176315699520703
EI_topo_mod: 2.4668842952487377e-13
E_bias_mean: 0.0
E_bias_std: 1.0e-12
IE_kappa: 0.13597545003368633
IE_topo: 0.6798900571139546
IE_topo_mod: 8.564935697174938e-13
II_kappa: 0.2177052380292634
II_topo: 1.1198903382878296
II_topo_mod: 5.341913231877561e-13
I_bias_mean: 0.0
I_bias_std: 1.0e-12
alpha_EE: 0.21630894388243013
alpha_EI: 0.16185971628541204
alpha_II: 0.1886624293227472
dt: 20
filename: results_ae9014a3-9325-4ef8-b2b8-7287f37f41c6.pkl
init_exc: 0.2
init_inh: 0.4
init_mod: 0.1
inp_E_kappa: 0.15287831406642832
inp_E_topo: 0.3540900524844546
inp_I_kappa: 0.230337096674105
inp_I_topo: 1.5279098729744016
input_weight: 0.11293149218953535
max_h_for_output: 5.0
mod_EE_weight: 1.1282066297002384
mod_EI_weight: 1.5746335253991015
mod_IE_weight: 0.17665536380930869
mod_II_weight: 0.33131228875415974
n_actions: 3
n_bottom_up: 67
n_cue_tuned: 2
n_exc: 2000
n_fix_tuned: 1
n_hidden: 2500
n_inh: 500
n_motion_tuned: 64
n_reward_levels: 3
n_top_down: 10
n_top_down_hidden: 64
noise_input_sd: 0.0
noise_rnn_sd: 0.05
nonlinear_top_down: false
restrict_output_to_exc: false
rnn_weight: 0.0912628637245004
tc_modulator: 93.97065823008737
tc_soma: 100
td_E_kappa: 0.1772751428734453
td_E_topo: 0.13060479691361038
td_I_kappa: 0.24993310352713127
td_I_topo: 0.08103141701033723
td_weight: 0.08721234785767684
