EE_kappa: 0.058981618877732817
EE_topo: 0.7429912472816824
EE_topo_mod: 9.364084534844373e-13
EI_kappa: 0.054485899036727806
EI_topo: 0.5283739591338079
EI_topo_mod: 5.78948759388348e-14
E_bias_mean: 0.0
E_bias_std: 1.0e-12
IE_kappa: 0.21958909772501006
IE_topo: 1.5002299946145594
IE_topo_mod: 8.616447106698022e-13
II_kappa: 0.12715560651625846
II_topo: 0.7416281267564393
II_topo_mod: 7.279396874217664e-13
I_bias_mean: 0.0
I_bias_std: 1.0e-12
alpha_EE: 0.21717746243613004
alpha_EI: 0.004298189554755005
alpha_II: 0.17100493496775657
dt: 20
filename: results_4262502b-3819-44f2-a449-35458a7c1400.pkl
init_exc: 0.2
init_inh: 0.4
init_mod: 0.1
inp_E_kappa: 0.24072294632782082
inp_E_topo: 0.8390627454871389
inp_I_kappa: 0.11869738811679381
inp_I_topo: 1.703156594366089
input_weight: 0.14162282344946417
max_h_for_output: 5.0
mod_EE_weight: 1.0230340879783144
mod_EI_weight: 1.118476652436035
mod_IE_weight: 1.8446536101557334
mod_II_weight: 0.25969989887129197
n_actions: 3
n_bottom_up: 67
n_cue_tuned: 2
n_exc: 2000
n_fix_tuned: 1
n_hidden: 2500
n_inh: 500
n_motion_tuned: 64
n_reward_levels: 3
n_top_down: 10
n_top_down_hidden: 64
noise_input_sd: 0.0
noise_rnn_sd: 0.05
nonlinear_top_down: false
restrict_output_to_exc: false
rnn_weight: 0.17269102492338556
tc_modulator: 90.16197804771654
tc_soma: 100
td_E_kappa: 0.24520441714968538
td_E_topo: 1.0516527879053559
td_I_kappa: 0.08677876577079775
td_I_topo: 1.2567734969500686
td_weight: 0.08721234785767684
