EE_kappa: 0.06364181179613859
EE_topo: 0.19471442773711845
EE_topo_mod: 2.035961346395929e-13
EI_kappa: 0.2041206631138593
EI_topo: 0.2967692557508157
EI_topo_mod: 6.624491100891316e-13
E_bias_mean: 0.0
E_bias_std: 1.0e-12
IE_kappa: 0.06904472386987813
IE_topo: 1.6694397817216664
IE_topo_mod: 4.4405078746065385e-13
II_kappa: 0.19282150873917953
II_topo: 1.450336115486058
II_topo_mod: 1.0388234775230298e-13
I_bias_mean: 0.0
I_bias_std: 1.0e-12
alpha_EE: 0.11179634093557113
alpha_EI: 0.12392443986945309
alpha_II: 0.23093662708877374
dt: 20
filename: results_c240d2c7-efd8-474a-a1bc-7e30c88e7a6d.pkl
init_exc: 0.2
init_inh: 0.4
init_mod: 0.1
inp_E_kappa: 0.17816768204018268
inp_E_topo: 1.9016346437168485
inp_I_kappa: 0.15185475974679868
inp_I_topo: 1.5571982655073995
input_weight: 0.15100931872471385
max_h_for_output: 5.0
mod_EE_weight: 0.29438517227694694
mod_EI_weight: 0.5840179542497188
mod_IE_weight: 0.5724402993354253
mod_II_weight: 0.9305670743413975
n_actions: 3
n_bottom_up: 67
n_cue_tuned: 2
n_exc: 2000
n_fix_tuned: 1
n_hidden: 2500
n_inh: 500
n_motion_tuned: 64
n_reward_levels: 3
n_top_down: 10
n_top_down_hidden: 64
noise_input_sd: 0.0
noise_rnn_sd: 0.05
nonlinear_top_down: false
restrict_output_to_exc: false
rnn_weight: 0.1780050868872785
tc_modulator: 27.959619614766858
tc_soma: 100
td_E_kappa: 0.19102257815344986
td_E_topo: 0.5108275744055484
td_I_kappa: 0.0675067126570669
td_I_topo: 1.5826804907113867
td_weight: 0.08721234785767684
