EE_kappa: 0.07355127718066068
EE_topo: 0.1831806767647468
EE_topo_mod: 2.5480449066711407e-13
EI_kappa: 0.1762948343996038
EI_topo: 0.687939223628474
EI_topo_mod: 7.799901866934864e-13
E_bias_mean: 0.0
E_bias_std: 1.0e-12
IE_kappa: 0.0734793499540845
IE_topo: 0.6321649551530171
IE_topo_mod: 5.07217111881605e-13
II_kappa: 0.13572519100666797
II_topo: 1.8734151487225623
II_topo_mod: 2.5394815674040273e-13
I_bias_mean: 0.0
I_bias_std: 1.0e-12
alpha_EE: 0.2494559092575359
alpha_EI: 0.010574617953285537
alpha_II: 0.03388614384604115
dt: 20
filename: results_760240c0-c008-496a-9a4e-e337586f19ce.pkl
init_exc: 0.2
init_inh: 0.4
init_mod: 0.1
inp_E_kappa: 0.23950636669981334
inp_E_topo: 1.486232715386032
inp_I_kappa: 0.1824725688314684
inp_I_topo: 1.99707362527257
input_weight: 0.17816053037563973
max_h_for_output: 5.0
mod_EE_weight: 0.553237989582478
mod_EI_weight: 0.8036833583971659
mod_IE_weight: 0.0019211294696855896
mod_II_weight: 0.2632881274465151
n_actions: 3
n_bottom_up: 67
n_cue_tuned: 2
n_exc: 2000
n_fix_tuned: 1
n_hidden: 2500
n_inh: 500
n_motion_tuned: 64
n_reward_levels: 3
n_top_down: 10
n_top_down_hidden: 64
noise_input_sd: 0.0
noise_rnn_sd: 0.05
nonlinear_top_down: false
restrict_output_to_exc: false
rnn_weight: 0.15256219462406329
tc_modulator: 38.11642998805537
tc_soma: 100
td_E_kappa: 0.17326563696179476
td_E_topo: 1.215612452073563
td_I_kappa: 0.14861193270105355
td_I_topo: 0.7555951069697568
td_weight: 0.08721234785767684
