EE_kappa: 0.10543831464260085
EE_topo: 0.3711520061835223
EE_topo_mod: 8.898423046184589e-14
EI_kappa: 0.2091469788663261
EI_topo: 0.6295062994601661
EI_topo_mod: 4.831046665921072e-13
E_bias_mean: 0.0
E_bias_std: 1.0e-12
IE_kappa: 0.1942512687841244
IE_topo: 0.7752356430063188
IE_topo_mod: 8.465912889728322e-13
II_kappa: 0.2346524084896709
II_topo: 1.152482847985337
II_topo_mod: 9.107461138058941e-13
I_bias_mean: 0.0
I_bias_std: 1.0e-12
alpha_EE: 0.15915988356848862
alpha_EI: 0.06715337814368565
alpha_II: 0.07719120015248572
dt: 20
filename: results_1d6b95cf-23ee-4a7d-96e7-ee74f40c6b1a.pkl
init_exc: 0.2
init_inh: 0.4
init_mod: 0.1
inp_E_kappa: 0.2294805023769761
inp_E_topo: 1.894391261117084
inp_I_kappa: 0.1883909684659854
inp_I_topo: 1.8888033613861668
input_weight: 0.10032684140489012
max_h_for_output: 5.0
mod_EE_weight: 0.08825305979753029
mod_EI_weight: 0.08779348588575309
mod_IE_weight: 0.37808545594248844
mod_II_weight: 0.14757340291039478
n_actions: 3
n_bottom_up: 67
n_cue_tuned: 2
n_exc: 2000
n_fix_tuned: 1
n_hidden: 2500
n_inh: 500
n_motion_tuned: 64
n_reward_levels: 3
n_top_down: 10
n_top_down_hidden: 64
noise_input_sd: 0.0
noise_rnn_sd: 0.05
nonlinear_top_down: false
restrict_output_to_exc: false
rnn_weight: 0.17633324499687542
tc_modulator: 88.19043471625702
tc_soma: 100
td_E_kappa: 0.06315581223182226
td_E_topo: 0.5451175820089378
td_I_kappa: 0.10765393096687177
td_I_topo: 0.6031314803673902
td_weight: 0.08721234785767684
