EE_kappa: 0.09441107361330742
EE_topo: 1.5219428769343806
EE_topo_mod: 5.230466245519145e-13
EI_kappa: 0.1497857640978974
EI_topo: 1.580303058206646
EI_topo_mod: 2.9419644857051383e-13
E_bias_mean: 0.0
E_bias_std: 1.0e-12
IE_kappa: 0.2229619580672979
IE_topo: 0.28115145913058104
IE_topo_mod: 5.32726318815734e-13
II_kappa: 0.15238847496074132
II_topo: 1.3478476871735343
II_topo_mod: 7.747920966825068e-13
I_bias_mean: 0.0
I_bias_std: 1.0e-12
alpha_EE: 0.13536512501110062
alpha_EI: 0.11171818934925042
alpha_II: 0.1284958172334272
dt: 20
filename: results_targeted_8942a2dc-f5b3-42b5-86c8-8db899612d56.pkl
init_exc: 0.2
init_inh: 0.4
init_mod: 0.1
inp_E_kappa: 0.07794033362811155
inp_E_topo: 1.2293819217310036
inp_I_kappa: 0.20709297060881937
inp_I_topo: 0.9603511355320906
input_weight: 0.1949318061497483
max_h_for_output: 5.0
mod_EE_weight: 0.5418085986533888
mod_EI_weight: 0.9051062077597722
mod_IE_weight: 0.2454562844207273
mod_II_weight: 0.8030113069344943
n_actions: 3
n_bottom_up: 67
n_cue_tuned: 2
n_exc: 2000
n_fix_tuned: 1
n_hidden: 2500
n_inh: 500
n_motion_tuned: 64
n_reward_levels: 3
n_top_down: 10
n_top_down_hidden: 64
noise_input_sd: 0.0
noise_rnn_sd: 0.05
nonlinear_top_down: false
restrict_output_to_exc: false
rnn_weight: 0.17953362977956772
tc_modulator: 31.79356507038272
tc_soma: 100
td_E_kappa: 0.09588467503781622
td_E_topo: 0.31381021887165006
td_I_kappa: 0.1942559394761043
td_I_topo: 0.5623188393243268
td_weight: 0.08721234785767684
