EE_kappa: 0.05696325909636697
EE_topo: 0.6678393526750797
EE_topo_mod: 5.562424555660939e-14
EI_kappa: 0.09103088003590387
EI_topo: 0.32789945233960194
EI_topo_mod: 7.780279188723281e-13
E_bias_mean: 0.0
E_bias_std: 1.0e-12
IE_kappa: 0.1734284014876578
IE_topo: 0.23833945017818103
IE_topo_mod: 2.2211626030054332e-13
II_kappa: 0.20235541107249538
II_topo: 0.02152218553988483
II_topo_mod: 5.397534193481935e-13
I_bias_mean: 0.0
I_bias_std: 1.0e-12
alpha_EE: 0.17501436593300493
alpha_EI: 0.12167994470659053
alpha_II: 0.1267176365831273
dt: 20
filename: results_9b223c23-a731-4052-ba3c-11c823982588.pkl
init_exc: 0.2
init_inh: 0.4
init_mod: 0.1
inp_E_kappa: 0.2167281579548242
inp_E_topo: 0.3728431285304168
inp_I_kappa: 0.19340031667120433
inp_I_topo: 1.3100095102464049
input_weight: 0.1573735045084972
max_h_for_output: 5.0
mod_EE_weight: 0.2896990480173527
mod_EI_weight: 0.9323807546952521
mod_IE_weight: 1.8202448456651135
mod_II_weight: 1.552980751019701
n_actions: 3
n_bottom_up: 67
n_cue_tuned: 2
n_exc: 2000
n_fix_tuned: 1
n_hidden: 2500
n_inh: 500
n_motion_tuned: 64
n_reward_levels: 3
n_top_down: 10
n_top_down_hidden: 64
noise_input_sd: 0.0
noise_rnn_sd: 0.05
nonlinear_top_down: false
restrict_output_to_exc: false
rnn_weight: 0.1941904729559733
tc_modulator: 81.38103029294646
tc_soma: 100
td_E_kappa: 0.08436020528596913
td_E_topo: 0.1064283573200977
td_I_kappa: 0.22004925355526433
td_I_topo: 1.1659915875684823
td_weight: 0.08721234785767684
