EE_kappa: 0.13950538163806908
EE_topo: 0.6422152868234401
EE_topo_mod: 6.504282452703313e-13
EI_kappa: 0.17624541040681824
EI_topo: 1.747483633755896
EI_topo_mod: 9.949362406124079e-13
E_bias_mean: 0.0
E_bias_std: 1.0e-12
IE_kappa: 0.18263358681887404
IE_topo: 0.6025430057981929
IE_topo_mod: 7.270505107083088e-13
II_kappa: 0.18041036756710044
II_topo: 1.5083854792187295
II_topo_mod: 9.563377637862144e-13
I_bias_mean: 0.0
I_bias_std: 1.0e-12
alpha_EE: 0.27768537737291565
alpha_EI: 0.1076542640715241
alpha_II: 0.14538037766157774
dt: 20
filename: results_37754fd9-461d-49af-abb5-bbe5143ebe3c.pkl
init_exc: 0.2
init_inh: 0.4
init_mod: 0.1
inp_E_kappa: 0.16794055822576714
inp_E_topo: 0.8873926353618597
inp_I_kappa: 0.24861186875261554
inp_I_topo: 0.8228181347572983
input_weight: 0.13948962676220888
max_h_for_output: 5.0
mod_EE_weight: 1.70823887822054
mod_EI_weight: 1.538889413824251
mod_IE_weight: 0.42918623074514217
mod_II_weight: 0.21701889819538134
n_actions: 3
n_bottom_up: 67
n_cue_tuned: 2
n_exc: 2000
n_fix_tuned: 1
n_hidden: 2500
n_inh: 500
n_motion_tuned: 64
n_reward_levels: 3
n_top_down: 10
n_top_down_hidden: 64
noise_input_sd: 0.0
noise_rnn_sd: 0.05
nonlinear_top_down: false
restrict_output_to_exc: false
rnn_weight: 0.15566722537535982
tc_modulator: 78.50187394549089
tc_soma: 100
td_E_kappa: 0.05645136283659494
td_E_topo: 1.739560749363078
td_I_kappa: 0.20726592274148836
td_I_topo: 0.039831899559662265
td_weight: 0.08721234785767684
