EE_kappa: 0.06449324965148047
EE_topo: 0.4573980418178967
EE_topo_mod: 9.98289250628031e-13
EI_kappa: 0.08910856273203649
EI_topo: 0.6517008750671422
EI_topo_mod: 5.512673356431746e-13
E_bias_mean: 0.0
E_bias_std: 1.0e-12
IE_kappa: 0.2444464867176963
IE_topo: 1.4354802577162564
IE_topo_mod: 8.599513113748824e-14
II_kappa: 0.23694552911905853
II_topo: 0.7570137456309258
II_topo_mod: 9.177670985886649e-13
I_bias_mean: 0.0
I_bias_std: 1.0e-12
alpha_EE: 0.13489221576389826
alpha_EI: 0.002920189234090409
alpha_II: 0.06430786205736184
dt: 20
filename: results_102fd78c-c1a2-4f74-ac28-ef7a94035d25.pkl
init_exc: 0.2
init_inh: 0.4
init_mod: 0.1
inp_E_kappa: 0.10880506210117108
inp_E_topo: 1.963358608206912
inp_I_kappa: 0.1305459514684555
inp_I_topo: 1.1652972135827575
input_weight: 0.10535260875626368
max_h_for_output: 5.0
mod_EE_weight: 0.2604053681365963
mod_EI_weight: 0.27741600699750113
mod_IE_weight: 0.06602844572987521
mod_II_weight: 1.7925691975297648
n_actions: 3
n_bottom_up: 67
n_cue_tuned: 2
n_exc: 2000
n_fix_tuned: 1
n_hidden: 2500
n_inh: 500
n_motion_tuned: 64
n_reward_levels: 3
n_top_down: 10
n_top_down_hidden: 64
noise_input_sd: 0.0
noise_rnn_sd: 0.05
nonlinear_top_down: false
restrict_output_to_exc: false
rnn_weight: 0.11649529356156724
tc_modulator: 63.780879475708986
tc_soma: 100
td_E_kappa: 0.1698555802906601
td_E_topo: 1.0113909302146762
td_I_kappa: 0.15165197695465227
td_I_topo: 0.6875892919983122
td_weight: 0.08721234785767684
