EE_kappa: 0.12424836831352609
EE_topo: 1.5473534372334008
EE_topo_mod: 4.632597794793967e-13
EI_kappa: 0.20720367644304255
EI_topo: 1.8768975204621798
EI_topo_mod: 3.913907499209893e-13
E_bias_mean: 0.0
E_bias_std: 1.0e-12
IE_kappa: 0.23831214085785984
IE_topo: 1.8375608425220074
IE_topo_mod: 9.294119293020546e-13
II_kappa: 0.2166972468959109
II_topo: 1.7836178128581155
II_topo_mod: 2.47303243805595e-13
I_bias_mean: 0.0
I_bias_std: 1.0e-12
alpha_EE: 0.10516697799459156
alpha_EI: 0.06603734087464301
alpha_II: 0.14088305914212615
dt: 20
filename: results_84f0f0a5-bbf4-45e9-97b0-74f3a48735d8.pkl
init_exc: 0.2
init_inh: 0.4
init_mod: 0.1
inp_E_kappa: 0.21913612140002942
inp_E_topo: 0.8677370248734952
inp_I_kappa: 0.12242974636833195
inp_I_topo: 1.2628965441595812
input_weight: 0.1159446802357361
max_h_for_output: 5.0
mod_EE_weight: 1.2963003064871976
mod_EI_weight: 0.2900729680690761
mod_IE_weight: 0.6600750662980701
mod_II_weight: 0.11159866291277432
n_actions: 3
n_bottom_up: 67
n_cue_tuned: 2
n_exc: 2000
n_fix_tuned: 1
n_hidden: 2500
n_inh: 500
n_motion_tuned: 64
n_reward_levels: 3
n_top_down: 10
n_top_down_hidden: 64
noise_input_sd: 0.0
noise_rnn_sd: 0.05
nonlinear_top_down: false
restrict_output_to_exc: false
rnn_weight: 0.1655965701601339
tc_modulator: 81.26064300485578
tc_soma: 100
td_E_kappa: 0.06256679705446255
td_E_topo: 1.3446710629452254
td_I_kappa: 0.17728263974622416
td_I_topo: 1.4499626369977143
td_weight: 0.08721234785767684
