EE_kappa: 0.05458759895891494
EE_topo: 0.44791252019378325
EE_topo_mod: 8.961237981159725e-13
EI_kappa: 0.08344258487494868
EI_topo: 1.3191155029202133
EI_topo_mod: 6.204444586160899e-13
E_bias_mean: 0.0
E_bias_std: 1.0e-12
IE_kappa: 0.1360849776348489
IE_topo: 0.893514433156783
IE_topo_mod: 2.9367978001326754e-13
II_kappa: 0.06954528323581993
II_topo: 0.4188446460136743
II_topo_mod: 3.518062075084716e-14
I_bias_mean: 0.0
I_bias_std: 1.0e-12
alpha_EE: 0.17271318566743063
alpha_EI: 0.02820043985405607
alpha_II: 0.13277725947459484
dt: 20
filename: results_6c26d1f4-8488-4887-b8c1-37fe03690944.pkl
init_exc: 0.2
init_inh: 0.4
init_mod: 0.1
inp_E_kappa: 0.20254967241695637
inp_E_topo: 1.0985667489255364
inp_I_kappa: 0.1249081742377653
inp_I_topo: 1.629806876811615
input_weight: 0.15972005794413924
max_h_for_output: 5.0
mod_EE_weight: 0.8963529321085947
mod_EI_weight: 0.04736349083625735
mod_IE_weight: 0.7114293331425396
mod_II_weight: 0.9327244619884164
n_actions: 3
n_bottom_up: 67
n_cue_tuned: 2
n_exc: 2000
n_fix_tuned: 1
n_hidden: 2500
n_inh: 500
n_motion_tuned: 64
n_reward_levels: 3
n_top_down: 10
n_top_down_hidden: 64
noise_input_sd: 0.0
noise_rnn_sd: 0.05
nonlinear_top_down: false
restrict_output_to_exc: false
rnn_weight: 0.19946514622726202
tc_modulator: 42.738818789847656
tc_soma: 100
td_E_kappa: 0.19474030177962226
td_E_topo: 0.15411580070854702
td_I_kappa: 0.10950905401941909
td_I_topo: 1.827365524000165
td_weight: 0.08721234785767684
