EE_kappa: 0.07300460685788451
EE_topo: 1.5808230390873836
EE_topo_mod: 8.773751106539731e-13
EI_kappa: 0.20794441139841846
EI_topo: 1.8813733763784921
EI_topo_mod: 3.205214079782769e-13
E_bias_mean: 0.0
E_bias_std: 1.0e-12
IE_kappa: 0.20505640304052147
IE_topo: 1.659001264120565
IE_topo_mod: 4.1273320843662906e-13
II_kappa: 0.22916642472271426
II_topo: 1.5624120045554681
II_topo_mod: 6.563801930368975e-13
I_bias_mean: 0.0
I_bias_std: 1.0e-12
alpha_EE: 0.2110030618971188
alpha_EI: 0.13357087927388483
alpha_II: 0.23153787551063282
dt: 20
filename: results_8ec5aa4c-8a55-4389-a586-8713aee64775.pkl
init_exc: 0.2
init_inh: 0.4
init_mod: 0.1
inp_E_kappa: 0.13406612569736004
inp_E_topo: 1.5244050544194256
inp_I_kappa: 0.15098417854484214
inp_I_topo: 0.7905504744964791
input_weight: 0.11011921843338293
max_h_for_output: 5.0
mod_EE_weight: 1.0794020516839051
mod_EI_weight: 1.3932272729482265
mod_IE_weight: 1.3941838381216665
mod_II_weight: 1.4600953157097876
n_actions: 3
n_bottom_up: 67
n_cue_tuned: 2
n_exc: 2000
n_fix_tuned: 1
n_hidden: 2500
n_inh: 500
n_motion_tuned: 64
n_reward_levels: 3
n_top_down: 10
n_top_down_hidden: 64
noise_input_sd: 0.0
noise_rnn_sd: 0.05
nonlinear_top_down: false
restrict_output_to_exc: false
rnn_weight: 0.14990857613625125
tc_modulator: 94.63055486960768
tc_soma: 100
td_E_kappa: 0.14737146334603668
td_E_topo: 1.0079365864137977
td_I_kappa: 0.16040458863143525
td_I_topo: 1.6847052311940163
td_weight: 0.08721234785767684
