EE_kappa: 0.08124144528694786
EE_topo: 0.4682233932048061
EE_topo_mod: 8.347035672153399e-13
EI_kappa: 0.07441584227184711
EI_topo: 1.1221872802218726
EI_topo_mod: 2.9930047399861423e-13
E_bias_mean: 0.0
E_bias_std: 1.0e-12
IE_kappa: 0.22328224007948771
IE_topo: 0.19463070425494577
IE_topo_mod: 2.726986295786021e-13
II_kappa: 0.08877110529241335
II_topo: 0.7084296707228226
II_topo_mod: 6.88098436962157e-13
I_bias_mean: 0.0
I_bias_std: 1.0e-12
alpha_EE: 0.08819778835022941
alpha_EI: 0.037914384197169526
alpha_II: 0.22151312925586214
dt: 20
filename: results_c66683ee-1382-4b45-a832-3a51ed5a8937.pkl
init_exc: 0.2
init_inh: 0.4
init_mod: 0.1
inp_E_kappa: 0.16369851240080907
inp_E_topo: 0.9913009476008505
inp_I_kappa: 0.19196025077206347
inp_I_topo: 1.5292539690638598
input_weight: 0.17260959895645583
max_h_for_output: 5.0
mod_EE_weight: 0.3883515250666687
mod_EI_weight: 0.25300883984104616
mod_IE_weight: 0.459236794455239
mod_II_weight: 0.9318541873849314
n_actions: 3
n_bottom_up: 67
n_cue_tuned: 2
n_exc: 2000
n_fix_tuned: 1
n_hidden: 2500
n_inh: 500
n_motion_tuned: 64
n_reward_levels: 3
n_top_down: 10
n_top_down_hidden: 64
noise_input_sd: 0.0
noise_rnn_sd: 0.05
nonlinear_top_down: false
restrict_output_to_exc: false
rnn_weight: 0.19919119984591194
tc_modulator: 27.273077715279328
tc_soma: 100
td_E_kappa: 0.23580577344946757
td_E_topo: 0.44289279320816943
td_I_kappa: 0.07864184153332153
td_I_topo: 1.4796283288736574
td_weight: 0.08721234785767684
