EE_kappa: 0.05947741586610527
EE_topo: 0.3895510565663949
EE_topo_mod: 9.115459002553045e-13
EI_kappa: 0.05130322319555217
EI_topo: 0.40660789261735175
EI_topo_mod: 8.87781603749923e-13
E_bias_mean: 0.0
E_bias_std: 1.0e-12
IE_kappa: 0.20475955059694861
IE_topo: 0.8090279834595382
IE_topo_mod: 9.716336951764775e-13
II_kappa: 0.10491322253337239
II_topo: 1.0223267830993168
II_topo_mod: 1.9563670611365947e-13
I_bias_mean: 0.0
I_bias_std: 1.0e-12
alpha_EE: 0.2825310943801445
alpha_EI: 0.03504988184262498
alpha_II: 0.26122645232154207
dt: 20
filename: results_targeted_39af5f11-2301-4bfa-b5f2-86cb197fca98.pkl
init_exc: 0.2
init_inh: 0.4
init_mod: 0.1
inp_E_kappa: 0.07286117463603436
inp_E_topo: 1.2278054660785631
inp_I_kappa: 0.08160584651284858
inp_I_topo: 0.48212929564561313
input_weight: 0.16697207974974848
max_h_for_output: 5.0
mod_EE_weight: 0.8009822351065791
mod_EI_weight: 0.7676370214820634
mod_IE_weight: 0.799739307308882
mod_II_weight: 0.043357561878564876
n_actions: 3
n_bottom_up: 67
n_cue_tuned: 2
n_exc: 2000
n_fix_tuned: 1
n_hidden: 2500
n_inh: 500
n_motion_tuned: 64
n_reward_levels: 3
n_top_down: 10
n_top_down_hidden: 64
noise_input_sd: 0.0
noise_rnn_sd: 0.05
nonlinear_top_down: false
restrict_output_to_exc: false
rnn_weight: 0.17419369674757357
tc_modulator: 69.93160010151233
tc_soma: 100
td_E_kappa: 0.11980277059073466
td_E_topo: 0.26868358576447315
td_I_kappa: 0.1633466234857323
td_I_topo: 1.1389905164674359
td_weight: 0.08721234785767684
