EE_kappa: 0.08810684309937411
EE_topo: 1.5762094247143987
EE_topo_mod: 8.748534125963864e-13
EI_kappa: 0.1314684157749461
EI_topo: 1.5832088943174247
EI_topo_mod: 8.693996901585381e-13
E_bias_mean: 0.0
E_bias_std: 1.0e-12
IE_kappa: 0.17370319425259054
IE_topo: 0.5384828140141655
IE_topo_mod: 4.396570647151635e-13
II_kappa: 0.14592763601144443
II_topo: 1.8516557250473442
II_topo_mod: 6.803643166045202e-13
I_bias_mean: 0.0
I_bias_std: 1.0e-12
alpha_EE: 0.19051849258259906
alpha_EI: 0.18468137341577312
alpha_II: 0.17363203593439963
dt: 20
filename: results_8c39a36f-9077-4fcf-affc-5733defdfade.pkl
init_exc: 0.2
init_inh: 0.4
init_mod: 0.1
inp_E_kappa: 0.23677044049909285
inp_E_topo: 1.715881671999933
inp_I_kappa: 0.14569920085047616
inp_I_topo: 1.2870448855902579
input_weight: 0.1532969401813847
max_h_for_output: 5.0
mod_EE_weight: 0.504817706332942
mod_EI_weight: 1.8962431554837431
mod_IE_weight: 1.686771432449911
mod_II_weight: 1.159758633878623
n_actions: 3
n_bottom_up: 67
n_cue_tuned: 2
n_exc: 2000
n_fix_tuned: 1
n_hidden: 2500
n_inh: 500
n_motion_tuned: 64
n_reward_levels: 3
n_top_down: 10
n_top_down_hidden: 64
noise_input_sd: 0.0
noise_rnn_sd: 0.05
nonlinear_top_down: false
restrict_output_to_exc: false
rnn_weight: 0.08755978850071086
tc_modulator: 75.30538731861739
tc_soma: 100
td_E_kappa: 0.2065831666977101
td_E_topo: 1.2667599893343071
td_I_kappa: 0.17392368733358546
td_I_topo: 0.7731505605093063
td_weight: 0.08721234785767684
