EE_kappa: 0.07095012454728983
EE_topo: 0.866307571760421
EE_topo_mod: 9.886199992371083e-13
EI_kappa: 0.10405194515652927
EI_topo: 0.987106859518073
EI_topo_mod: 5.326408484552701e-13
E_bias_mean: 0.0
E_bias_std: 1.0e-12
IE_kappa: 0.15349818614128702
IE_topo: 0.9456303121913474
IE_topo_mod: 7.30407823288156e-13
II_kappa: 0.16682836962104855
II_topo: 1.7078049118935192
II_topo_mod: 9.850573479787148e-13
I_bias_mean: 0.0
I_bias_std: 1.0e-12
alpha_EE: 0.19181635592674792
alpha_EI: 0.24837049717115434
alpha_II: 0.1292451840978897
dt: 20
filename: results_targeted_d5a0d607-e843-4bfa-8cdf-225e9b64685b.pkl
init_exc: 0.2
init_inh: 0.4
init_mod: 0.1
inp_E_kappa: 0.23671348211150817
inp_E_topo: 1.927155474801474
inp_I_kappa: 0.11896230192478896
inp_I_topo: 1.046497547267341
input_weight: 0.07658332021117692
max_h_for_output: 5.0
mod_EE_weight: 0.6243920581064886
mod_EI_weight: 0.7022283172925883
mod_IE_weight: 0.11737917718634361
mod_II_weight: 0.24181271857233988
n_actions: 3
n_bottom_up: 67
n_cue_tuned: 2
n_exc: 2000
n_fix_tuned: 1
n_hidden: 2500
n_inh: 500
n_motion_tuned: 64
n_reward_levels: 3
n_top_down: 10
n_top_down_hidden: 64
noise_input_sd: 0.0
noise_rnn_sd: 0.05
nonlinear_top_down: false
restrict_output_to_exc: false
rnn_weight: 0.18193035757715187
tc_modulator: 71.82993014443056
tc_soma: 100
td_E_kappa: 0.1440969421403241
td_E_topo: 1.8701502504826697
td_I_kappa: 0.23022780916375163
td_I_topo: 0.032881145796052724
td_weight: 0.08721234785767684
