EE_kappa: 0.10339236271403325
EE_topo: 0.3556536650076476
EE_topo_mod: 5.85272606367499e-13
EI_kappa: 0.15073715729029097
EI_topo: 1.855069890096948
EI_topo_mod: 5.173015116474197e-13
E_bias_mean: 0.0
E_bias_std: 1.0e-12
IE_kappa: 0.17100898590150732
IE_topo: 0.7451282232091982
IE_topo_mod: 7.632269686276594e-13
II_kappa: 0.15933554890796048
II_topo: 1.6510088323769403
II_topo_mod: 8.706822283837379e-13
I_bias_mean: 0.0
I_bias_std: 1.0e-12
alpha_EE: 0.28221851715526874
alpha_EI: 0.2004516519722343
alpha_II: 0.2925072152338001
dt: 20
filename: results_efdb74f4-a05e-4ef2-b251-2a7384bc1efb.pkl
init_exc: 0.2
init_inh: 0.4
init_mod: 0.1
inp_E_kappa: 0.10578943952580344
inp_E_topo: 1.9957517209177795
inp_I_kappa: 0.10370173686116342
inp_I_topo: 0.7497809899033729
input_weight: 0.1648292507076763
max_h_for_output: 5.0
mod_EE_weight: 0.8826641697665166
mod_EI_weight: 0.021676247345924216
mod_IE_weight: 0.10713967646245126
mod_II_weight: 0.6505324293144241
n_actions: 3
n_bottom_up: 67
n_cue_tuned: 2
n_exc: 2000
n_fix_tuned: 1
n_hidden: 2500
n_inh: 500
n_motion_tuned: 64
n_reward_levels: 3
n_top_down: 10
n_top_down_hidden: 64
noise_input_sd: 0.0
noise_rnn_sd: 0.05
nonlinear_top_down: false
restrict_output_to_exc: false
rnn_weight: 0.13943722095359168
tc_modulator: 83.90533185439344
tc_soma: 100
td_E_kappa: 0.13161532968494766
td_E_topo: 1.9292428213432407
td_I_kappa: 0.1165869536698223
td_I_topo: 0.8230521201444634
td_weight: 0.08721234785767684
