EE_kappa: 0.1079525242817238
EE_topo: 0.33348294543161505
EE_topo_mod: 6.183267428048194e-13
EI_kappa: 0.17842450538646082
EI_topo: 1.5003336860341554
EI_topo_mod: 8.691305973929353e-14
E_bias_mean: 0.0
E_bias_std: 1.0e-12
IE_kappa: 0.18102053854824157
IE_topo: 1.5192373946330655
IE_topo_mod: 5.177344418707938e-13
II_kappa: 0.20092219302192854
II_topo: 0.2776056441230659
II_topo_mod: 7.328447856471288e-13
I_bias_mean: 0.0
I_bias_std: 1.0e-12
alpha_EE: 0.039587596597313965
alpha_EI: 0.044229725275704346
alpha_II: 0.15372906448990878
dt: 20
filename: results_f51fab70-aa6b-4f35-a941-4808092ac760.pkl
init_exc: 0.2
init_inh: 0.4
init_mod: 0.1
inp_E_kappa: 0.13134458012439598
inp_E_topo: 0.8945273713504283
inp_I_kappa: 0.11841709139775214
inp_I_topo: 0.9430296303602532
input_weight: 0.13221333962228016
max_h_for_output: 5.0
mod_EE_weight: 1.6406920271959011
mod_EI_weight: 0.5497400435039994
mod_IE_weight: 0.08441111365505582
mod_II_weight: 0.333804463310591
n_actions: 3
n_bottom_up: 67
n_cue_tuned: 2
n_exc: 2000
n_fix_tuned: 1
n_hidden: 2500
n_inh: 500
n_motion_tuned: 64
n_reward_levels: 3
n_top_down: 10
n_top_down_hidden: 64
noise_input_sd: 0.0
noise_rnn_sd: 0.05
nonlinear_top_down: false
restrict_output_to_exc: false
rnn_weight: 0.15674855523040526
tc_modulator: 91.47552368063702
tc_soma: 100
td_E_kappa: 0.21115265498376096
td_E_topo: 0.9379869949457995
td_I_kappa: 0.2086250790907871
td_I_topo: 1.3758466002068857
td_weight: 0.08721234785767684
