EE_kappa: 0.10975772742528117
EE_topo: 0.742349014636732
EE_topo_mod: 6.367092419672409e-13
EI_kappa: 0.22933151206057595
EI_topo: 0.2540361770814932
EI_topo_mod: 2.755349858066106e-13
E_bias_mean: 0.0
E_bias_std: 1.0e-12
IE_kappa: 0.11477097796072058
IE_topo: 0.4056883870827179
IE_topo_mod: 3.1707510053953345e-13
II_kappa: 0.22253832329464018
II_topo: 1.9956054167744
II_topo_mod: 3.0282303296310054e-13
I_bias_mean: 0.0
I_bias_std: 1.0e-12
alpha_EE: 0.03526009677051954
alpha_EI: 0.10867161085800171
alpha_II: 0.2591029827036012
dt: 20
filename: results_b64f8745-1ff8-45ca-b9e9-7621860ebc03.pkl
init_exc: 0.2
init_inh: 0.4
init_mod: 0.1
inp_E_kappa: 0.20864300294251542
inp_E_topo: 1.316502768766215
inp_I_kappa: 0.10937387926159366
inp_I_topo: 1.319773059399212
input_weight: 0.07079789102735483
max_h_for_output: 5.0
mod_EE_weight: 1.034398730577271
mod_EI_weight: 1.1995915518483924
mod_IE_weight: 0.056020055979618455
mod_II_weight: 1.9174899098711713
n_actions: 3
n_bottom_up: 67
n_cue_tuned: 2
n_exc: 2000
n_fix_tuned: 1
n_hidden: 2500
n_inh: 500
n_motion_tuned: 64
n_reward_levels: 3
n_top_down: 10
n_top_down_hidden: 64
noise_input_sd: 0.0
noise_rnn_sd: 0.05
nonlinear_top_down: false
restrict_output_to_exc: false
rnn_weight: 0.14422887805842777
tc_modulator: 46.93059380919148
tc_soma: 100
td_E_kappa: 0.1868345268495169
td_E_topo: 0.17820355794846843
td_I_kappa: 0.20769184429054177
td_I_topo: 1.99188854977559
td_weight: 0.08721234785767684
