EE_kappa: 0.057729281583903606
EE_topo: 0.4141551865024544
EE_topo_mod: 2.307852054766089e-13
EI_kappa: 0.15243294919511852
EI_topo: 0.6497687869015931
EI_topo_mod: 5.566976564898147e-13
E_bias_mean: 0.0
E_bias_std: 1.0e-12
IE_kappa: 0.08700777673011714
IE_topo: 0.8745607183174344
IE_topo_mod: 2.9146669054567233e-13
II_kappa: 0.1759502286778613
II_topo: 0.34566507542485425
II_topo_mod: 3.615405039240071e-14
I_bias_mean: 0.0
I_bias_std: 1.0e-12
alpha_EE: 0.24859111359015565
alpha_EI: 0.13195222669622425
alpha_II: 0.26874637987355243
dt: 20
filename: results_9380b6b3-ccfe-4364-be5b-d37ff759b456.pkl
init_exc: 0.2
init_inh: 0.4
init_mod: 0.1
inp_E_kappa: 0.2042903507206713
inp_E_topo: 0.2506152408997413
inp_I_kappa: 0.1824948925559456
inp_I_topo: 1.6503164148826106
input_weight: 0.06108662917553578
max_h_for_output: 5.0
mod_EE_weight: 1.015819954976941
mod_EI_weight: 1.1906902563490265
mod_IE_weight: 1.3913804522331432
mod_II_weight: 0.624870643854188
n_actions: 3
n_bottom_up: 67
n_cue_tuned: 2
n_exc: 2000
n_fix_tuned: 1
n_hidden: 2500
n_inh: 500
n_motion_tuned: 64
n_reward_levels: 3
n_top_down: 10
n_top_down_hidden: 64
noise_input_sd: 0.0
noise_rnn_sd: 0.05
nonlinear_top_down: false
restrict_output_to_exc: false
rnn_weight: 0.19493765298507487
tc_modulator: 69.65348797571588
tc_soma: 100
td_E_kappa: 0.13696637928747085
td_E_topo: 0.8989858623271798
td_I_kappa: 0.14647261718947616
td_I_topo: 0.38728882493774663
td_weight: 0.08721234785767684
