EE_kappa: 0.060687546435937594
EE_topo: 1.1455058413224588
EE_topo_mod: 9.87876302276123e-13
EI_kappa: 0.16842558104646124
EI_topo: 1.991422506087784
EI_topo_mod: 9.110368124590007e-13
E_bias_mean: 0.0
E_bias_std: 1.0e-12
IE_kappa: 0.09130004888829718
IE_topo: 1.7857261798742177
IE_topo_mod: 3.8224329566744573e-13
II_kappa: 0.19327527266211575
II_topo: 0.376805651937552
II_topo_mod: 9.150637297042873e-13
I_bias_mean: 0.0
I_bias_std: 1.0e-12
alpha_EE: 0.09745659481403539
alpha_EI: 0.10137472345754285
alpha_II: 0.22229189619305273
dt: 20
filename: results_a0faa5b9-ccd9-4a40-a89f-dc2d020d3219.pkl
init_exc: 0.2
init_inh: 0.4
init_mod: 0.1
inp_E_kappa: 0.193239579148131
inp_E_topo: 1.6080364429867595
inp_I_kappa: 0.10707349637843835
inp_I_topo: 1.185555231881327
input_weight: 0.1375067974772884
max_h_for_output: 5.0
mod_EE_weight: 1.0632907817845245
mod_EI_weight: 0.11513856290169833
mod_IE_weight: 1.9795773442758042
mod_II_weight: 1.1097099730691184
n_actions: 3
n_bottom_up: 67
n_cue_tuned: 2
n_exc: 2000
n_fix_tuned: 1
n_hidden: 2500
n_inh: 500
n_motion_tuned: 64
n_reward_levels: 3
n_top_down: 10
n_top_down_hidden: 64
noise_input_sd: 0.0
noise_rnn_sd: 0.05
nonlinear_top_down: false
restrict_output_to_exc: false
rnn_weight: 0.15236945816342945
tc_modulator: 69.7039067410991
tc_soma: 100
td_E_kappa: 0.10588522792645422
td_E_topo: 1.5958549886949107
td_I_kappa: 0.18741856004752316
td_I_topo: 1.339583710662204
td_weight: 0.08721234785767684
