EE_kappa: 0.1273444985546046
EE_topo: 1.3715644100990703
EE_topo_mod: 4.674388489357961e-13
EI_kappa: 0.16632914337413235
EI_topo: 0.6694405946121056
EI_topo_mod: 1.1861664561897212e-13
E_bias_mean: 0.0
E_bias_std: 1.0e-12
IE_kappa: 0.2094273845488348
IE_topo: 1.5562242891584013
IE_topo_mod: 2.8738188777695315e-13
II_kappa: 0.13927424841061564
II_topo: 1.8206803924497752
II_topo_mod: 8.346121395582781e-13
I_bias_mean: 0.0
I_bias_std: 1.0e-12
alpha_EE: 0.03597514633436429
alpha_EI: 0.07897241402853707
alpha_II: 0.1413754882782623
dt: 20
filename: results_7831ebd1-88c6-4325-abc5-5d56b1978cdc.pkl
init_exc: 0.2
init_inh: 0.4
init_mod: 0.1
inp_E_kappa: 0.1393179981410071
inp_E_topo: 1.1300789744824173
inp_I_kappa: 0.1378100419980789
inp_I_topo: 0.7780975222149726
input_weight: 0.19435963374835807
max_h_for_output: 5.0
mod_EE_weight: 1.2725074370958833
mod_EI_weight: 1.0844759905852597
mod_IE_weight: 1.5210895148599202
mod_II_weight: 1.4787973009923296
n_actions: 3
n_bottom_up: 67
n_cue_tuned: 2
n_exc: 2000
n_fix_tuned: 1
n_hidden: 2500
n_inh: 500
n_motion_tuned: 64
n_reward_levels: 3
n_top_down: 10
n_top_down_hidden: 64
noise_input_sd: 0.0
noise_rnn_sd: 0.05
nonlinear_top_down: false
restrict_output_to_exc: false
rnn_weight: 0.12500050540549473
tc_modulator: 58.234986910305466
tc_soma: 100
td_E_kappa: 0.08988681106165718
td_E_topo: 0.23802077915232456
td_I_kappa: 0.11209676435764818
td_I_topo: 0.24498798088193285
td_weight: 0.08721234785767684
