EE_kappa: 0.08193925857430431
EE_topo: 1.998517345246157
EE_topo_mod: 9.780030597964519e-13
EI_kappa: 0.14838101019913247
EI_topo: 1.4141218654015053
EI_topo_mod: 3.1377656550951413e-13
E_bias_mean: 0.0
E_bias_std: 1.0e-12
IE_kappa: 0.19412441513426176
IE_topo: 0.7071370356963542
IE_topo_mod: 9.279278729670652e-13
II_kappa: 0.200300046106834
II_topo: 1.2991914828078055
II_topo_mod: 8.180334683766157e-13
I_bias_mean: 0.0
I_bias_std: 1.0e-12
alpha_EE: 0.04516844435529483
alpha_EI: 0.26202601935641734
alpha_II: 0.07642826416524034
dt: 20
filename: results_09946fd7-3065-4bfb-b5ef-d26cf676b24a.pkl
init_exc: 0.2
init_inh: 0.4
init_mod: 0.1
inp_E_kappa: 0.20860130363159812
inp_E_topo: 1.7282775839890478
inp_I_kappa: 0.21302259552723207
inp_I_topo: 0.4057826098733177
input_weight: 0.1577029170500655
max_h_for_output: 5.0
mod_EE_weight: 1.0647649704164426
mod_EI_weight: 0.645118025193371
mod_IE_weight: 1.5251113886615708
mod_II_weight: 1.137940382294634
n_actions: 3
n_bottom_up: 67
n_cue_tuned: 2
n_exc: 2000
n_fix_tuned: 1
n_hidden: 2500
n_inh: 500
n_motion_tuned: 64
n_reward_levels: 3
n_top_down: 10
n_top_down_hidden: 64
noise_input_sd: 0.0
noise_rnn_sd: 0.05
nonlinear_top_down: false
restrict_output_to_exc: false
rnn_weight: 0.07493249683687196
tc_modulator: 63.22152114770125
tc_soma: 100
td_E_kappa: 0.14362584233006498
td_E_topo: 1.4827140176879
td_I_kappa: 0.15591896388997056
td_I_topo: 1.0697268404447637
td_weight: 0.08721234785767684
