EE_kappa: 0.13962435164714387
EE_topo: 1.7886363456505312
EE_topo_mod: 3.639618400499781e-13
EI_kappa: 0.20003610506612002
EI_topo: 1.4807187359202272
EI_topo_mod: 8.547700332704598e-13
E_bias_mean: 0.0
E_bias_std: 1.0e-12
IE_kappa: 0.2277397421692992
IE_topo: 1.0297325242234816
IE_topo_mod: 6.474095645316762e-13
II_kappa: 0.14852371486309637
II_topo: 0.7359272393444225
II_topo_mod: 4.852244047438417e-13
I_bias_mean: 0.0
I_bias_std: 1.0e-12
alpha_EE: 0.08386911708639942
alpha_EI: 0.23154637283610177
alpha_II: 0.1689258313475484
dt: 20
filename: results_9707888f-98ad-41bc-939a-b148e4fcb3c6.pkl
init_exc: 0.2
init_inh: 0.4
init_mod: 0.1
inp_E_kappa: 0.17711858191117674
inp_E_topo: 1.232911851419061
inp_I_kappa: 0.13910481579561176
inp_I_topo: 0.11909658331996509
input_weight: 0.11889677516364426
max_h_for_output: 5.0
mod_EE_weight: 0.8708414345402329
mod_EI_weight: 0.43273302065171704
mod_IE_weight: 0.26033891782699503
mod_II_weight: 0.48607211856821275
n_actions: 3
n_bottom_up: 67
n_cue_tuned: 2
n_exc: 2000
n_fix_tuned: 1
n_hidden: 2500
n_inh: 500
n_motion_tuned: 64
n_reward_levels: 3
n_top_down: 10
n_top_down_hidden: 64
noise_input_sd: 0.0
noise_rnn_sd: 0.05
nonlinear_top_down: false
restrict_output_to_exc: false
rnn_weight: 0.14794683149054055
tc_modulator: 75.37714790032126
tc_soma: 100
td_E_kappa: 0.15132081940578415
td_E_topo: 1.4267880052865292
td_I_kappa: 0.21864792026136198
td_I_topo: 0.7497129757245031
td_weight: 0.08721234785767684
