EE_kappa: 0.07912004652990844
EE_topo: 1.1775010673186002
EE_topo_mod: 2.036430337122943e-13
EI_kappa: 0.1330436278300331
EI_topo: 1.887073040180592
EI_topo_mod: 3.6490371414893186e-13
E_bias_mean: 0.0
E_bias_std: 1.0e-12
IE_kappa: 0.2124800821216375
IE_topo: 1.8570810488130827
IE_topo_mod: 5.572886168469246e-13
II_kappa: 0.20573785007802592
II_topo: 1.435829388883931
II_topo_mod: 4.5411529664301284e-14
I_bias_mean: 0.0
I_bias_std: 1.0e-12
alpha_EE: 0.156950729114162
alpha_EI: 0.2212092876443599
alpha_II: 0.0816278440552727
dt: 20
filename: results_647987df-178c-4fbd-886c-c21a49f2e32b.pkl
init_exc: 0.2
init_inh: 0.4
init_mod: 0.1
inp_E_kappa: 0.1370920344898376
inp_E_topo: 0.5861962261252032
inp_I_kappa: 0.21654574853741415
inp_I_topo: 1.9978612764559638
input_weight: 0.16032325597221048
max_h_for_output: 5.0
mod_EE_weight: 0.5928527241689991
mod_EI_weight: 0.9430760622974625
mod_IE_weight: 0.8045374258490726
mod_II_weight: 0.6673718225545167
n_actions: 3
n_bottom_up: 67
n_cue_tuned: 2
n_exc: 2000
n_fix_tuned: 1
n_hidden: 2500
n_inh: 500
n_motion_tuned: 64
n_reward_levels: 3
n_top_down: 10
n_top_down_hidden: 64
noise_input_sd: 0.0
noise_rnn_sd: 0.05
nonlinear_top_down: false
restrict_output_to_exc: false
rnn_weight: 0.1788332965020093
tc_modulator: 44.202652803370206
tc_soma: 100
td_E_kappa: 0.06662490600101956
td_E_topo: 0.03628929117958446
td_I_kappa: 0.14677998988943033
td_I_topo: 0.14276977702360538
td_weight: 0.08721234785767684
