EE_kappa: 0.10498843595243819
EE_topo: 0.6823271266063422
EE_topo_mod: 4.0601211386957235e-13
EI_kappa: 0.1439179030304933
EI_topo: 1.2914127088429157
EI_topo_mod: 2.7445000688640164e-13
E_bias_mean: 0.0
E_bias_std: 1.0e-12
IE_kappa: 0.19004249726203976
IE_topo: 1.7520009980187392
IE_topo_mod: 3.808716472024468e-13
II_kappa: 0.2138128155920086
II_topo: 0.7402476946027341
II_topo_mod: 3.369177528068482e-13
I_bias_mean: 0.0
I_bias_std: 1.0e-12
alpha_EE: 0.2118514409361226
alpha_EI: 0.22475066471978347
alpha_II: 0.2054501976277111
dt: 20
filename: results_bc5e5426-4b57-4415-9858-826ef4848f2b.pkl
init_exc: 0.2
init_inh: 0.4
init_mod: 0.1
inp_E_kappa: 0.11096500663931817
inp_E_topo: 1.128085807307592
inp_I_kappa: 0.1282801517745688
inp_I_topo: 1.0726088987339533
input_weight: 0.16354486015674347
max_h_for_output: 5.0
mod_EE_weight: 1.7446316759750886
mod_EI_weight: 1.276891100131366
mod_IE_weight: 0.7753692094916373
mod_II_weight: 0.8872114569866938
n_actions: 3
n_bottom_up: 67
n_cue_tuned: 2
n_exc: 2000
n_fix_tuned: 1
n_hidden: 2500
n_inh: 500
n_motion_tuned: 64
n_reward_levels: 3
n_top_down: 10
n_top_down_hidden: 64
noise_input_sd: 0.0
noise_rnn_sd: 0.05
nonlinear_top_down: false
restrict_output_to_exc: false
rnn_weight: 0.13160690490142485
tc_modulator: 24.572133694336394
tc_soma: 100
td_E_kappa: 0.19636000168020962
td_E_topo: 1.317553530571552
td_I_kappa: 0.12109821748627998
td_I_topo: 1.7500368067237075
td_weight: 0.08721234785767684
