EE_kappa: 0.0778593384338016
EE_topo: 1.8634870531599246
EE_topo_mod: 5.470508459509581e-13
EI_kappa: 0.07201171351105967
EI_topo: 1.6323793618487914
EI_topo_mod: 7.55077335560724e-13
E_bias_mean: 0.0
E_bias_std: 1.0e-12
IE_kappa: 0.21821602263709478
IE_topo: 1.4286160956966862
IE_topo_mod: 4.1803315725773004e-13
II_kappa: 0.14790374279073942
II_topo: 1.097073020323042
II_topo_mod: 7.259553422206753e-13
I_bias_mean: 0.0
I_bias_std: 1.0e-12
alpha_EE: 0.14626151148363808
alpha_EI: 0.2308216173217639
alpha_II: 0.0883531443495821
dt: 20
filename: results_5e275703-f5a2-4f6e-a667-4856e47d68ad.pkl
init_exc: 0.2
init_inh: 0.4
init_mod: 0.1
inp_E_kappa: 0.12852878225424294
inp_E_topo: 0.582556529562599
inp_I_kappa: 0.23248824050593309
inp_I_topo: 1.9023623905135056
input_weight: 0.09056491682970066
max_h_for_output: 5.0
mod_EE_weight: 0.4975831863391357
mod_EI_weight: 0.33794353123047316
mod_IE_weight: 0.716519683646819
mod_II_weight: 0.9294938759679972
n_actions: 3
n_bottom_up: 67
n_cue_tuned: 2
n_exc: 2000
n_fix_tuned: 1
n_hidden: 2500
n_inh: 500
n_motion_tuned: 64
n_reward_levels: 3
n_top_down: 10
n_top_down_hidden: 64
noise_input_sd: 0.0
noise_rnn_sd: 0.05
nonlinear_top_down: false
restrict_output_to_exc: false
rnn_weight: 0.09880640061385604
tc_modulator: 95.47264041570807
tc_soma: 100
td_E_kappa: 0.13546817301145714
td_E_topo: 1.1046201223704712
td_I_kappa: 0.16658804506780894
td_I_topo: 1.3774490891973619
td_weight: 0.08721234785767684
