EE_kappa: 0.0732817031399416
EE_topo: 1.3888400992232548
EE_topo_mod: 4.1342398935083954e-13
EI_kappa: 0.08097176579893613
EI_topo: 1.920757176623392
EI_topo_mod: 3.8087369296723837e-13
E_bias_mean: 0.0
E_bias_std: 1.0e-12
IE_kappa: 0.1596787921912069
IE_topo: 1.7898350591965573
IE_topo_mod: 3.778163584506682e-13
II_kappa: 0.09676923292125253
II_topo: 0.6295470774225551
II_topo_mod: 7.977977422404943e-13
I_bias_mean: 0.0
I_bias_std: 1.0e-12
alpha_EE: 0.19503273503966134
alpha_EI: 0.2763932101936418
alpha_II: 0.1094647441295984
dt: 20
filename: results_d32720cb-b0a3-4480-9a2f-fd84cdb090c9.pkl
init_exc: 0.2
init_inh: 0.4
init_mod: 0.1
inp_E_kappa: 0.15498585236901707
inp_E_topo: 1.7308882484485417
inp_I_kappa: 0.1426400782098865
inp_I_topo: 0.9474457517439927
input_weight: 0.0756612193513479
max_h_for_output: 5.0
mod_EE_weight: 0.8788015659025585
mod_EI_weight: 0.8709005933299805
mod_IE_weight: 1.3983601557877203
mod_II_weight: 0.50518322245857
n_actions: 3
n_bottom_up: 67
n_cue_tuned: 2
n_exc: 2000
n_fix_tuned: 1
n_hidden: 2500
n_inh: 500
n_motion_tuned: 64
n_reward_levels: 3
n_top_down: 10
n_top_down_hidden: 64
noise_input_sd: 0.0
noise_rnn_sd: 0.05
nonlinear_top_down: false
restrict_output_to_exc: false
rnn_weight: 0.18377792517851038
tc_modulator: 22.74203490774326
tc_soma: 100
td_E_kappa: 0.10195588263259003
td_E_topo: 1.5065938368739336
td_I_kappa: 0.09010588936424416
td_I_topo: 1.1157335543151743
td_weight: 0.08721234785767684
