EE_kappa: 0.07901578272752662
EE_topo: 0.8395230316649502
EE_topo_mod: 8.225451261199401e-13
EI_kappa: 0.10372321811892829
EI_topo: 0.44936660761177816
EI_topo_mod: 3.9856249626844775e-13
E_bias_mean: 0.0
E_bias_std: 1.0e-12
IE_kappa: 0.19767721643611574
IE_topo: 0.8744217601475548
IE_topo_mod: 2.5152257226104656e-13
II_kappa: 0.20347622759510325
II_topo: 0.743171026621464
II_topo_mod: 5.888616469358884e-13
I_bias_mean: 0.0
I_bias_std: 1.0e-12
alpha_EE: 0.05598800226934283
alpha_EI: 0.27283879311607645
alpha_II: 0.14316213355597823
dt: 20
filename: results_7f94ba2c-6774-484b-8706-e9ce8b50c2ef.pkl
init_exc: 0.2
init_inh: 0.4
init_mod: 0.1
inp_E_kappa: 0.22900267159348237
inp_E_topo: 1.7237458749490546
inp_I_kappa: 0.17211114155667712
inp_I_topo: 0.05415163732827222
input_weight: 0.17761105650684555
max_h_for_output: 5.0
mod_EE_weight: 1.7933916457044419
mod_EI_weight: 1.0015401118564429
mod_IE_weight: 1.996711366855998
mod_II_weight: 0.5527933785512142
n_actions: 3
n_bottom_up: 67
n_cue_tuned: 2
n_exc: 2000
n_fix_tuned: 1
n_hidden: 2500
n_inh: 500
n_motion_tuned: 64
n_reward_levels: 3
n_top_down: 10
n_top_down_hidden: 64
noise_input_sd: 0.0
noise_rnn_sd: 0.05
nonlinear_top_down: false
restrict_output_to_exc: false
rnn_weight: 0.18438770455461578
tc_modulator: 58.35482404175926
tc_soma: 100
td_E_kappa: 0.18401802112709725
td_E_topo: 1.1728485755976787
td_I_kappa: 0.20282464351309787
td_I_topo: 1.5409595999624592
td_weight: 0.08721234785767684
