EE_kappa: 0.11744618693898688
EE_topo: 0.42610570357415156
EE_topo_mod: 8.688465870383869e-13
EI_kappa: 0.24205481796248535
EI_topo: 0.5383315462958977
EI_topo_mod: 2.2128437371612198e-13
E_bias_mean: 0.0
E_bias_std: 1.0e-12
IE_kappa: 0.16597571836272418
IE_topo: 1.6430258151267476
IE_topo_mod: 6.71925438765051e-13
II_kappa: 0.2338745326658555
II_topo: 1.6862544728614128
II_topo_mod: 1.6790405523105943e-13
I_bias_mean: 0.0
I_bias_std: 1.0e-12
alpha_EE: 0.2744672050799285
alpha_EI: 0.06611092890528397
alpha_II: 0.22096200923479564
dt: 20
filename: results_88239201-3234-4ba9-9547-63c24a688833.pkl
init_exc: 0.2
init_inh: 0.4
init_mod: 0.1
inp_E_kappa: 0.21122119114779192
inp_E_topo: 1.4997632285774565
inp_I_kappa: 0.0747187548070716
inp_I_topo: 0.35360323396151605
input_weight: 0.18710539954898675
max_h_for_output: 5.0
mod_EE_weight: 1.1765847388736663
mod_EI_weight: 0.21001749866665542
mod_IE_weight: 1.9240026077699273
mod_II_weight: 1.8730151895002822
n_actions: 3
n_bottom_up: 67
n_cue_tuned: 2
n_exc: 2000
n_fix_tuned: 1
n_hidden: 2500
n_inh: 500
n_motion_tuned: 64
n_reward_levels: 3
n_top_down: 10
n_top_down_hidden: 64
noise_input_sd: 0.0
noise_rnn_sd: 0.05
nonlinear_top_down: false
restrict_output_to_exc: false
rnn_weight: 0.12655081755613995
tc_modulator: 51.88894628709578
tc_soma: 100
td_E_kappa: 0.17051498397825227
td_E_topo: 0.25489626921391006
td_I_kappa: 0.06683745422896047
td_I_topo: 1.7744611544430549
td_weight: 0.08721234785767684
