EE_kappa: 0.06098642418002889
EE_topo: 1.0364232925934618
EE_topo_mod: 4.0356504527698433e-13
EI_kappa: 0.15090833877355492
EI_topo: 1.6071970570954357
EI_topo_mod: 7.656855035104715e-14
E_bias_mean: 0.0
E_bias_std: 1.0e-12
IE_kappa: 0.17384751061656847
IE_topo: 0.038157357081418875
IE_topo_mod: 4.0192656048386063e-14
II_kappa: 0.19010430700087605
II_topo: 0.7585534595612562
II_topo_mod: 2.80911965260605e-13
I_bias_mean: 0.0
I_bias_std: 1.0e-12
alpha_EE: 0.21419196574451105
alpha_EI: 0.005737017041343584
alpha_II: 0.16853123246160337
dt: 20
filename: results_a2304151-7f4d-4913-ac3a-9b075ec6cf30.pkl
init_exc: 0.2
init_inh: 0.4
init_mod: 0.1
inp_E_kappa: 0.17112182468307638
inp_E_topo: 0.9016622726278529
inp_I_kappa: 0.06996838024998892
inp_I_topo: 0.9396595698613512
input_weight: 0.12468305336695636
max_h_for_output: 5.0
mod_EE_weight: 0.621526672653402
mod_EI_weight: 0.35257717181033066
mod_IE_weight: 0.6240240573228562
mod_II_weight: 0.9480341719027724
n_actions: 3
n_bottom_up: 67
n_cue_tuned: 2
n_exc: 2000
n_fix_tuned: 1
n_hidden: 2500
n_inh: 500
n_motion_tuned: 64
n_reward_levels: 3
n_top_down: 10
n_top_down_hidden: 64
noise_input_sd: 0.0
noise_rnn_sd: 0.05
nonlinear_top_down: false
restrict_output_to_exc: false
rnn_weight: 0.15651788939267608
tc_modulator: 51.80816977782676
tc_soma: 100
td_E_kappa: 0.21225638301358313
td_E_topo: 0.9336008804009246
td_I_kappa: 0.12055791754405368
td_I_topo: 0.8939642816556252
td_weight: 0.08721234785767684
