EE_kappa: 0.09126976895751748
EE_topo: 1.0808056752324646
EE_topo_mod: 6.100239969925718e-13
EI_kappa: 0.15218417760682507
EI_topo: 0.5005000181322803
EI_topo_mod: 2.455092562865063e-13
E_bias_mean: 0.0
E_bias_std: 1.0e-12
IE_kappa: 0.15076587911630757
IE_topo: 0.24415673441736074
IE_topo_mod: 2.3183486112852613e-13
II_kappa: 0.1512126390727367
II_topo: 0.2906519008420392
II_topo_mod: 3.648737383830838e-13
I_bias_mean: 0.0
I_bias_std: 1.0e-12
alpha_EE: 0.12319745172252385
alpha_EI: 0.14571509108632194
alpha_II: 0.29209725761688665
dt: 20
filename: results_e0df5ddd-875b-446b-9677-adfcb53cce31.pkl
init_exc: 0.2
init_inh: 0.4
init_mod: 0.1
inp_E_kappa: 0.20794414173682968
inp_E_topo: 1.2799328893852342
inp_I_kappa: 0.1030071831685264
inp_I_topo: 0.7865451487044863
input_weight: 0.16788093977409463
max_h_for_output: 5.0
mod_EE_weight: 0.08228896059069002
mod_EI_weight: 1.4291339316152403
mod_IE_weight: 0.3582798932590021
mod_II_weight: 1.200091508053576
n_actions: 3
n_bottom_up: 67
n_cue_tuned: 2
n_exc: 2000
n_fix_tuned: 1
n_hidden: 2500
n_inh: 500
n_motion_tuned: 64
n_reward_levels: 3
n_top_down: 10
n_top_down_hidden: 64
noise_input_sd: 0.0
noise_rnn_sd: 0.05
nonlinear_top_down: false
restrict_output_to_exc: false
rnn_weight: 0.10268857461337004
tc_modulator: 47.51592199852047
tc_soma: 100
td_E_kappa: 0.056359444390101876
td_E_topo: 0.8894928039242385
td_I_kappa: 0.17073755911012467
td_I_topo: 1.3940638611832947
td_weight: 0.08721234785767684
