EE_kappa: 0.06880652800532557
EE_topo: 0.7709935564325245
EE_topo_mod: 4.532480949106603e-13
EI_kappa: 0.1399949848916366
EI_topo: 1.9142547227256157
EI_topo_mod: 5.678949934742838e-13
E_bias_mean: 0.0
E_bias_std: 1.0e-12
IE_kappa: 0.09918020711729847
IE_topo: 0.36620936261620574
IE_topo_mod: 7.716530565204304e-13
II_kappa: 0.1734671659698549
II_topo: 1.5847892685166507
II_topo_mod: 6.517823881761832e-13
I_bias_mean: 0.0
I_bias_std: 1.0e-12
alpha_EE: 0.007478627206304955
alpha_EI: 0.22650081441598122
alpha_II: 0.0020492284648725213
dt: 20
filename: results_43b83be5-8c8f-4abd-8975-88cb26150d47.pkl
init_exc: 0.2
init_inh: 0.4
init_mod: 0.1
inp_E_kappa: 0.05915353490444626
inp_E_topo: 1.9939633664921026
inp_I_kappa: 0.08065724338844911
inp_I_topo: 0.328433650985158
input_weight: 0.07587193436885001
max_h_for_output: 5.0
mod_EE_weight: 1.2073341801470836
mod_EI_weight: 1.0466785345074399
mod_IE_weight: 0.589458760913367
mod_II_weight: 0.3471570312902599
n_actions: 3
n_bottom_up: 67
n_cue_tuned: 2
n_exc: 2000
n_fix_tuned: 1
n_hidden: 2500
n_inh: 500
n_motion_tuned: 64
n_reward_levels: 3
n_top_down: 10
n_top_down_hidden: 64
noise_input_sd: 0.0
noise_rnn_sd: 0.05
nonlinear_top_down: false
restrict_output_to_exc: false
rnn_weight: 0.16494699793498427
tc_modulator: 91.98263326849339
tc_soma: 100
td_E_kappa: 0.17986084024622728
td_E_topo: 0.04963345560452792
td_I_kappa: 0.16073494981738692
td_I_topo: 0.8123605642384586
td_weight: 0.08721234785767684
