EE_kappa: 0.1234274431397344
EE_topo: 1.7461439641552465
EE_topo_mod: 9.920401281468005e-14
EI_kappa: 0.2261252399970906
EI_topo: 0.1952915693586068
EI_topo_mod: 8.939540756385353e-13
E_bias_mean: 0.0
E_bias_std: 1.0e-12
IE_kappa: 0.23086828709804585
IE_topo: 0.3324938961242456
IE_topo_mod: 3.4863545376401673e-13
II_kappa: 0.13168503218169272
II_topo: 0.9006063761286811
II_topo_mod: 3.2523528470501385e-13
I_bias_mean: 0.0
I_bias_std: 1.0e-12
alpha_EE: 0.08771554152353364
alpha_EI: 0.11985415477429107
alpha_II: 0.08935082267004893
dt: 20
filename: results_b7e24764-ff03-4927-b1fa-508a8aa40ed9.pkl
init_exc: 0.2
init_inh: 0.4
init_mod: 0.1
inp_E_kappa: 0.2387074039520421
inp_E_topo: 0.5143256533021467
inp_I_kappa: 0.10302905896514475
inp_I_topo: 0.6480536688158887
input_weight: 0.17085887128017024
max_h_for_output: 5.0
mod_EE_weight: 0.5719959286438007
mod_EI_weight: 0.6213319895927062
mod_IE_weight: 0.1119098045047765
mod_II_weight: 0.44414610990550085
n_actions: 3
n_bottom_up: 67
n_cue_tuned: 2
n_exc: 2000
n_fix_tuned: 1
n_hidden: 2500
n_inh: 500
n_motion_tuned: 64
n_reward_levels: 3
n_top_down: 10
n_top_down_hidden: 64
noise_input_sd: 0.0
noise_rnn_sd: 0.05
nonlinear_top_down: false
restrict_output_to_exc: false
rnn_weight: 0.1303920299591162
tc_modulator: 90.46758256441431
tc_soma: 100
td_E_kappa: 0.09712257270016061
td_E_topo: 0.7445154438061985
td_I_kappa: 0.23273033662614873
td_I_topo: 1.9481936168076628
td_weight: 0.08721234785767684
