EE_kappa: 0.0965630090186936
EE_topo: 1.3602818704145305
EE_topo_mod: 8.030506286380718e-13
EI_kappa: 0.1809797139846911
EI_topo: 0.7395300377530409
EI_topo_mod: 6.996885845639333e-13
E_bias_mean: 0.0
E_bias_std: 1.0e-12
IE_kappa: 0.1386440768145632
IE_topo: 0.6099726153970446
IE_topo_mod: 8.316003345754836e-13
II_kappa: 0.1397318516000851
II_topo: 1.6945716157877444
II_topo_mod: 3.7300947650056116e-13
I_bias_mean: 0.0
I_bias_std: 1.0e-12
alpha_EE: 0.2514056004770582
alpha_EI: 0.0870733005895215
alpha_II: 0.25303008247885794
dt: 20
filename: results_9ae1441d-8d49-46b1-9132-822479141756.pkl
init_exc: 0.2
init_inh: 0.4
init_mod: 0.1
inp_E_kappa: 0.1833475000686578
inp_E_topo: 1.9093276781076944
inp_I_kappa: 0.23588578158253276
inp_I_topo: 0.10544548860266367
input_weight: 0.10068261647945126
max_h_for_output: 5.0
mod_EE_weight: 1.2730090279056256
mod_EI_weight: 1.0025791098949175
mod_IE_weight: 1.8380889772938207
mod_II_weight: 1.480848479995316
n_actions: 3
n_bottom_up: 67
n_cue_tuned: 2
n_exc: 2000
n_fix_tuned: 1
n_hidden: 2500
n_inh: 500
n_motion_tuned: 64
n_reward_levels: 3
n_top_down: 10
n_top_down_hidden: 64
noise_input_sd: 0.0
noise_rnn_sd: 0.05
nonlinear_top_down: false
restrict_output_to_exc: false
rnn_weight: 0.09253405900600425
tc_modulator: 35.36913457587583
tc_soma: 100
td_E_kappa: 0.12959281225983316
td_E_topo: 0.9159476980216903
td_I_kappa: 0.051454382955495453
td_I_topo: 1.8134481209664022
td_weight: 0.08721234785767684
