EE_kappa: 0.0857148365761993
EE_topo: 0.20041522900296216
EE_topo_mod: 7.550348326218493e-13
EI_kappa: 0.0991187330958123
EI_topo: 0.9397857676146582
EI_topo_mod: 1.4525295231575475e-13
E_bias_mean: 0.0
E_bias_std: 1.0e-12
IE_kappa: 0.21768253810957822
IE_topo: 0.3112441243056454
IE_topo_mod: 9.11164055644677e-13
II_kappa: 0.22245466899785754
II_topo: 1.908539918185423
II_topo_mod: 1.7928858216803823e-13
I_bias_mean: 0.0
I_bias_std: 1.0e-12
alpha_EE: 0.2873511182836503
alpha_EI: 0.12248762343809952
alpha_II: 0.2801513900370427
dt: 20
filename: results_5644f244-6fa7-4968-8327-786eb6a1bd31.pkl
init_exc: 0.2
init_inh: 0.4
init_mod: 0.1
inp_E_kappa: 0.18046072013483433
inp_E_topo: 1.0505849816718347
inp_I_kappa: 0.24965972755391597
inp_I_topo: 1.5112709496278878
input_weight: 0.0972247780824006
max_h_for_output: 5.0
mod_EE_weight: 0.6442415525186052
mod_EI_weight: 0.8839661709202621
mod_IE_weight: 0.9678620853348764
mod_II_weight: 0.18293136866972282
n_actions: 3
n_bottom_up: 67
n_cue_tuned: 2
n_exc: 2000
n_fix_tuned: 1
n_hidden: 2500
n_inh: 500
n_motion_tuned: 64
n_reward_levels: 3
n_top_down: 10
n_top_down_hidden: 64
noise_input_sd: 0.0
noise_rnn_sd: 0.05
nonlinear_top_down: false
restrict_output_to_exc: false
rnn_weight: 0.10159978336235363
tc_modulator: 20.950484393757776
tc_soma: 100
td_E_kappa: 0.2448979270024515
td_E_topo: 1.6191382963328997
td_I_kappa: 0.07794672241336892
td_I_topo: 0.1351660873746432
td_weight: 0.08721234785767684
