EE_kappa: 0.0815492130810932
EE_topo: 1.8594042724195832
EE_topo_mod: 5.073153741612871e-13
EI_kappa: 0.20386414893375576
EI_topo: 0.7494992482464349
EI_topo_mod: 3.9458229644624987e-13
E_bias_mean: 0.0
E_bias_std: 1.0e-12
IE_kappa: 0.10689397241570685
IE_topo: 0.3615183788286398
IE_topo_mod: 9.604575904581638e-13
II_kappa: 0.1468522078754092
II_topo: 0.20105478874194094
II_topo_mod: 7.659330779118742e-13
I_bias_mean: 0.0
I_bias_std: 1.0e-12
alpha_EE: 0.02111206216374124
alpha_EI: 0.17507402535088684
alpha_II: 0.14362617010297318
dt: 20
filename: results_9255b419-cc64-41c9-9e2d-a3410804549d.pkl
init_exc: 0.2
init_inh: 0.4
init_mod: 0.1
inp_E_kappa: 0.15730808625125317
inp_E_topo: 0.3392238140618924
inp_I_kappa: 0.20505583020836776
inp_I_topo: 0.021083571435098536
input_weight: 0.16889914619482888
max_h_for_output: 5.0
mod_EE_weight: 0.15383449973468932
mod_EI_weight: 0.9942785210093087
mod_IE_weight: 0.08645158144412746
mod_II_weight: 0.16868668486626404
n_actions: 3
n_bottom_up: 67
n_cue_tuned: 2
n_exc: 2000
n_fix_tuned: 1
n_hidden: 2500
n_inh: 500
n_motion_tuned: 64
n_reward_levels: 3
n_top_down: 10
n_top_down_hidden: 64
noise_input_sd: 0.0
noise_rnn_sd: 0.05
nonlinear_top_down: false
restrict_output_to_exc: false
rnn_weight: 0.06783871893846916
tc_modulator: 90.15283686735177
tc_soma: 100
td_E_kappa: 0.07938590810055168
td_E_topo: 1.2902161185231609
td_I_kappa: 0.05373494998227779
td_I_topo: 0.7693188505403443
td_weight: 0.08721234785767684
