EE_kappa: 0.0899030618654314
EE_topo: 0.8703646454149923
EE_topo_mod: 8.24878064606082e-13
EI_kappa: 0.23089768206757905
EI_topo: 1.4892104159057227
EI_topo_mod: 1.4218543069649468e-13
E_bias_mean: 0.0
E_bias_std: 1.0e-12
IE_kappa: 0.1193803351712745
IE_topo: 1.6140293077496537
IE_topo_mod: 8.804938533174887e-13
II_kappa: 0.20183125929415824
II_topo: 1.2096681110852385
II_topo_mod: 5.281885659006978e-13
I_bias_mean: 0.0
I_bias_std: 1.0e-12
alpha_EE: 0.01990397534887952
alpha_EI: 0.03163319385214114
alpha_II: 0.2993077672845525
dt: 20
filename: results_3ba65899-1df2-4f9d-b9f6-bd2e698ab8e6.pkl
init_exc: 0.2
init_inh: 0.4
init_mod: 0.1
inp_E_kappa: 0.23893828151034263
inp_E_topo: 1.1264508285822292
inp_I_kappa: 0.1658835287307655
inp_I_topo: 1.307434590236002
input_weight: 0.15924827552204118
max_h_for_output: 5.0
mod_EE_weight: 0.7105307151553109
mod_EI_weight: 0.7394616954659752
mod_IE_weight: 0.9947932213832446
mod_II_weight: 0.1423055750529899
n_actions: 3
n_bottom_up: 67
n_cue_tuned: 2
n_exc: 2000
n_fix_tuned: 1
n_hidden: 2500
n_inh: 500
n_motion_tuned: 64
n_reward_levels: 3
n_top_down: 10
n_top_down_hidden: 64
noise_input_sd: 0.0
noise_rnn_sd: 0.05
nonlinear_top_down: false
restrict_output_to_exc: false
rnn_weight: 0.18091509922763488
tc_modulator: 71.3049177787841
tc_soma: 100
td_E_kappa: 0.12863515596562808
td_E_topo: 0.6080188981593837
td_I_kappa: 0.15414221604160033
td_I_topo: 1.206094315468838
td_weight: 0.08721234785767684
