EE_kappa: 0.07126820515690149
EE_topo: 0.20031671485884606
EE_topo_mod: 4.651410465214162e-13
EI_kappa: 0.22001014517727496
EI_topo: 1.6913693883884187
EI_topo_mod: 9.983539019280378e-13
E_bias_mean: 0.0
E_bias_std: 1.0e-12
IE_kappa: 0.11040359945899313
IE_topo: 1.9414574513203684
IE_topo_mod: 2.7987504729706556e-13
II_kappa: 0.21531503800004187
II_topo: 1.3475395530464123
II_topo_mod: 2.0316429761345188e-13
I_bias_mean: 0.0
I_bias_std: 1.0e-12
alpha_EE: 0.0764189487562335
alpha_EI: 0.01792189267581923
alpha_II: 0.07964194577528862
dt: 20
filename: results_18b404fb-98fe-4348-ab34-827a79993269.pkl
init_exc: 0.2
init_inh: 0.4
init_mod: 0.1
inp_E_kappa: 0.22347583130346194
inp_E_topo: 0.5092363573758987
inp_I_kappa: 0.1736446865018368
inp_I_topo: 0.36008672677147024
input_weight: 0.18769510793028976
max_h_for_output: 5.0
mod_EE_weight: 0.8068961679571889
mod_EI_weight: 0.6142364339065263
mod_IE_weight: 1.7627952706001906
mod_II_weight: 1.688892858483844
n_actions: 3
n_bottom_up: 67
n_cue_tuned: 2
n_exc: 2000
n_fix_tuned: 1
n_hidden: 2500
n_inh: 500
n_motion_tuned: 64
n_reward_levels: 3
n_top_down: 10
n_top_down_hidden: 64
noise_input_sd: 0.0
noise_rnn_sd: 0.05
nonlinear_top_down: false
restrict_output_to_exc: false
rnn_weight: 0.1630035758775885
tc_modulator: 89.40831861829363
tc_soma: 100
td_E_kappa: 0.08822862365346569
td_E_topo: 1.2748969045450984
td_I_kappa: 0.12650396616614284
td_I_topo: 0.9437335582672224
td_weight: 0.08721234785767684
