EE_kappa: 0.05214037699458845
EE_topo: 0.3963788326975495
EE_topo_mod: 1.8792380998370762e-13
EI_kappa: 0.07082177515143584
EI_topo: 1.697909731911222
EI_topo_mod: 5.959633805912951e-13
E_bias_mean: 0.0
E_bias_std: 1.0e-12
IE_kappa: 0.14533451203546313
IE_topo: 1.3023818315917668
IE_topo_mod: 3.460856710266995e-13
II_kappa: 0.174092123937756
II_topo: 0.3485959399311891
II_topo_mod: 5.08925880561949e-13
I_bias_mean: 0.0
I_bias_std: 1.0e-12
alpha_EE: 0.2835626811688226
alpha_EI: 0.09233348601358572
alpha_II: 0.18452296397713935
dt: 20
filename: results_62387d6f-36e0-4047-a6be-b1d01d45e7a7.pkl
init_exc: 0.2
init_inh: 0.4
init_mod: 0.1
inp_E_kappa: 0.08660643490776843
inp_E_topo: 0.8603732363338241
inp_I_kappa: 0.2288836697707487
inp_I_topo: 0.038078119471359306
input_weight: 0.16528004253607687
max_h_for_output: 5.0
mod_EE_weight: 1.253463308630144
mod_EI_weight: 1.6254198284641943
mod_IE_weight: 1.1847068857807024
mod_II_weight: 1.7414253545518652
n_actions: 3
n_bottom_up: 67
n_cue_tuned: 2
n_exc: 2000
n_fix_tuned: 1
n_hidden: 2500
n_inh: 500
n_motion_tuned: 64
n_reward_levels: 3
n_top_down: 10
n_top_down_hidden: 64
noise_input_sd: 0.0
noise_rnn_sd: 0.05
nonlinear_top_down: false
restrict_output_to_exc: false
rnn_weight: 0.1569989951652255
tc_modulator: 29.36856859676123
tc_soma: 100
td_E_kappa: 0.21643377248581325
td_E_topo: 0.5907637176623681
td_I_kappa: 0.2197645920148102
td_I_topo: 1.6339867047321557
td_weight: 0.08721234785767684
