EE_kappa: 0.05589291231047444
EE_topo: 1.7447862716410445
EE_topo_mod: 1.9065892207789924e-13
EI_kappa: 0.20205726884308067
EI_topo: 0.9574353295904527
EI_topo_mod: 5.387997629035382e-13
E_bias_mean: 0.0
E_bias_std: 1.0e-12
IE_kappa: 0.14856726636274348
IE_topo: 0.8720991163553471
IE_topo_mod: 2.7138948326301104e-13
II_kappa: 0.15472126581554518
II_topo: 0.7319124118263167
II_topo_mod: 6.865217447754312e-13
I_bias_mean: 0.0
I_bias_std: 1.0e-12
alpha_EE: 0.2798594168303559
alpha_EI: 0.2502953671419967
alpha_II: 0.27669585832133203
dt: 20
filename: results_5d3e5882-2a5f-4826-99ce-0c08c70b41e2.pkl
init_exc: 0.2
init_inh: 0.4
init_mod: 0.1
inp_E_kappa: 0.1472104208687277
inp_E_topo: 1.6694590717745277
inp_I_kappa: 0.13812044781554172
inp_I_topo: 0.4254130258818196
input_weight: 0.19000305376104348
max_h_for_output: 5.0
mod_EE_weight: 0.781489215499389
mod_EI_weight: 0.5069197434598091
mod_IE_weight: 0.8532065857689325
mod_II_weight: 0.12018546589272239
n_actions: 3
n_bottom_up: 67
n_cue_tuned: 2
n_exc: 2000
n_fix_tuned: 1
n_hidden: 2500
n_inh: 500
n_motion_tuned: 64
n_reward_levels: 3
n_top_down: 10
n_top_down_hidden: 64
noise_input_sd: 0.0
noise_rnn_sd: 0.05
nonlinear_top_down: false
restrict_output_to_exc: false
rnn_weight: 0.17914956561672685
tc_modulator: 92.09393501468182
tc_soma: 100
td_E_kappa: 0.20456326027642385
td_E_topo: 0.07722882344951287
td_I_kappa: 0.13730512863773037
td_I_topo: 1.3551253774354721
td_weight: 0.08721234785767684
