EE_kappa: 0.09720769991418088
EE_topo: 1.3867159972279959
EE_topo_mod: 2.112577943194096e-13
EI_kappa: 0.20608887229465223
EI_topo: 1.5740478890841139
EI_topo_mod: 4.1657623555773093e-13
E_bias_mean: 0.0
E_bias_std: 1.0e-12
IE_kappa: 0.14539212913580096
IE_topo: 1.7195841734213906
IE_topo_mod: 5.249135319490114e-13
II_kappa: 0.20875581857340325
II_topo: 1.6939787933507369
II_topo_mod: 9.627177484073361e-13
I_bias_mean: 0.0
I_bias_std: 1.0e-12
alpha_EE: 0.29338914985354386
alpha_EI: 0.25728777198071134
alpha_II: 0.20511534229164857
dt: 20
filename: results_targeted_f4ff203b-c091-448f-b821-dc96ef2a0018.pkl
init_exc: 0.2
init_inh: 0.4
init_mod: 0.1
inp_E_kappa: 0.07212549605110508
inp_E_topo: 1.8297984519426451
inp_I_kappa: 0.18485251845124223
inp_I_topo: 0.8833288456223185
input_weight: 0.1406038110732784
max_h_for_output: 5.0
mod_EE_weight: 0.07504899640791007
mod_EI_weight: 0.9775669584649755
mod_IE_weight: 0.727194478651666
mod_II_weight: 0.7316556913596259
n_actions: 3
n_bottom_up: 67
n_cue_tuned: 2
n_exc: 2000
n_fix_tuned: 1
n_hidden: 2500
n_inh: 500
n_motion_tuned: 64
n_reward_levels: 3
n_top_down: 10
n_top_down_hidden: 64
noise_input_sd: 0.0
noise_rnn_sd: 0.05
nonlinear_top_down: false
restrict_output_to_exc: false
rnn_weight: 0.1291400971024378
tc_modulator: 87.17163791963006
tc_soma: 100
td_E_kappa: 0.19516069698599536
td_E_topo: 0.11591983661582383
td_I_kappa: 0.09516756386708787
td_I_topo: 1.0021906581971594
td_weight: 0.08721234785767684
