EE_kappa: 0.05926108159585497
EE_topo: 1.12225864412805
EE_topo_mod: 8.085921123361372e-13
EI_kappa: 0.14125360080057414
EI_topo: 0.724900158428009
EI_topo_mod: 9.9417055939247e-13
E_bias_mean: 0.0
E_bias_std: 1.0e-12
IE_kappa: 0.16457673902454395
IE_topo: 0.022818771046433817
IE_topo_mod: 8.059098825760595e-13
II_kappa: 0.17996512782209267
II_topo: 0.9523204355748358
II_topo_mod: 1.419930337416102e-13
I_bias_mean: 0.0
I_bias_std: 1.0e-12
alpha_EE: 0.14254780365895514
alpha_EI: 0.06935239996535417
alpha_II: 0.2606684132215529
dt: 20
filename: results_4801d91e-108c-4206-9fd7-a199c1d39455.pkl
init_exc: 0.2
init_inh: 0.4
init_mod: 0.1
inp_E_kappa: 0.09697086080905021
inp_E_topo: 1.6640267092056489
inp_I_kappa: 0.162644023642964
inp_I_topo: 0.48864998307227636
input_weight: 0.14550656735346165
max_h_for_output: 5.0
mod_EE_weight: 0.5398065565025995
mod_EI_weight: 0.5175612009755304
mod_IE_weight: 0.43879870361374185
mod_II_weight: 0.3323146683197956
n_actions: 3
n_bottom_up: 67
n_cue_tuned: 2
n_exc: 2000
n_fix_tuned: 1
n_hidden: 2500
n_inh: 500
n_motion_tuned: 64
n_reward_levels: 3
n_top_down: 10
n_top_down_hidden: 64
noise_input_sd: 0.0
noise_rnn_sd: 0.05
nonlinear_top_down: false
restrict_output_to_exc: false
rnn_weight: 0.13470521365117216
tc_modulator: 86.32775170073718
tc_soma: 100
td_E_kappa: 0.12191869535345089
td_E_topo: 0.4231163545815404
td_I_kappa: 0.18892271768694785
td_I_topo: 0.2608732429641787
td_weight: 0.08721234785767684
