EE_kappa: 0.14257879653763833
EE_topo: 1.1165309745352792
EE_topo_mod: 3.4026350511525417e-13
EI_kappa: 0.19708676683602477
EI_topo: 1.4322144518474105
EI_topo_mod: 7.204472734143397e-14
E_bias_mean: 0.0
E_bias_std: 1.0e-12
IE_kappa: 0.23903037460502835
IE_topo: 1.369135683927343
IE_topo_mod: 1.3697234576613838e-13
II_kappa: 0.24315460533811922
II_topo: 1.2676801501245878
II_topo_mod: 3.8016860062674263e-13
I_bias_mean: 0.0
I_bias_std: 1.0e-12
alpha_EE: 0.16861049732908073
alpha_EI: 0.017302191168661375
alpha_II: 0.20649031526689732
dt: 20
filename: results_38d23a72-6849-410b-bee8-a472567ebf32.pkl
init_exc: 0.2
init_inh: 0.4
init_mod: 0.1
inp_E_kappa: 0.1452969889319819
inp_E_topo: 0.5145656573882929
inp_I_kappa: 0.051367797975210495
inp_I_topo: 1.9387463072533084
input_weight: 0.10149153366123356
max_h_for_output: 5.0
mod_EE_weight: 1.5401669019357545
mod_EI_weight: 1.7301539751600754
mod_IE_weight: 0.5657225845590701
mod_II_weight: 1.4812134295232695
n_actions: 3
n_bottom_up: 67
n_cue_tuned: 2
n_exc: 2000
n_fix_tuned: 1
n_hidden: 2500
n_inh: 500
n_motion_tuned: 64
n_reward_levels: 3
n_top_down: 10
n_top_down_hidden: 64
noise_input_sd: 0.0
noise_rnn_sd: 0.05
nonlinear_top_down: false
restrict_output_to_exc: false
rnn_weight: 0.11640719361047333
tc_modulator: 38.885961605704836
tc_soma: 100
td_E_kappa: 0.21235892742587564
td_E_topo: 0.6422042104108938
td_I_kappa: 0.10268910498604929
td_I_topo: 0.9712137410966959
td_weight: 0.08721234785767684
