EE_kappa: 0.1005087858532266
EE_topo: 0.8260429806697747
EE_topo_mod: 1.2605889403757563e-13
EI_kappa: 0.13286659514763938
EI_topo: 0.05970351258145001
EI_topo_mod: 7.578613712469738e-13
E_bias_mean: 0.0
E_bias_std: 1.0e-12
IE_kappa: 0.1872095442975859
IE_topo: 1.2880176340011547
IE_topo_mod: 9.942593148012387e-13
II_kappa: 0.20073655616652458
II_topo: 1.2554431465776539
II_topo_mod: 4.756508296371578e-13
I_bias_mean: 0.0
I_bias_std: 1.0e-12
alpha_EE: 0.03425116591029093
alpha_EI: 0.1826498011220232
alpha_II: 0.07675228040164363
dt: 20
filename: results_93ae99de-fdd0-48a4-bffe-f98a9d27b03f.pkl
init_exc: 0.2
init_inh: 0.4
init_mod: 0.1
inp_E_kappa: 0.13922206736242881
inp_E_topo: 1.319748286403926
inp_I_kappa: 0.09440009904500185
inp_I_topo: 0.3183084805991967
input_weight: 0.1719398749899253
max_h_for_output: 5.0
mod_EE_weight: 1.3404524311301558
mod_EI_weight: 1.8225841109281913
mod_IE_weight: 0.6951271063029207
mod_II_weight: 0.2363731722348672
n_actions: 3
n_bottom_up: 67
n_cue_tuned: 2
n_exc: 2000
n_fix_tuned: 1
n_hidden: 2500
n_inh: 500
n_motion_tuned: 64
n_reward_levels: 3
n_top_down: 10
n_top_down_hidden: 64
noise_input_sd: 0.0
noise_rnn_sd: 0.05
nonlinear_top_down: false
restrict_output_to_exc: false
rnn_weight: 0.15179685303751972
tc_modulator: 59.230791289393295
tc_soma: 100
td_E_kappa: 0.13628787112990676
td_E_topo: 1.9343030251795426
td_I_kappa: 0.24061329541383764
td_I_topo: 0.5117349089786423
td_weight: 0.08721234785767684
