EE_kappa: 0.05385351220363752
EE_topo: 0.0023933198699115366
EE_topo_mod: 8.88692989893899e-13
EI_kappa: 0.20194210160907006
EI_topo: 0.4738530983847653
EI_topo_mod: 1.2899790620684793e-13
E_bias_mean: 0.0
E_bias_std: 1.0e-12
IE_kappa: 0.05161354609540472
IE_topo: 0.47292281335406927
IE_topo_mod: 8.510677194063736e-13
II_kappa: 0.19507423649464561
II_topo: 1.5995120595984522
II_topo_mod: 2.0650077578978852e-14
I_bias_mean: 0.0
I_bias_std: 1.0e-12
alpha_EE: 0.06603440378997068
alpha_EI: 0.10501073388841277
alpha_II: 0.07477358204006306
dt: 20
filename: results_ce376561-5389-45a3-aaf9-abc672b31962.pkl
init_exc: 0.2
init_inh: 0.4
init_mod: 0.1
inp_E_kappa: 0.15395728487699922
inp_E_topo: 0.8756326531588816
inp_I_kappa: 0.22811482279086637
inp_I_topo: 0.5940681497957943
input_weight: 0.12325633767546856
max_h_for_output: 5.0
mod_EE_weight: 1.025789999262082
mod_EI_weight: 1.4251154036017246
mod_IE_weight: 0.15207707349912702
mod_II_weight: 1.4677490007074399
n_actions: 3
n_bottom_up: 67
n_cue_tuned: 2
n_exc: 2000
n_fix_tuned: 1
n_hidden: 2500
n_inh: 500
n_motion_tuned: 64
n_reward_levels: 3
n_top_down: 10
n_top_down_hidden: 64
noise_input_sd: 0.0
noise_rnn_sd: 0.05
nonlinear_top_down: false
restrict_output_to_exc: false
rnn_weight: 0.16555711089058345
tc_modulator: 22.091270877406526
tc_soma: 100
td_E_kappa: 0.17413769260229017
td_E_topo: 1.6355250172986573
td_I_kappa: 0.1381712142440354
td_I_topo: 1.6856588997880826
td_weight: 0.08721234785767684
