EE_kappa: 0.08239770553705297
EE_topo: 0.8851992255832786
EE_topo_mod: 3.234801321535162e-13
EI_kappa: 0.16032359443359803
EI_topo: 0.9969403907796612
EI_topo_mod: 1.4114352920414542e-13
E_bias_mean: 0.0
E_bias_std: 1.0e-12
IE_kappa: 0.07730553818037274
IE_topo: 1.6264245045109786
IE_topo_mod: 6.637527440616836e-13
II_kappa: 0.13151872697772338
II_topo: 1.2350514314311727
II_topo_mod: 1.9298289938046485e-13
I_bias_mean: 0.0
I_bias_std: 1.0e-12
alpha_EE: 0.23900201008740304
alpha_EI: 0.08174573477518268
alpha_II: 0.23798548697845784
dt: 20
filename: results_3b27cb1d-72ca-4632-a087-d6a9c6af3a4b.pkl
init_exc: 0.2
init_inh: 0.4
init_mod: 0.1
inp_E_kappa: 0.14058065653817087
inp_E_topo: 0.08190814708063399
inp_I_kappa: 0.13686115822613865
inp_I_topo: 1.1421802759205386
input_weight: 0.1220298204303351
max_h_for_output: 5.0
mod_EE_weight: 1.8854966579952532
mod_EI_weight: 0.9777263938183669
mod_IE_weight: 0.6910800056566151
mod_II_weight: 1.5801323239718994
n_actions: 3
n_bottom_up: 67
n_cue_tuned: 2
n_exc: 2000
n_fix_tuned: 1
n_hidden: 2500
n_inh: 500
n_motion_tuned: 64
n_reward_levels: 3
n_top_down: 10
n_top_down_hidden: 64
noise_input_sd: 0.0
noise_rnn_sd: 0.05
nonlinear_top_down: false
restrict_output_to_exc: false
rnn_weight: 0.1442872378727174
tc_modulator: 77.52405416996726
tc_soma: 100
td_E_kappa: 0.23178945339938023
td_E_topo: 0.0823373785799395
td_I_kappa: 0.22640762949112503
td_I_topo: 1.8797943499454444
td_weight: 0.08721234785767684
