EE_kappa: 0.07646724844989249
EE_topo: 1.3654190441529643
EE_topo_mod: 7.026335703398145e-13
EI_kappa: 0.10027293834895577
EI_topo: 0.5420380335870523
EI_topo_mod: 4.806010191912961e-13
E_bias_mean: 0.0
E_bias_std: 1.0e-12
IE_kappa: 0.16552949085687058
IE_topo: 1.351335518515404
IE_topo_mod: 3.645488982332856e-14
II_kappa: 0.11868677511937581
II_topo: 1.2840069170550654
II_topo_mod: 8.281427307357582e-13
I_bias_mean: 0.0
I_bias_std: 1.0e-12
alpha_EE: 0.06501217089755698
alpha_EI: 0.14436476631851194
alpha_II: 0.117289057273206
dt: 20
filename: results_f080c347-4d05-4197-84a8-ca25266a0b28.pkl
init_exc: 0.2
init_inh: 0.4
init_mod: 0.1
inp_E_kappa: 0.17533737759905282
inp_E_topo: 1.1410921881193616
inp_I_kappa: 0.24786546142933358
inp_I_topo: 0.6864612898617928
input_weight: 0.17244994229361238
max_h_for_output: 5.0
mod_EE_weight: 1.6895754085602013
mod_EI_weight: 0.7755029192050709
mod_IE_weight: 1.6298991694195577
mod_II_weight: 0.515862554858777
n_actions: 3
n_bottom_up: 67
n_cue_tuned: 2
n_exc: 2000
n_fix_tuned: 1
n_hidden: 2500
n_inh: 500
n_motion_tuned: 64
n_reward_levels: 3
n_top_down: 10
n_top_down_hidden: 64
noise_input_sd: 0.0
noise_rnn_sd: 0.05
nonlinear_top_down: false
restrict_output_to_exc: false
rnn_weight: 0.13446426119148097
tc_modulator: 35.29569639687964
tc_soma: 100
td_E_kappa: 0.21375598416594366
td_E_topo: 0.6104374872082978
td_I_kappa: 0.05209628704695562
td_I_topo: 1.6820528586669081
td_weight: 0.08721234785767684
