EE_kappa: 0.07205904600637619
EE_topo: 0.8702550646875393
EE_topo_mod: 9.801000853356628e-13
EI_kappa: 0.1816479635023292
EI_topo: 0.6442365965290706
EI_topo_mod: 8.523971590793225e-13
E_bias_mean: 0.0
E_bias_std: 1.0e-12
IE_kappa: 0.24778956902083255
IE_topo: 1.3697891821309782
IE_topo_mod: 9.757455216851663e-14
II_kappa: 0.24619150553466318
II_topo: 1.55917681742607
II_topo_mod: 6.337742150664771e-13
I_bias_mean: 0.0
I_bias_std: 1.0e-12
alpha_EE: 0.07574433666700708
alpha_EI: 0.07897985667826245
alpha_II: 0.19968434708055738
dt: 20
filename: results_a8511010-ba9b-41f8-9cf0-b79d1134ac39.pkl
init_exc: 0.2
init_inh: 0.4
init_mod: 0.1
inp_E_kappa: 0.19897013083510723
inp_E_topo: 1.6492970051822335
inp_I_kappa: 0.22294898746628217
inp_I_topo: 1.6172149848621258
input_weight: 0.1709927038603259
max_h_for_output: 5.0
mod_EE_weight: 0.9015489123553684
mod_EI_weight: 1.5869499555722688
mod_IE_weight: 1.1158362091409708
mod_II_weight: 0.8574063045735991
n_actions: 3
n_bottom_up: 67
n_cue_tuned: 2
n_exc: 2000
n_fix_tuned: 1
n_hidden: 2500
n_inh: 500
n_motion_tuned: 64
n_reward_levels: 3
n_top_down: 10
n_top_down_hidden: 64
noise_input_sd: 0.0
noise_rnn_sd: 0.05
nonlinear_top_down: false
restrict_output_to_exc: false
rnn_weight: 0.16711563346159003
tc_modulator: 85.21336676015646
tc_soma: 100
td_E_kappa: 0.1703526044386318
td_E_topo: 1.3802830811603426
td_I_kappa: 0.20505823801320316
td_I_topo: 1.0520184603738585
td_weight: 0.08721234785767684
