EE_kappa: 0.06810191499296209
EE_topo: 0.2585823989467724
EE_topo_mod: 2.0089288555401496e-13
EI_kappa: 0.061209727457689135
EI_topo: 0.6966267916486915
EI_topo_mod: 5.767146321940625e-13
E_bias_mean: 0.0
E_bias_std: 1.0e-12
IE_kappa: 0.18153372566933684
IE_topo: 1.6190173787439752
IE_topo_mod: 8.562946791911559e-13
II_kappa: 0.10185988057213982
II_topo: 0.8442769822890688
II_topo_mod: 4.763386067116699e-13
I_bias_mean: 0.0
I_bias_std: 1.0e-12
alpha_EE: 0.05245276014870641
alpha_EI: 0.010772010876722648
alpha_II: 0.14203316297928661
dt: 20
filename: results_4cd8c043-d045-44df-b31f-1d585229a278.pkl
init_exc: 0.2
init_inh: 0.4
init_mod: 0.1
inp_E_kappa: 0.19916606666532305
inp_E_topo: 0.4884388740567094
inp_I_kappa: 0.054138486103875685
inp_I_topo: 1.047748779142164
input_weight: 0.12494610379823966
max_h_for_output: 5.0
mod_EE_weight: 0.0195658691007371
mod_EI_weight: 0.7974285506811356
mod_IE_weight: 0.10839887792527336
mod_II_weight: 0.8567471704751543
n_actions: 3
n_bottom_up: 67
n_cue_tuned: 2
n_exc: 2000
n_fix_tuned: 1
n_hidden: 2500
n_inh: 500
n_motion_tuned: 64
n_reward_levels: 3
n_top_down: 10
n_top_down_hidden: 64
noise_input_sd: 0.0
noise_rnn_sd: 0.05
nonlinear_top_down: false
restrict_output_to_exc: false
rnn_weight: 0.15285209966000918
tc_modulator: 59.852722108374714
tc_soma: 100
td_E_kappa: 0.18623610426161274
td_E_topo: 1.0608406935981067
td_I_kappa: 0.12071594367954792
td_I_topo: 1.070789086248627
td_weight: 0.08721234785767684
