EE_kappa: 0.0651337394074879
EE_topo: 1.9111358540966408
EE_topo_mod: 2.882976338455927e-13
EI_kappa: 0.06550429703972226
EI_topo: 0.008857187981891057
EI_topo_mod: 1.926095544546592e-13
E_bias_mean: 0.0
E_bias_std: 1.0e-12
IE_kappa: 0.18296769384645334
IE_topo: 1.4454618939974677
IE_topo_mod: 4.225674249147335e-13
II_kappa: 0.07411873896622079
II_topo: 0.06024707179602928
II_topo_mod: 3.941539925185299e-13
I_bias_mean: 0.0
I_bias_std: 1.0e-12
alpha_EE: 0.16934839892016393
alpha_EI: 0.2227960562434365
alpha_II: 0.2950664176882675
dt: 20
filename: results_fc68e494-e5dc-4aa4-95e3-e69c508bf8f3.pkl
init_exc: 0.2
init_inh: 0.4
init_mod: 0.1
inp_E_kappa: 0.11758406290323267
inp_E_topo: 1.7585041830523898
inp_I_kappa: 0.08704935477902923
inp_I_topo: 1.3450256150726787
input_weight: 0.15313792482453029
max_h_for_output: 5.0
mod_EE_weight: 0.9577484504944107
mod_EI_weight: 0.27443331966481477
mod_IE_weight: 0.5067393081245922
mod_II_weight: 0.9282061250864597
n_actions: 3
n_bottom_up: 67
n_cue_tuned: 2
n_exc: 2000
n_fix_tuned: 1
n_hidden: 2500
n_inh: 500
n_motion_tuned: 64
n_reward_levels: 3
n_top_down: 10
n_top_down_hidden: 64
noise_input_sd: 0.0
noise_rnn_sd: 0.05
nonlinear_top_down: false
restrict_output_to_exc: false
rnn_weight: 0.08140836621396524
tc_modulator: 75.89692330059837
tc_soma: 100
td_E_kappa: 0.1850308607179612
td_E_topo: 0.9222765436927476
td_I_kappa: 0.1419679001916998
td_I_topo: 0.9142065969454383
td_weight: 0.08721234785767684
