EE_kappa: 0.12993501992260464
EE_topo: 1.8076162007643075
EE_topo_mod: 7.667147896157454e-13
EI_kappa: 0.222354221723081
EI_topo: 1.9568113272396466
EI_topo_mod: 9.50934248891806e-13
E_bias_mean: 0.0
E_bias_std: 1.0e-12
IE_kappa: 0.20141388798164545
IE_topo: 0.5861786250156831
IE_topo_mod: 7.792875222322828e-13
II_kappa: 0.19677568639062143
II_topo: 0.3879143933679974
II_topo_mod: 8.414001153008001e-13
I_bias_mean: 0.0
I_bias_std: 1.0e-12
alpha_EE: 0.0017550963479538216
alpha_EI: 0.10419276193675904
alpha_II: 0.21156313710332045
dt: 20
filename: results_418c207f-c738-4202-b017-b3276af6011e.pkl
init_exc: 0.2
init_inh: 0.4
init_mod: 0.1
inp_E_kappa: 0.10926702140554052
inp_E_topo: 0.30975796562076297
inp_I_kappa: 0.06497930940603935
inp_I_topo: 1.0107779363550888
input_weight: 0.16798528040800662
max_h_for_output: 5.0
mod_EE_weight: 1.607624355949773
mod_EI_weight: 1.2994657373041458
mod_IE_weight: 1.6478436051384828
mod_II_weight: 1.106187788468177
n_actions: 3
n_bottom_up: 67
n_cue_tuned: 2
n_exc: 2000
n_fix_tuned: 1
n_hidden: 2500
n_inh: 500
n_motion_tuned: 64
n_reward_levels: 3
n_top_down: 10
n_top_down_hidden: 64
noise_input_sd: 0.0
noise_rnn_sd: 0.05
nonlinear_top_down: false
restrict_output_to_exc: false
rnn_weight: 0.12393153269464088
tc_modulator: 26.825409860224774
tc_soma: 100
td_E_kappa: 0.0901842496517161
td_E_topo: 1.6354040961506404
td_I_kappa: 0.2388038238882652
td_I_topo: 1.5814092148057193
td_weight: 0.08721234785767684
