EE_kappa: 0.05369036926094628
EE_topo: 0.40344716886581167
EE_topo_mod: 9.500688779532308e-13
EI_kappa: 0.13391261659899262
EI_topo: 1.868132026351936
EI_topo_mod: 8.40476414817788e-14
E_bias_mean: 0.0
E_bias_std: 1.0e-12
IE_kappa: 0.12003975204984069
IE_topo: 1.7086326566102112
IE_topo_mod: 8.445332227319881e-13
II_kappa: 0.1286491147303932
II_topo: 1.2811550610417561
II_topo_mod: 6.897672434726049e-13
I_bias_mean: 0.0
I_bias_std: 1.0e-12
alpha_EE: 0.014469047382986365
alpha_EI: 0.0784652918611817
alpha_II: 0.13879641253495484
dt: 20
filename: results_cbd1b405-b360-4799-8a97-bd6f56a6e00e.pkl
init_exc: 0.2
init_inh: 0.4
init_mod: 0.1
inp_E_kappa: 0.12988846250350355
inp_E_topo: 1.0172148489781427
inp_I_kappa: 0.21760147194200524
inp_I_topo: 0.8642675728115743
input_weight: 0.1280705721900468
max_h_for_output: 5.0
mod_EE_weight: 0.35154940843529436
mod_EI_weight: 1.2393519860415203
mod_IE_weight: 1.1291037752927495
mod_II_weight: 1.5832737238482852
n_actions: 3
n_bottom_up: 67
n_cue_tuned: 2
n_exc: 2000
n_fix_tuned: 1
n_hidden: 2500
n_inh: 500
n_motion_tuned: 64
n_reward_levels: 3
n_top_down: 10
n_top_down_hidden: 64
noise_input_sd: 0.0
noise_rnn_sd: 0.05
nonlinear_top_down: false
restrict_output_to_exc: false
rnn_weight: 0.1870329562949971
tc_modulator: 80.23959847799213
tc_soma: 100
td_E_kappa: 0.22397846487440398
td_E_topo: 0.30481662738279347
td_I_kappa: 0.15080080901833026
td_I_topo: 0.66705797776842
td_weight: 0.08721234785767684
