EE_kappa: 0.08405356234530625
EE_topo: 0.5363557650840602
EE_topo_mod: 6.674925965412899e-13
EI_kappa: 0.19400095290817404
EI_topo: 1.7112710186862874
EI_topo_mod: 9.778390773366248e-13
E_bias_mean: 0.0
E_bias_std: 1.0e-12
IE_kappa: 0.16705627681083507
IE_topo: 1.9428476192773254
IE_topo_mod: 5.6354178826288e-13
II_kappa: 0.24620788596908005
II_topo: 0.7336664130850805
II_topo_mod: 4.4080485657834423e-13
I_bias_mean: 0.0
I_bias_std: 1.0e-12
alpha_EE: 0.07896477055017709
alpha_EI: 0.11667772443801919
alpha_II: 0.09441889351554512
dt: 20
filename: results_37502146-6f2c-496c-b77b-c158c22fc56a.pkl
init_exc: 0.2
init_inh: 0.4
init_mod: 0.1
inp_E_kappa: 0.15702125530772798
inp_E_topo: 1.10369636786682
inp_I_kappa: 0.20461631452198448
inp_I_topo: 1.2234181150455246
input_weight: 0.14007571435448704
max_h_for_output: 5.0
mod_EE_weight: 0.9088056185583805
mod_EI_weight: 0.8111275191890343
mod_IE_weight: 0.9339782926651577
mod_II_weight: 0.9523518320428798
n_actions: 3
n_bottom_up: 67
n_cue_tuned: 2
n_exc: 2000
n_fix_tuned: 1
n_hidden: 2500
n_inh: 500
n_motion_tuned: 64
n_reward_levels: 3
n_top_down: 10
n_top_down_hidden: 64
noise_input_sd: 0.0
noise_rnn_sd: 0.05
nonlinear_top_down: false
restrict_output_to_exc: false
rnn_weight: 0.16298312195476788
tc_modulator: 86.86404250978603
tc_soma: 100
td_E_kappa: 0.22484829232531334
td_E_topo: 1.6699979527152191
td_I_kappa: 0.21368211547881438
td_I_topo: 0.13607084636348765
td_weight: 0.08721234785767684
