EE_kappa: 0.10430576725955794
EE_topo: 1.8030310461697523
EE_topo_mod: 2.398536885230699e-13
EI_kappa: 0.189423881631138
EI_topo: 1.7290237145860627
EI_topo_mod: 7.000139965031565e-13
E_bias_mean: 0.0
E_bias_std: 1.0e-12
IE_kappa: 0.14910938942556407
IE_topo: 1.9481029111255097
IE_topo_mod: 1.4825607001654793e-13
II_kappa: 0.14230261792627086
II_topo: 0.665352254203943
II_topo_mod: 7.009216203698476e-13
I_bias_mean: 0.0
I_bias_std: 1.0e-12
alpha_EE: 0.12619772619202474
alpha_EI: 0.2402507140613197
alpha_II: 0.17827130191155943
dt: 20
filename: results_a86f7b68-3e1b-49a8-9444-56d8e20bffed.pkl
init_exc: 0.2
init_inh: 0.4
init_mod: 0.1
inp_E_kappa: 0.16807929583542225
inp_E_topo: 1.6039401840885843
inp_I_kappa: 0.24135483380605288
inp_I_topo: 0.6013521270711732
input_weight: 0.06701607223672224
max_h_for_output: 5.0
mod_EE_weight: 1.1936787371760622
mod_EI_weight: 0.3435634181747038
mod_IE_weight: 1.7430188494054166
mod_II_weight: 1.4141161800702218
n_actions: 3
n_bottom_up: 67
n_cue_tuned: 2
n_exc: 2000
n_fix_tuned: 1
n_hidden: 2500
n_inh: 500
n_motion_tuned: 64
n_reward_levels: 3
n_top_down: 10
n_top_down_hidden: 64
noise_input_sd: 0.0
noise_rnn_sd: 0.05
nonlinear_top_down: false
restrict_output_to_exc: false
rnn_weight: 0.18677764221927984
tc_modulator: 28.325721760920892
tc_soma: 100
td_E_kappa: 0.20333003614890638
td_E_topo: 0.6774972802259371
td_I_kappa: 0.09138850723972064
td_I_topo: 1.9925240835339457
td_weight: 0.08721234785767684
