EE_kappa: 0.06554192175962051
EE_topo: 0.9931093490247238
EE_topo_mod: 5.356263873804164e-13
EI_kappa: 0.11986986745406435
EI_topo: 0.38486648421152125
EI_topo_mod: 1.3277483314123327e-13
E_bias_mean: 0.0
E_bias_std: 1.0e-12
IE_kappa: 0.0814644746777782
IE_topo: 1.0718448929837492
IE_topo_mod: 9.571699944685508e-13
II_kappa: 0.10533122475143396
II_topo: 0.3435549583643207
II_topo_mod: 7.426734193027095e-13
I_bias_mean: 0.0
I_bias_std: 1.0e-12
alpha_EE: 0.1488574371616455
alpha_EI: 0.11407829776933404
alpha_II: 0.17139757644472214
dt: 20
filename: results_0fa601b3-fb7e-4440-b9a5-c0cf5cafa3c4.pkl
init_exc: 0.2
init_inh: 0.4
init_mod: 0.1
inp_E_kappa: 0.17342260985440444
inp_E_topo: 0.04136932426179185
inp_I_kappa: 0.11088520176669758
inp_I_topo: 1.127527424236756
input_weight: 0.1445652967402385
max_h_for_output: 5.0
mod_EE_weight: 1.4768018313331568
mod_EI_weight: 1.009601722263665
mod_IE_weight: 0.5378259735944817
mod_II_weight: 0.5078900129786577
n_actions: 3
n_bottom_up: 67
n_cue_tuned: 2
n_exc: 2000
n_fix_tuned: 1
n_hidden: 2500
n_inh: 500
n_motion_tuned: 64
n_reward_levels: 3
n_top_down: 10
n_top_down_hidden: 64
noise_input_sd: 0.0
noise_rnn_sd: 0.05
nonlinear_top_down: false
restrict_output_to_exc: false
rnn_weight: 0.17925883881055343
tc_modulator: 26.80264106918422
tc_soma: 100
td_E_kappa: 0.18339854300664044
td_E_topo: 1.1072775030174995
td_I_kappa: 0.0822478888993345
td_I_topo: 0.3131837456946658
td_weight: 0.08721234785767684
