EE_kappa: 0.09642984106659967
EE_topo: 1.1773381179584823
EE_topo_mod: 3.525546752009333e-13
EI_kappa: 0.20325236470942776
EI_topo: 0.1093708380156988
EI_topo_mod: 2.454063921757724e-13
E_bias_mean: 0.0
E_bias_std: 1.0e-12
IE_kappa: 0.20554062179853128
IE_topo: 0.07790208385018982
IE_topo_mod: 4.079333039012343e-13
II_kappa: 0.1995779284732303
II_topo: 1.3670352740564942
II_topo_mod: 9.04051923106726e-13
I_bias_mean: 0.0
I_bias_std: 1.0e-12
alpha_EE: 0.1554843394511978
alpha_EI: 0.12350869381142318
alpha_II: 0.03114364278850451
dt: 20
filename: results_eb3f776a-c35a-4880-911c-6b7b9f6bf8c4.pkl
init_exc: 0.2
init_inh: 0.4
init_mod: 0.1
inp_E_kappa: 0.1468080562793378
inp_E_topo: 1.387891790327788
inp_I_kappa: 0.1694467652293375
inp_I_topo: 1.0947961599590394
input_weight: 0.16936013279337958
max_h_for_output: 5.0
mod_EE_weight: 1.1917117195320348
mod_EI_weight: 1.4190110706767822
mod_IE_weight: 0.8580938066439971
mod_II_weight: 0.9902411960346256
n_actions: 3
n_bottom_up: 67
n_cue_tuned: 2
n_exc: 2000
n_fix_tuned: 1
n_hidden: 2500
n_inh: 500
n_motion_tuned: 64
n_reward_levels: 3
n_top_down: 10
n_top_down_hidden: 64
noise_input_sd: 0.0
noise_rnn_sd: 0.05
nonlinear_top_down: false
restrict_output_to_exc: false
rnn_weight: 0.16172920310580496
tc_modulator: 51.43963990525294
tc_soma: 100
td_E_kappa: 0.16394467822831577
td_E_topo: 0.1599975911868754
td_I_kappa: 0.10351595159072263
td_I_topo: 1.5810610239962732
td_weight: 0.08721234785767684
