EE_kappa: 0.11141391173121958
EE_topo: 0.6839923787772375
EE_topo_mod: 4.25386820603272e-13
EI_kappa: 0.11376421402315269
EI_topo: 1.8308210844917243
EI_topo_mod: 9.104545588984021e-13
E_bias_mean: 0.0
E_bias_std: 1.0e-12
IE_kappa: 0.18928587826589333
IE_topo: 0.2601570557412374
IE_topo_mod: 9.2909352915978e-13
II_kappa: 0.0838789295329743
II_topo: 1.5904516051176278
II_topo_mod: 8.926749705599044e-13
I_bias_mean: 0.0
I_bias_std: 1.0e-12
alpha_EE: 0.27329448665555056
alpha_EI: 0.14146952933673715
alpha_II: 0.10696058479743382
dt: 20
init_exc: 0.2
init_inh: 0.4
init_mod: 0.1
inp_E_kappa: 0.20441886698041328
inp_E_topo: 1.0042397805897265
inp_I_kappa: 0.06018842422744717
inp_I_topo: 0.25828419122953394
input_weight: 0.1502532767039807
max_h_for_output: 999.0
mod_EE_weight: 1.372315577741963
mod_EI_weight: 1.2095786501949588
mod_IE_weight: 0.5403986649198957
mod_II_weight: 0.1766767948085235
n_actions: 3
n_bottom_up: 33
n_cue_tuned: 0
n_exc: 2000
n_fix_tuned: 1
n_hidden: 2500
n_inh: 500
n_motion_tuned: 32
n_reward_levels: 3
n_top_down: 6
n_top_down_hidden: 64
noise_input_sd: 0.0
noise_rnn_sd: 0.05
nonlinear_top_down: false
rnn_weight: 0.1665720187501735
tc_modulator: 34.34408439851716
tc_soma: 100
td_E_kappa: 0.1563582344269629
td_E_topo: 0.5
td_I_kappa: 0.13382876654599368
td_I_topo: 0.5
td_weight: 0.08721234785767684
