EE_kappa: 0.08863187016950967
EE_topo: 0.5417371883085857
EE_topo_mod: 9.163428588482538e-13
EI_kappa: 0.205027965605732
EI_topo: 0.11544495535504429
EI_topo_mod: 9.300237326584986e-13
E_bias_mean: 0.0
E_bias_std: 1.0e-12
IE_kappa: 0.11864802682778244
IE_topo: 0.11449288272619174
IE_topo_mod: 5.000135163289729e-13
II_kappa: 0.1753088129610016
II_topo: 1.677264055966908
II_topo_mod: 6.29985193596072e-13
I_bias_mean: 0.0
I_bias_std: 1.0e-12
alpha_EE: 0.1792437739997444
alpha_EI: 0.0038307593128640623
alpha_II: 0.06606387253947428
dt: 20
init_exc: 0.2
init_inh: 0.4
init_mod: 0.1
inp_E_kappa: 0.1678141235965859
inp_E_topo: 1.2479865404472967
inp_I_kappa: 0.19517464550435526
inp_I_topo: 0.478529405065371
input_weight: 0.10317344497177343
max_h_for_output: 999.0
mod_EE_weight: 1.2908185979563904
mod_EI_weight: 0.09013201205501642
mod_IE_weight: 0.6623975265931179
mod_II_weight: 0.4821359473947877
n_actions: 3
n_bottom_up: 33
n_cue_tuned: 0
n_exc: 2000
n_fix_tuned: 1
n_hidden: 2500
n_inh: 500
n_motion_tuned: 32
n_reward_levels: 3
n_top_down: 6
n_top_down_hidden: 64
noise_input_sd: 0.0
noise_rnn_sd: 0.05
nonlinear_top_down: false
rnn_weight: 0.164058829060935
tc_modulator: 50.44879228385618
tc_soma: 100
td_E_kappa: 0.1563582344269629
td_E_topo: 0.5
td_I_kappa: 0.13382876654599368
td_I_topo: 0.5
td_weight: 0.08721234785767684
