EE_kappa: 0.06897007847120498
EE_topo: 1.3197269697344178
EE_topo_mod: 5.464518227648077e-13
EI_kappa: 0.09383136405085275
EI_topo: 0.9609543455495582
EI_topo_mod: 9.472411476032847e-13
E_bias_mean: 0.0
E_bias_std: 1.0e-12
IE_kappa: 0.15898318693954638
IE_topo: 0.909329872550471
IE_topo_mod: 6.524825945222659e-13
II_kappa: 0.14139355067308185
II_topo: 0.39494519364325464
II_topo_mod: 3.7206066840577565e-13
I_bias_mean: 0.0
I_bias_std: 1.0e-12
alpha_EE: 0.1222493499552403
alpha_EI: 0.10609919344110007
alpha_II: 0.2016690216059238
dt: 20
init_exc: 0.2
init_inh: 0.4
init_mod: 0.1
inp_E_kappa: 0.17889038594834
inp_E_topo: 1.4387903124973993
inp_I_kappa: 0.11280689782972933
inp_I_topo: 0.03919474028785519
input_weight: 0.18575929030081278
max_h_for_output: 999.0
mod_EE_weight: 1.6123354160544061
mod_EI_weight: 1.3158047180725918
mod_IE_weight: 1.09790705953651
mod_II_weight: 1.6622610828002304
n_actions: 3
n_bottom_up: 33
n_cue_tuned: 0
n_exc: 2000
n_fix_tuned: 1
n_hidden: 2500
n_inh: 500
n_motion_tuned: 32
n_reward_levels: 3
n_top_down: 6
n_top_down_hidden: 64
noise_input_sd: 0.0
noise_rnn_sd: 0.05
nonlinear_top_down: false
rnn_weight: 0.14031847259332864
tc_modulator: 25.65063285169665
tc_soma: 100
td_E_kappa: 0.1563582344269629
td_E_topo: 0.5
td_I_kappa: 0.13382876654599368
td_I_topo: 0.5
td_weight: 0.08721234785767684
