EE_kappa: 0.08332592565075136
EE_topo: 0.9110877485009989
EE_topo_mod: 4.813152314165087e-13
EI_kappa: 0.05087973829123944
EI_topo: 0.7605359555577462
EI_topo_mod: 4.803810516935713e-13
E_bias_mean: 0.0
E_bias_std: 1.0e-12
IE_kappa: 0.23946022016054924
IE_topo: 1.9449286499467495
IE_topo_mod: 1.3461648400217386e-13
II_kappa: 0.10213294799413696
II_topo: 1.0737828138836778
II_topo_mod: 9.704555582893142e-13
I_bias_mean: 0.0
I_bias_std: 1.0e-12
alpha_EE: 0.2328671880231274
alpha_EI: 0.042380905600045746
alpha_II: 0.1615206470831473
dt: 20
init_exc: 0.2
init_inh: 0.4
init_mod: 0.1
inp_E_kappa: 0.1484399803126885
inp_E_topo: 1.5291846308474522
inp_I_kappa: 0.2026582710661317
inp_I_topo: 1.5842778125283796
input_weight: 0.17945084074828932
max_h_for_output: 999.0
mod_EE_weight: 1.1189790676964748
mod_EI_weight: 1.748784610952178
mod_IE_weight: 1.156469850578855
mod_II_weight: 1.5932358634065305
n_actions: 3
n_bottom_up: 33
n_cue_tuned: 0
n_exc: 2000
n_fix_tuned: 1
n_hidden: 2500
n_inh: 500
n_motion_tuned: 32
n_reward_levels: 3
n_top_down: 6
n_top_down_hidden: 64
noise_input_sd: 0.0
noise_rnn_sd: 0.05
nonlinear_top_down: false
rnn_weight: 0.19738199085132424
tc_modulator: 53.41129241022504
tc_soma: 100
td_E_kappa: 0.1563582344269629
td_E_topo: 0.5
td_I_kappa: 0.13382876654599368
td_I_topo: 0.5
td_weight: 0.08721234785767684
