EE_kappa: 0.06205361405588346
EE_topo: 0.9035307479848105
EE_topo_mod: 8.372745194107265e-13
EI_kappa: 0.1997551565297035
EI_topo: 0.029473069854205614
EI_topo_mod: 1.0781255228285547e-14
E_bias_mean: 0.0
E_bias_std: 1.0e-12
IE_kappa: 0.09293547215689624
IE_topo: 0.8246494212684405
IE_topo_mod: 2.775167221475725e-13
II_kappa: 0.187500775316765
II_topo: 1.4497063700858424
II_topo_mod: 2.9421583052275814e-13
I_bias_mean: 0.0
I_bias_std: 1.0e-12
alpha_EE: 0.04615063561369356
alpha_EI: 0.2760464797734088
alpha_II: 0.05200567240836992
dt: 20
init_exc: 0.2
init_inh: 0.4
init_mod: 0.1
inp_E_kappa: 0.22918655280458083
inp_E_topo: 1.8222522082533612
inp_I_kappa: 0.20459331340917702
inp_I_topo: 1.7117580899016525
input_weight: 0.16994172920325057
max_h_for_output: 999.0
mod_EE_weight: 0.6405675484914866
mod_EI_weight: 1.635491018399468
mod_IE_weight: 0.8434549990360658
mod_II_weight: 1.6012525757814018
n_actions: 3
n_bottom_up: 33
n_cue_tuned: 0
n_exc: 2000
n_fix_tuned: 1
n_hidden: 2500
n_inh: 500
n_motion_tuned: 32
n_reward_levels: 3
n_top_down: 6
n_top_down_hidden: 64
noise_input_sd: 0.0
noise_rnn_sd: 0.05
nonlinear_top_down: false
rnn_weight: 0.1708892225566293
tc_modulator: 56.66307738281846
tc_soma: 100
td_E_kappa: 0.1563582344269629
td_E_topo: 0.5
td_I_kappa: 0.13382876654599368
td_I_topo: 0.5
td_weight: 0.08721234785767684
