EE_kappa: 0.06192913907944138
EE_topo: 0.2245053947702047
EE_topo_mod: 8.290822504241454e-13
EI_kappa: 0.05989179785314807
EI_topo: 1.1251046423244968
EI_topo_mod: 7.386180006012349e-13
E_bias_mean: 0.0
E_bias_std: 1.0e-12
IE_kappa: 0.1915777533190845
IE_topo: 0.21829864984197456
IE_topo_mod: 7.697740490131335e-13
II_kappa: 0.15045993065521762
II_topo: 1.8580025517319536
II_topo_mod: 2.938644994554581e-13
I_bias_mean: 0.0
I_bias_std: 1.0e-12
alpha_EE: 0.2550695428440627
alpha_EI: 0.09093126346881931
alpha_II: 0.151609501181269
dt: 20
init_exc: 0.2
init_inh: 0.4
init_mod: 0.1
inp_E_kappa: 0.15478512585838966
inp_E_topo: 0.9620936082295439
inp_I_kappa: 0.10180418618757703
inp_I_topo: 1.6932404009759878
input_weight: 0.1232918581113915
max_h_for_output: 999.0
mod_EE_weight: 1.2247415567817688
mod_EI_weight: 0.1342050066006708
mod_IE_weight: 1.1845070172982584
mod_II_weight: 0.01620171171109419
n_actions: 3
n_bottom_up: 33
n_cue_tuned: 0
n_exc: 2000
n_fix_tuned: 1
n_hidden: 2500
n_inh: 500
n_motion_tuned: 32
n_reward_levels: 3
n_top_down: 6
n_top_down_hidden: 64
noise_input_sd: 0.0
noise_rnn_sd: 0.05
nonlinear_top_down: false
rnn_weight: 0.17908811599536328
tc_modulator: 87.02813825608737
tc_soma: 100
td_E_kappa: 0.1563582344269629
td_E_topo: 0.5
td_I_kappa: 0.13382876654599368
td_I_topo: 0.5
td_weight: 0.08721234785767684
