EE_kappa: 0.07326993071019046
EE_topo: 1.2967871798928599
EE_topo_mod: 3.810293568862655e-13
EI_kappa: 0.0692686889335231
EI_topo: 1.5140652521323563
EI_topo_mod: 8.709913548650428e-14
E_bias_mean: 0.0
E_bias_std: 1.0e-12
IE_kappa: 0.21995134996568322
IE_topo: 1.0601686447074334
IE_topo_mod: 7.1382539740195e-13
II_kappa: 0.11256657494275213
II_topo: 1.4293786675767601
II_topo_mod: 1.9390722741916876e-13
I_bias_mean: 0.0
I_bias_std: 1.0e-12
alpha_EE: 0.2736708261432756
alpha_EI: 0.13475542428589718
alpha_II: 0.13001946642597922
dt: 20
init_exc: 0.2
init_inh: 0.4
init_mod: 0.1
inp_E_kappa: 0.1693336561041691
inp_E_topo: 0.11087422731593088
inp_I_kappa: 0.10783658930501361
inp_I_topo: 1.9341511352388434
input_weight: 0.15038836847248976
max_h_for_output: 999.0
mod_EE_weight: 0.273554267364541
mod_EI_weight: 0.9355300549147043
mod_IE_weight: 1.9433007011529524
mod_II_weight: 1.1506753789588329
n_actions: 3
n_bottom_up: 33
n_cue_tuned: 0
n_exc: 2000
n_fix_tuned: 1
n_hidden: 2500
n_inh: 500
n_motion_tuned: 32
n_reward_levels: 3
n_top_down: 6
n_top_down_hidden: 64
noise_input_sd: 0.0
noise_rnn_sd: 0.05
nonlinear_top_down: false
rnn_weight: 0.14185594907968968
tc_modulator: 21.60918264093784
tc_soma: 100
td_E_kappa: 0.1563582344269629
td_E_topo: 0.5
td_I_kappa: 0.13382876654599368
td_I_topo: 0.5
td_weight: 0.08721234785767684
