EE_kappa: 0.07452629840979388
EE_topo: 0.1652044933844119
EE_topo_mod: 7.358889785479439e-14
EI_kappa: 0.2041213079621928
EI_topo: 1.965395064569584
EI_topo_mod: 9.020470643660066e-13
E_bias_mean: 0.0
E_bias_std: 1.0e-12
IE_kappa: 0.13255859145309093
IE_topo: 0.45964174119755796
IE_topo_mod: 5.241300975151923e-13
II_kappa: 0.21723148246786478
II_topo: 1.277979420909765
II_topo_mod: 2.9646528410195436e-15
I_bias_mean: 0.0
I_bias_std: 1.0e-12
alpha_EE: 0.24332661730219873
alpha_EI: 0.052488013806011966
alpha_II: 0.2906593536427061
dt: 20
filename: results_c8e302b2-dec7-4ac4-9fce-18737324c77c.pkl
init_exc: 0.2
init_inh: 0.4
init_mod: 0.1
inp_E_kappa: 0.12327864409989064
inp_E_topo: 0.7337450285560889
inp_I_kappa: 0.1822888690416717
inp_I_topo: 0.6017611842919712
input_weight: 0.18250918816963702
max_h_for_output: 5.0
mod_EE_weight: 0.6415959538942787
mod_EI_weight: 0.12438651784046373
mod_IE_weight: 6.382547580008335e-06
mod_II_weight: 0.04395021509890118
n_actions: 3
n_bottom_up: 67
n_cue_tuned: 2
n_exc: 2000
n_fix_tuned: 1
n_hidden: 2500
n_inh: 500
n_motion_tuned: 64
n_reward_levels: 3
n_top_down: 10
n_top_down_hidden: 64
noise_input_sd: 0.0
noise_rnn_sd: 0.05
nonlinear_top_down: false
restrict_output_to_exc: false
rnn_weight: 0.10012410902362306
tc_modulator: 77.04978421250773
tc_soma: 100
td_E_kappa: 0.22529119744391063
td_E_topo: 1.5908688047116752
td_I_kappa: 0.13113218087944714
td_I_topo: 1.5539647435752588
td_weight: 0.08721234785767684
