EE_kappa: 0.07514406504710894
EE_topo: 0.5892739063862542
EE_topo_mod: 2.199475365066983e-14
EI_kappa: 0.19641900843839993
EI_topo: 1.3435733846195392
EI_topo_mod: 7.43836635862836e-13
E_bias_mean: 0.0
E_bias_std: 1.0e-12
IE_kappa: 0.1653926149697145
IE_topo: 0.10783247591657141
IE_topo_mod: 6.426147204359389e-14
II_kappa: 0.24829345377512785
II_topo: 1.237773013008893
II_topo_mod: 8.242272915758579e-13
I_bias_mean: 0.0
I_bias_std: 1.0e-12
alpha_EE: 0.015369485068296428
alpha_EI: 0.014389623519403516
alpha_II: 0.0274455540719049
dt: 20
filename: results_8f93b384-1a74-4e44-84dc-849cd2bcc459.pkl
init_exc: 0.2
init_inh: 0.4
init_mod: 0.1
inp_E_kappa: 0.07714020594526422
inp_E_topo: 1.747114671093384
inp_I_kappa: 0.18495449830888866
inp_I_topo: 0.7251990289981685
input_weight: 0.1387047506465292
max_h_for_output: 5.0
mod_EE_weight: 1.1395712430982965
mod_EI_weight: 0.4669632197638032
mod_IE_weight: 0.021790315224931023
mod_II_weight: 0.037520166822373024
n_actions: 3
n_bottom_up: 67
n_cue_tuned: 2
n_exc: 2000
n_fix_tuned: 1
n_hidden: 2500
n_inh: 500
n_motion_tuned: 64
n_reward_levels: 3
n_top_down: 10
n_top_down_hidden: 64
noise_input_sd: 0.0
noise_rnn_sd: 0.05
nonlinear_top_down: false
restrict_output_to_exc: false
rnn_weight: 0.17047506572493248
tc_modulator: 82.73015003088278
tc_soma: 100
td_E_kappa: 0.23634116495833102
td_E_topo: 0.5970629134987109
td_I_kappa: 0.10311090972390449
td_I_topo: 1.300734274858276
td_weight: 0.08721234785767684
