EE_kappa: 0.08781700931871624
EE_topo: 0.08894157276754955
EE_topo_mod: 8.175224241184775e-13
EI_kappa: 0.11457998854686169
EI_topo: 0.5166698152071556
EI_topo_mod: 1.8394267657650399e-13
E_bias_mean: 0.0
E_bias_std: 1.0e-12
IE_kappa: 0.22313948187900495
IE_topo: 0.01675340581293372
IE_topo_mod: 3.9245002005813587e-13
II_kappa: 0.24511142116799517
II_topo: 0.3662367321450619
II_topo_mod: 8.959191731243545e-13
I_bias_mean: 0.0
I_bias_std: 1.0e-12
alpha_EE: 0.27217903416867484
alpha_EI: 0.27742711961398575
alpha_II: 0.20918382691628348
dt: 20
filename: results_34e9f8f5-d7fa-48a0-9dab-91eb488a3d55.pkl
init_exc: 0.2
init_inh: 0.4
init_mod: 0.1
inp_E_kappa: 0.14185553742038715
inp_E_topo: 1.561487219812444
inp_I_kappa: 0.09590127281588692
inp_I_topo: 0.15729409782755144
input_weight: 0.1115108656343001
max_h_for_output: 5.0
mod_EE_weight: 0.38588282006696084
mod_EI_weight: 0.4599189878366181
mod_IE_weight: 0.24686796791944166
mod_II_weight: 1.521836126492647
n_actions: 3
n_bottom_up: 67
n_cue_tuned: 2
n_exc: 2000
n_fix_tuned: 1
n_hidden: 2500
n_inh: 500
n_motion_tuned: 64
n_reward_levels: 3
n_top_down: 10
n_top_down_hidden: 64
noise_input_sd: 0.0
noise_rnn_sd: 0.05
nonlinear_top_down: false
restrict_output_to_exc: false
rnn_weight: 0.18318547551411463
tc_modulator: 68.80814944173933
tc_soma: 100
td_E_kappa: 0.19838014270866627
td_E_topo: 1.3166881717456427
td_I_kappa: 0.15660082493398308
td_I_topo: 1.7525299262868972
td_weight: 0.08721234785767684
