EE_kappa: 0.050257174382629624
EE_topo: 1.161668671586014
EE_topo_mod: 3.1073588440851964e-13
EI_kappa: 0.051603871021770734
EI_topo: 0.12439234531988697
EI_topo_mod: 2.417543719511943e-13
E_bias_mean: 0.0
E_bias_std: 1.0e-12
IE_kappa: 0.16661263125593387
IE_topo: 0.16247090367400085
IE_topo_mod: 3.155931396412771e-13
II_kappa: 0.11335252270921375
II_topo: 1.8647437275093097
II_topo_mod: 7.335423076291986e-13
I_bias_mean: 0.0
I_bias_std: 1.0e-12
alpha_EE: 0.0817375731401655
alpha_EI: 0.13711814082304832
alpha_II: 0.17247428183773875
dt: 20
filename: results_b6db8a54-395d-40ae-bdb2-baa4bcdf9e02.pkl
init_exc: 0.2
init_inh: 0.4
init_mod: 0.1
inp_E_kappa: 0.08568402185786467
inp_E_topo: 0.7504500628349371
inp_I_kappa: 0.07793124348900411
inp_I_topo: 1.5721579347169805
input_weight: 0.16625341669749
max_h_for_output: 5.0
mod_EE_weight: 0.3093286272536826
mod_EI_weight: 0.9491999597258458
mod_IE_weight: 1.7839311763309629
mod_II_weight: 0.27929798591142685
n_actions: 3
n_bottom_up: 67
n_cue_tuned: 2
n_exc: 2000
n_fix_tuned: 1
n_hidden: 2500
n_inh: 500
n_motion_tuned: 64
n_reward_levels: 3
n_top_down: 10
n_top_down_hidden: 64
noise_input_sd: 0.0
noise_rnn_sd: 0.05
nonlinear_top_down: false
restrict_output_to_exc: false
rnn_weight: 0.14158620908895844
tc_modulator: 78.708880469569
tc_soma: 100
td_E_kappa: 0.14208900711774344
td_E_topo: 0.7602361427179878
td_I_kappa: 0.06408823698398802
td_I_topo: 1.4111711466319468
td_weight: 0.08721234785767684
