EE_kappa: 0.11510059701672337
EE_topo: 0.9029576533713539
EE_topo_mod: 1.71713686320198e-13
EI_kappa: 0.2296328325132317
EI_topo: 0.08911509129064643
EI_topo_mod: 4.623478213774773e-13
E_bias_mean: 0.0
E_bias_std: 1.0e-12
IE_kappa: 0.15791564491298044
IE_topo: 0.1929936386028277
IE_topo_mod: 7.828516664950122e-13
II_kappa: 0.21787385152684152
II_topo: 1.4032920429838136
II_topo_mod: 9.22334500365709e-13
I_bias_mean: 0.0
I_bias_std: 1.0e-12
alpha_EE: 0.08379629040690809
alpha_EI: 0.14960704254647883
alpha_II: 0.027414161775058486
dt: 20
filename: results_e7d259cc-abb3-4c64-9518-4bb9e0ac0755.pkl
init_exc: 0.2
init_inh: 0.4
init_mod: 0.1
inp_E_kappa: 0.1398680381974597
inp_E_topo: 1.1964465539160614
inp_I_kappa: 0.12622749117931598
inp_I_topo: 0.37617175290679783
input_weight: 0.08979944234091014
max_h_for_output: 5.0
mod_EE_weight: 0.7489636763761357
mod_EI_weight: 0.969426657156805
mod_IE_weight: 0.16721330981215332
mod_II_weight: 0.386672954616218
n_actions: 3
n_bottom_up: 67
n_cue_tuned: 2
n_exc: 2000
n_fix_tuned: 1
n_hidden: 2500
n_inh: 500
n_motion_tuned: 64
n_reward_levels: 3
n_top_down: 10
n_top_down_hidden: 64
noise_input_sd: 0.0
noise_rnn_sd: 0.05
nonlinear_top_down: false
restrict_output_to_exc: false
rnn_weight: 0.11709393608327504
tc_modulator: 34.172311797699535
tc_soma: 100
td_E_kappa: 0.14480584389630408
td_E_topo: 0.7318236840803491
td_I_kappa: 0.1284222827802835
td_I_topo: 0.3367726622958871
td_weight: 0.08721234785767684
