EE_kappa: 0.057935480739767356
EE_topo: 0.8558750058769835
EE_topo_mod: 5.702717029448329e-13
EI_kappa: 0.10195907449619222
EI_topo: 0.23009273320616797
EI_topo_mod: 6.935590459239367e-13
E_bias_mean: 0.0
E_bias_std: 1.0e-12
IE_kappa: 0.20383454025861109
IE_topo: 0.906815007281367
IE_topo_mod: 2.4508864616661527e-13
II_kappa: 0.13782246929678055
II_topo: 1.219835717249328
II_topo_mod: 5.516776430124634e-13
I_bias_mean: 0.0
I_bias_std: 1.0e-12
alpha_EE: 0.2729172857012441
alpha_EI: 0.04403509242857231
alpha_II: 0.13592133772755302
dt: 20
filename: results_b06d2f1b-2315-4f74-8a5e-8346082fab89.pkl
init_exc: 0.2
init_inh: 0.4
init_mod: 0.1
inp_E_kappa: 0.21023762477981017
inp_E_topo: 1.4414851339693224
inp_I_kappa: 0.14723456998457676
inp_I_topo: 0.4031341396236776
input_weight: 0.13057756785273208
max_h_for_output: 5.0
mod_EE_weight: 1.6340149927633651
mod_EI_weight: 1.6626996617979084
mod_IE_weight: 0.9734138345968684
mod_II_weight: 1.9374697147377247
n_actions: 3
n_bottom_up: 67
n_cue_tuned: 2
n_exc: 2000
n_fix_tuned: 1
n_hidden: 2500
n_inh: 500
n_motion_tuned: 64
n_reward_levels: 3
n_top_down: 10
n_top_down_hidden: 64
noise_input_sd: 0.0
noise_rnn_sd: 0.05
nonlinear_top_down: false
restrict_output_to_exc: false
rnn_weight: 0.1741146274080593
tc_modulator: 71.8570240662778
tc_soma: 100
td_E_kappa: 0.14790213654552287
td_E_topo: 1.5790761271816753
td_I_kappa: 0.08969453832374769
td_I_topo: 0.634795340120629
td_weight: 0.08721234785767684
