EE_kappa: 0.07197278474604313
EE_topo: 1.0346419094337431
EE_topo_mod: 3.3474303364637957e-13
EI_kappa: 0.09301670905423037
EI_topo: 0.9034910744276385
EI_topo_mod: 6.707223850393841e-13
E_bias_mean: 0.0
E_bias_std: 1.0e-12
IE_kappa: 0.23379206856103124
IE_topo: 0.7899159941247145
IE_topo_mod: 4.1921237382296273e-13
II_kappa: 0.19438179061397276
II_topo: 0.9589231634965918
II_topo_mod: 7.9395728490868e-13
I_bias_mean: 0.0
I_bias_std: 1.0e-12
alpha_EE: 0.16791109284518022
alpha_EI: 0.1333953687377585
alpha_II: 0.2283440460278056
dt: 20
filename: results_ff7a2771-542f-4f31-b626-09bb4547b8d3.pkl
init_exc: 0.2
init_inh: 0.4
init_mod: 0.1
inp_E_kappa: 0.17512754030999222
inp_E_topo: 1.4167777833292545
inp_I_kappa: 0.0515925136631008
inp_I_topo: 1.517998330195066
input_weight: 0.19266189085971402
max_h_for_output: 5.0
mod_EE_weight: 0.45580515443775627
mod_EI_weight: 0.5456855113414518
mod_IE_weight: 0.8971853182546142
mod_II_weight: 0.9746943466446949
n_actions: 3
n_bottom_up: 67
n_cue_tuned: 2
n_exc: 2000
n_fix_tuned: 1
n_hidden: 2500
n_inh: 500
n_motion_tuned: 64
n_reward_levels: 3
n_top_down: 10
n_top_down_hidden: 64
noise_input_sd: 0.0
noise_rnn_sd: 0.05
nonlinear_top_down: false
restrict_output_to_exc: false
rnn_weight: 0.16385058025160726
tc_modulator: 20.924231613355655
tc_soma: 100
td_E_kappa: 0.11331961835860394
td_E_topo: 1.4852318922922088
td_I_kappa: 0.24087167547486849
td_I_topo: 1.9287919409097722
td_weight: 0.08721234785767684
