EE_kappa: 0.07167090298807294
EE_topo: 1.3460152000567045
EE_topo_mod: 8.657822166413558e-13
EI_kappa: 0.17429301172638006
EI_topo: 1.577107204662857
EI_topo_mod: 4.904463684009503e-13
E_bias_mean: 0.0
E_bias_std: 1.0e-12
IE_kappa: 0.2398787407342573
IE_topo: 0.13014658672599388
IE_topo_mod: 9.718861733879866e-13
II_kappa: 0.23092122680729144
II_topo: 0.2596004788289137
II_topo_mod: 2.3560621806922887e-13
I_bias_mean: 0.0
I_bias_std: 1.0e-12
alpha_EE: 0.29760731933833456
alpha_EI: 0.08409821992021
alpha_II: 0.03751934231210578
dt: 20
filename: results_b895cb71-5957-4bbb-b4fa-d4ca639cecc7.pkl
init_exc: 0.2
init_inh: 0.4
init_mod: 0.1
inp_E_kappa: 0.22421744632230461
inp_E_topo: 0.512330669758488
inp_I_kappa: 0.09680623929001059
inp_I_topo: 0.44069519236300936
input_weight: 0.17616933120282613
max_h_for_output: 5.0
mod_EE_weight: 0.53994617030466
mod_EI_weight: 0.6191327704701592
mod_IE_weight: 0.9497420865930915
mod_II_weight: 0.8279920625587083
n_actions: 3
n_bottom_up: 67
n_cue_tuned: 2
n_exc: 2000
n_fix_tuned: 1
n_hidden: 2500
n_inh: 500
n_motion_tuned: 64
n_reward_levels: 3
n_top_down: 10
n_top_down_hidden: 64
noise_input_sd: 0.0
noise_rnn_sd: 0.05
nonlinear_top_down: false
restrict_output_to_exc: false
rnn_weight: 0.10916370574274639
tc_modulator: 96.25213409874132
tc_soma: 100
td_E_kappa: 0.20301770662175622
td_E_topo: 1.4841153034591232
td_I_kappa: 0.10441642284346382
td_I_topo: 0.4155152119280816
td_weight: 0.08721234785767684
