EE_kappa: 0.08945179435420035
EE_topo: 0.6204575143849425
EE_topo_mod: 9.325016355706514e-13
EI_kappa: 0.14710321309216268
EI_topo: 1.0601852463589234
EI_topo_mod: 1.5532084050175288e-13
E_bias_mean: 0.0
E_bias_std: 1.0e-12
IE_kappa: 0.16056829741899986
IE_topo: 1.6270558054881321
IE_topo_mod: 4.404829476361405e-13
II_kappa: 0.08187866784073061
II_topo: 1.9332364357218064
II_topo_mod: 9.788169102121748e-13
I_bias_mean: 0.0
I_bias_std: 1.0e-12
alpha_EE: 0.19730956723530374
alpha_EI: 0.002005648104673474
alpha_II: 0.22322027351821166
dt: 20
filename: results_8edb3462-aace-4706-a2cf-0d1b846376b2.pkl
init_exc: 0.2
init_inh: 0.4
init_mod: 0.1
inp_E_kappa: 0.23019925751652404
inp_E_topo: 1.7589944477609814
inp_I_kappa: 0.1110335986545922
inp_I_topo: 1.7116793318676782
input_weight: 0.1874522118020992
max_h_for_output: 5.0
mod_EE_weight: 0.7584120813277241
mod_EI_weight: 0.9600917148154166
mod_IE_weight: 0.5399627655475441
mod_II_weight: 0.10540290403786357
n_actions: 3
n_bottom_up: 67
n_cue_tuned: 2
n_exc: 2000
n_fix_tuned: 1
n_hidden: 2500
n_inh: 500
n_motion_tuned: 64
n_reward_levels: 3
n_top_down: 10
n_top_down_hidden: 64
noise_input_sd: 0.0
noise_rnn_sd: 0.05
nonlinear_top_down: false
restrict_output_to_exc: false
rnn_weight: 0.13578507521489022
tc_modulator: 70.98687264538376
tc_soma: 100
td_E_kappa: 0.23541976926583247
td_E_topo: 1.1952874236860473
td_I_kappa: 0.15137386810470477
td_I_topo: 1.5124700438257777
td_weight: 0.08721234785767684
