EE_kappa: 0.07001610310848419
EE_topo: 0.5696634929488684
EE_topo_mod: 3.874576180355709e-13
EI_kappa: 0.22194148122363827
EI_topo: 1.0087737943607935
EI_topo_mod: 6.5838469688119e-13
E_bias_mean: 0.0
E_bias_std: 1.0e-12
IE_kappa: 0.05718999825908336
IE_topo: 1.8469539549427223
IE_topo_mod: 3.766666230504514e-13
II_kappa: 0.19950458787171493
II_topo: 0.5633572119064711
II_topo_mod: 2.884705308791178e-13
I_bias_mean: 0.0
I_bias_std: 1.0e-12
alpha_EE: 0.10996379445608848
alpha_EI: 0.1066303993343052
alpha_II: 0.21146358488436098
dt: 20
filename: results_82537f00-90c7-473d-80f0-3270c53228be.pkl
init_exc: 0.2
init_inh: 0.4
init_mod: 0.1
inp_E_kappa: 0.1432650941967386
inp_E_topo: 0.2987434758639187
inp_I_kappa: 0.11411352395132877
inp_I_topo: 1.6353576903145133
input_weight: 0.16059488552413492
max_h_for_output: 5.0
mod_EE_weight: 1.3855430858400883
mod_EI_weight: 0.9763507316978757
mod_IE_weight: 0.17043751639740257
mod_II_weight: 1.6424473109960513
n_actions: 3
n_bottom_up: 67
n_cue_tuned: 2
n_exc: 2000
n_fix_tuned: 1
n_hidden: 2500
n_inh: 500
n_motion_tuned: 64
n_reward_levels: 3
n_top_down: 10
n_top_down_hidden: 64
noise_input_sd: 0.0
noise_rnn_sd: 0.05
nonlinear_top_down: false
restrict_output_to_exc: false
rnn_weight: 0.19277033140984423
tc_modulator: 37.93156160117982
tc_soma: 100
td_E_kappa: 0.24323361579089775
td_E_topo: 1.5020037141596556
td_I_kappa: 0.11646558529304654
td_I_topo: 0.91323448606656
td_weight: 0.08721234785767684
