EE_kappa: 0.14124934330305056
EE_topo: 1.520886039215005
EE_topo_mod: 2.409521152052764e-13
EI_kappa: 0.23799643176268143
EI_topo: 1.954606074981341
EI_topo_mod: 4.2062776004153033e-13
E_bias_mean: 0.0
E_bias_std: 1.0e-12
IE_kappa: 0.15690617858595124
IE_topo: 1.8737696377846136
IE_topo_mod: 7.220914623608743e-15
II_kappa: 0.18688692906592808
II_topo: 1.2184758309569588
II_topo_mod: 2.900371192015575e-13
I_bias_mean: 0.0
I_bias_std: 1.0e-12
alpha_EE: 0.2128741951061899
alpha_EI: 0.0009313414226409966
alpha_II: 0.12227470350213027
dt: 20
filename: results_51132210-462c-44ca-861a-2e11a96eae9c.pkl
init_exc: 0.2
init_inh: 0.4
init_mod: 0.1
inp_E_kappa: 0.12168429552681953
inp_E_topo: 0.058363167995447274
inp_I_kappa: 0.17694236142118047
inp_I_topo: 1.5213509798592995
input_weight: 0.1279365980409916
max_h_for_output: 5.0
mod_EE_weight: 0.521364546799377
mod_EI_weight: 0.2192016143309251
mod_IE_weight: 0.28570060796106866
mod_II_weight: 0.9604020394010214
n_actions: 3
n_bottom_up: 67
n_cue_tuned: 2
n_exc: 2000
n_fix_tuned: 1
n_hidden: 2500
n_inh: 500
n_motion_tuned: 64
n_reward_levels: 3
n_top_down: 10
n_top_down_hidden: 64
noise_input_sd: 0.0
noise_rnn_sd: 0.05
nonlinear_top_down: false
restrict_output_to_exc: false
rnn_weight: 0.09045923043791428
tc_modulator: 50.819018533375775
tc_soma: 100
td_E_kappa: 0.22544866630329763
td_E_topo: 1.6576921911092608
td_I_kappa: 0.12872516912681453
td_I_topo: 1.409799274912232
td_weight: 0.08721234785767684
