EE_kappa: 0.07590141096425139
EE_topo: 1.7864026287485584
EE_topo_mod: 4.018656640789571e-13
EI_kappa: 0.19237058241070587
EI_topo: 0.41845946469999706
EI_topo_mod: 5.870422295285883e-13
E_bias_mean: 0.0
E_bias_std: 1.0e-12
IE_kappa: 0.1803643341445182
IE_topo: 0.676301366925752
IE_topo_mod: 2.7996634494118323e-13
II_kappa: 0.2471288610963222
II_topo: 0.7944058921617283
II_topo_mod: 5.905664154667452e-13
I_bias_mean: 0.0
I_bias_std: 1.0e-12
alpha_EE: 0.08709260843942589
alpha_EI: 0.1795826711443453
alpha_II: 0.24185958309499356
dt: 20
filename: results_d1a1880a-623b-4a5a-b1f9-36c1e882a7f1.pkl
init_exc: 0.2
init_inh: 0.4
init_mod: 0.1
inp_E_kappa: 0.15430166241428594
inp_E_topo: 1.18990232862627
inp_I_kappa: 0.1737373855400844
inp_I_topo: 0.35187746901362305
input_weight: 0.179065510871381
max_h_for_output: 5.0
mod_EE_weight: 0.95291021563948
mod_EI_weight: 0.9558020095172666
mod_IE_weight: 1.5369704583811807
mod_II_weight: 0.5080124469228837
n_actions: 3
n_bottom_up: 67
n_cue_tuned: 2
n_exc: 2000
n_fix_tuned: 1
n_hidden: 2500
n_inh: 500
n_motion_tuned: 64
n_reward_levels: 3
n_top_down: 10
n_top_down_hidden: 64
noise_input_sd: 0.0
noise_rnn_sd: 0.05
nonlinear_top_down: false
restrict_output_to_exc: false
rnn_weight: 0.08320509370062876
tc_modulator: 75.9165529486277
tc_soma: 100
td_E_kappa: 0.14276543687386636
td_E_topo: 1.6223119449437082
td_I_kappa: 0.18708778184939107
td_I_topo: 1.0043461528170325
td_weight: 0.08721234785767684
