EE_kappa: 0.05149347802402773
EE_topo: 1.1305535957231558
EE_topo_mod: 6.365433453125536e-13
EI_kappa: 0.08022378989064001
EI_topo: 0.8227836394209349
EI_topo_mod: 5.106714082024503e-13
E_bias_mean: 0.0
E_bias_std: 1.0e-12
IE_kappa: 0.2279927300668469
IE_topo: 1.9236165699395396
IE_topo_mod: 2.7951728128853635e-13
II_kappa: 0.19327769272060308
II_topo: 0.9178537163354743
II_topo_mod: 4.92133964782864e-13
I_bias_mean: 0.0
I_bias_std: 1.0e-12
alpha_EE: 0.28547505104521803
alpha_EI: 0.11894842147242486
alpha_II: 0.27364563560142
dt: 20
filename: results_51c70b47-d5c6-4771-829e-f7e8ae10c5bc.pkl
init_exc: 0.2
init_inh: 0.4
init_mod: 0.1
inp_E_kappa: 0.23509310577338116
inp_E_topo: 1.6922884303300414
inp_I_kappa: 0.24600943786239465
inp_I_topo: 1.3964966190870154
input_weight: 0.12638398334399556
max_h_for_output: 5.0
mod_EE_weight: 1.5872704141526663
mod_EI_weight: 0.8467557133183152
mod_IE_weight: 0.4220755359823547
mod_II_weight: 0.20270963376459594
n_actions: 3
n_bottom_up: 67
n_cue_tuned: 2
n_exc: 2000
n_fix_tuned: 1
n_hidden: 2500
n_inh: 500
n_motion_tuned: 64
n_reward_levels: 3
n_top_down: 10
n_top_down_hidden: 64
noise_input_sd: 0.0
noise_rnn_sd: 0.05
nonlinear_top_down: false
restrict_output_to_exc: false
rnn_weight: 0.14341788634340025
tc_modulator: 54.47503624806473
tc_soma: 100
td_E_kappa: 0.184910393308357
td_E_topo: 1.2618710771890278
td_I_kappa: 0.19553764432199766
td_I_topo: 0.9576400375626419
td_weight: 0.08721234785767684
