EE_kappa: 0.08354102714113165
EE_topo: 0.31874062157234095
EE_topo_mod: 4.643574717755862e-13
EI_kappa: 0.1965074294001895
EI_topo: 0.8234326965320631
EI_topo_mod: 2.394096371705465e-13
E_bias_mean: 0.0
E_bias_std: 1.0e-12
IE_kappa: 0.14411325313629447
IE_topo: 1.3204102886171625
IE_topo_mod: 5.974636904474814e-13
II_kappa: 0.21426391627097557
II_topo: 1.7529700752566
II_topo_mod: 7.62575304078899e-13
I_bias_mean: 0.0
I_bias_std: 1.0e-12
alpha_EE: 0.11467587598220147
alpha_EI: 0.0405220671368867
alpha_II: 0.0849572202214819
dt: 20
filename: results_67435b67-0021-49f4-a95a-5e0384758d1b.pkl
init_exc: 0.2
init_inh: 0.4
init_mod: 0.1
inp_E_kappa: 0.17736239137594184
inp_E_topo: 1.1771241466454339
inp_I_kappa: 0.24809228844875159
inp_I_topo: 1.7686925524296442
input_weight: 0.0997537778449004
max_h_for_output: 5.0
mod_EE_weight: 0.7611233571905655
mod_EI_weight: 0.8568820810470471
mod_IE_weight: 0.45484006874644667
mod_II_weight: 0.3576714879739673
n_actions: 3
n_bottom_up: 67
n_cue_tuned: 2
n_exc: 2000
n_fix_tuned: 1
n_hidden: 2500
n_inh: 500
n_motion_tuned: 64
n_reward_levels: 3
n_top_down: 10
n_top_down_hidden: 64
noise_input_sd: 0.0
noise_rnn_sd: 0.05
nonlinear_top_down: false
restrict_output_to_exc: false
rnn_weight: 0.17064399579997588
tc_modulator: 26.53382548786409
tc_soma: 100
td_E_kappa: 0.24527379795452325
td_E_topo: 0.7788282088127167
td_I_kappa: 0.23220092988132518
td_I_topo: 0.11961434034899443
td_weight: 0.08721234785767684
