EE_kappa: 0.0669798628300897
EE_topo: 0.019414331703427212
EE_topo_mod: 3.817510857998739e-13
EI_kappa: 0.09898197433758522
EI_topo: 0.40859318577847703
EI_topo_mod: 2.6840640253247284e-15
E_bias_mean: 0.0
E_bias_std: 1.0e-12
IE_kappa: 0.23823639041771932
IE_topo: 0.33145060838797247
IE_topo_mod: 7.85661445980132e-13
II_kappa: 0.2004927897122431
II_topo: 1.711036303498966
II_topo_mod: 3.7226833339612907e-13
I_bias_mean: 0.0
I_bias_std: 1.0e-12
alpha_EE: 0.11687702882593443
alpha_EI: 0.035814466320454895
alpha_II: 0.04173702690948702
dt: 20
filename: results_2195875e-cc2e-4591-ad80-cfe2729dfb9a.pkl
init_exc: 0.2
init_inh: 0.4
init_mod: 0.1
inp_E_kappa: 0.16018337769484176
inp_E_topo: 1.4514745440732284
inp_I_kappa: 0.12517139106766406
inp_I_topo: 1.6735000485334919
input_weight: 0.16789231422257977
max_h_for_output: 5.0
mod_EE_weight: 0.7272452583155823
mod_EI_weight: 0.49381064590111023
mod_IE_weight: 0.5386886459705447
mod_II_weight: 0.9162529738701416
n_actions: 3
n_bottom_up: 67
n_cue_tuned: 2
n_exc: 2000
n_fix_tuned: 1
n_hidden: 2500
n_inh: 500
n_motion_tuned: 64
n_reward_levels: 3
n_top_down: 10
n_top_down_hidden: 64
noise_input_sd: 0.0
noise_rnn_sd: 0.05
nonlinear_top_down: false
restrict_output_to_exc: false
rnn_weight: 0.13130723124624996
tc_modulator: 45.617271890303634
tc_soma: 100
td_E_kappa: 0.21563662044901805
td_E_topo: 0.474372849005541
td_I_kappa: 0.12911312223122384
td_I_topo: 0.12581679361699138
td_weight: 0.08721234785767684
