EE_kappa: 0.08094098522694088
EE_topo: 0.08579267228216714
EE_topo_mod: 3.8632934827231314e-13
EI_kappa: 0.22024070978737614
EI_topo: 0.8316895286973867
EI_topo_mod: 4.426746609977472e-13
E_bias_mean: 0.0
E_bias_std: 1.0e-12
IE_kappa: 0.09443911135955839
IE_topo: 0.4869858582241009
IE_topo_mod: 6.440094653466544e-13
II_kappa: 0.22442509231538516
II_topo: 0.7089955848226044
II_topo_mod: 2.5104366354400387e-13
I_bias_mean: 0.0
I_bias_std: 1.0e-12
alpha_EE: 0.14180908758790758
alpha_EI: 0.2047013934619833
alpha_II: 0.23306891956717496
dt: 20
filename: results_e8804051-018d-491c-9787-11d94667ef60.pkl
init_exc: 0.2
init_inh: 0.4
init_mod: 0.1
inp_E_kappa: 0.2201623098133731
inp_E_topo: 1.4517854589429933
inp_I_kappa: 0.06338779563755635
inp_I_topo: 1.6924051663647066
input_weight: 0.06325590336623536
max_h_for_output: 5.0
mod_EE_weight: 1.3130467963546857
mod_EI_weight: 0.7478337378217883
mod_IE_weight: 0.012719603277372649
mod_II_weight: 0.4417304976086516
n_actions: 3
n_bottom_up: 67
n_cue_tuned: 2
n_exc: 2000
n_fix_tuned: 1
n_hidden: 2500
n_inh: 500
n_motion_tuned: 64
n_reward_levels: 3
n_top_down: 10
n_top_down_hidden: 64
noise_input_sd: 0.0
noise_rnn_sd: 0.05
nonlinear_top_down: false
restrict_output_to_exc: false
rnn_weight: 0.14594124648842122
tc_modulator: 99.82063707646033
tc_soma: 100
td_E_kappa: 0.125880816837756
td_E_topo: 0.21823664110863317
td_I_kappa: 0.17991058231196222
td_I_topo: 0.5841716662240692
td_weight: 0.08721234785767684
