EE_kappa: 0.05535586943336677
EE_topo: 0.8163345796506498
EE_topo_mod: 6.983015900408389e-13
EI_kappa: 0.08655803721647343
EI_topo: 1.6724518983167256
EI_topo_mod: 9.60494610973837e-13
E_bias_mean: 0.0
E_bias_std: 1.0e-12
IE_kappa: 0.14801816461093625
IE_topo: 1.8089012244961797
IE_topo_mod: 4.718642032971828e-13
II_kappa: 0.14833825398423417
II_topo: 0.5641734808558734
II_topo_mod: 8.566988372094484e-13
I_bias_mean: 0.0
I_bias_std: 1.0e-12
alpha_EE: 0.28778964429587806
alpha_EI: 0.19824681668290312
alpha_II: 0.05443309909488209
dt: 20
filename: results_00dd9eb6-428e-437e-832b-da850b8874e0.pkl
init_exc: 0.2
init_inh: 0.4
init_mod: 0.1
inp_E_kappa: 0.1935590436875479
inp_E_topo: 0.4685419039811576
inp_I_kappa: 0.21958963813011156
inp_I_topo: 1.4967395290520396
input_weight: 0.1908956990177773
max_h_for_output: 5.0
mod_EE_weight: 1.1191551055348719
mod_EI_weight: 1.9867459390372486
mod_IE_weight: 0.7646396071606001
mod_II_weight: 0.6650823145126654
n_actions: 3
n_bottom_up: 67
n_cue_tuned: 2
n_exc: 2000
n_fix_tuned: 1
n_hidden: 2500
n_inh: 500
n_motion_tuned: 64
n_reward_levels: 3
n_top_down: 10
n_top_down_hidden: 64
noise_input_sd: 0.0
noise_rnn_sd: 0.05
nonlinear_top_down: false
restrict_output_to_exc: false
rnn_weight: 0.15463940495769984
tc_modulator: 75.68147875786565
tc_soma: 100
td_E_kappa: 0.21584402127340213
td_E_topo: 1.9431646841248578
td_I_kappa: 0.08286119073597517
td_I_topo: 0.7553759718146107
td_weight: 0.08721234785767684
