EE_kappa: 0.07670926028382791
EE_topo: 1.4169273568674834
EE_topo_mod: 9.284857278983603e-13
EI_kappa: 0.2377829742273027
EI_topo: 1.6372388558383109
EI_topo_mod: 2.1558558277349394e-13
E_bias_mean: 0.0
E_bias_std: 1.0e-12
IE_kappa: 0.23009790982871542
IE_topo: 1.491020560831552
IE_topo_mod: 5.224331396792342e-13
II_kappa: 0.23878199415534318
II_topo: 1.9426417479425218
II_topo_mod: 6.78676923428242e-13
I_bias_mean: 0.0
I_bias_std: 1.0e-12
alpha_EE: 0.21813935723113065
alpha_EI: 0.23365450858166134
alpha_II: 0.29210264031884187
dt: 20
filename: results_20c74e64-9f8d-46a3-a6c0-ced2fd53f651.pkl
init_exc: 0.2
init_inh: 0.4
init_mod: 0.1
inp_E_kappa: 0.11255761986978274
inp_E_topo: 1.8338338250001311
inp_I_kappa: 0.11697350185164102
inp_I_topo: 0.7845587293755134
input_weight: 0.1709705106349904
max_h_for_output: 5.0
mod_EE_weight: 0.6182231714234844
mod_EI_weight: 0.35796376348220704
mod_IE_weight: 0.5060653729564123
mod_II_weight: 0.6152770731377868
n_actions: 3
n_bottom_up: 67
n_cue_tuned: 2
n_exc: 2000
n_fix_tuned: 1
n_hidden: 2500
n_inh: 500
n_motion_tuned: 64
n_reward_levels: 3
n_top_down: 10
n_top_down_hidden: 64
noise_input_sd: 0.0
noise_rnn_sd: 0.05
nonlinear_top_down: false
restrict_output_to_exc: false
rnn_weight: 0.18500479924839147
tc_modulator: 77.48326037952674
tc_soma: 100
td_E_kappa: 0.09952771574832762
td_E_topo: 1.751401489174231
td_I_kappa: 0.06379286563362699
td_I_topo: 1.785683094719896
td_weight: 0.08721234785767684
