EE_kappa: 0.0740727682365666
EE_topo: 0.43326028739082556
EE_topo_mod: 1.6885030657432964e-14
EI_kappa: 0.15848952316834775
EI_topo: 0.1645668380993226
EI_topo_mod: 9.144807918329611e-14
E_bias_mean: 0.0
E_bias_std: 1.0e-12
IE_kappa: 0.1804907173288513
IE_topo: 0.1416613120277479
IE_topo_mod: 5.033076513212767e-13
II_kappa: 0.19436431164755968
II_topo: 0.6253103157536726
II_topo_mod: 7.557814901760841e-13
I_bias_mean: 0.0
I_bias_std: 1.0e-12
alpha_EE: 0.054271886942209836
alpha_EI: 0.0012627318995982683
alpha_II: 0.19948342045711143
dt: 20
filename: results_28e064a3-57f6-4219-835a-c1c80a0deeae.pkl
init_exc: 0.2
init_inh: 0.4
init_mod: 0.1
inp_E_kappa: 0.20388340650231096
inp_E_topo: 1.7676443649971356
inp_I_kappa: 0.2455102418623567
inp_I_topo: 1.0237872383230748
input_weight: 0.11553972976292036
max_h_for_output: 5.0
mod_EE_weight: 0.4534346367748112
mod_EI_weight: 1.8060595239681276
mod_IE_weight: 0.576886525098526
mod_II_weight: 0.14046863507920793
n_actions: 3
n_bottom_up: 67
n_cue_tuned: 2
n_exc: 2000
n_fix_tuned: 1
n_hidden: 2500
n_inh: 500
n_motion_tuned: 64
n_reward_levels: 3
n_top_down: 10
n_top_down_hidden: 64
noise_input_sd: 0.0
noise_rnn_sd: 0.05
nonlinear_top_down: false
restrict_output_to_exc: false
rnn_weight: 0.169121774038398
tc_modulator: 24.76211680114207
tc_soma: 100
td_E_kappa: 0.16068401793815318
td_E_topo: 0.028430593244809454
td_I_kappa: 0.24957371592769223
td_I_topo: 1.5690303306430693
td_weight: 0.08721234785767684
