EE_kappa: 0.08460104277501118
EE_topo: 1.7217521730199126
EE_topo_mod: 1.034500164324853e-13
EI_kappa: 0.24489485471439498
EI_topo: 0.644136112049077
EI_topo_mod: 1.7782726799047686e-14
E_bias_mean: 0.0
E_bias_std: 1.0e-12
IE_kappa: 0.087175714181573
IE_topo: 1.939685672539138
IE_topo_mod: 5.615336466302948e-13
II_kappa: 0.2228025775155048
II_topo: 0.2532878095833839
II_topo_mod: 3.4207382574329157e-13
I_bias_mean: 0.0
I_bias_std: 1.0e-12
alpha_EE: 0.19589113917383597
alpha_EI: 0.1480572668804178
alpha_II: 0.09312159686654486
dt: 20
filename: results_be081287-051f-45d5-b130-4a838cde0f22.pkl
init_exc: 0.2
init_inh: 0.4
init_mod: 0.1
inp_E_kappa: 0.06583162135108278
inp_E_topo: 1.8332301501001889
inp_I_kappa: 0.09784095886462103
inp_I_topo: 0.12211740684284655
input_weight: 0.18673100694700911
max_h_for_output: 5.0
mod_EE_weight: 0.7133171454072424
mod_EI_weight: 1.7248460756939472
mod_IE_weight: 1.3222085653336797
mod_II_weight: 0.13447323485918128
n_actions: 3
n_bottom_up: 67
n_cue_tuned: 2
n_exc: 2000
n_fix_tuned: 1
n_hidden: 2500
n_inh: 500
n_motion_tuned: 64
n_reward_levels: 3
n_top_down: 10
n_top_down_hidden: 64
noise_input_sd: 0.0
noise_rnn_sd: 0.05
nonlinear_top_down: false
restrict_output_to_exc: false
rnn_weight: 0.09242181206049602
tc_modulator: 80.48488641227067
tc_soma: 100
td_E_kappa: 0.15009522042296997
td_E_topo: 0.5785617273400085
td_I_kappa: 0.0898831088012808
td_I_topo: 1.5600510038430544
td_weight: 0.08721234785767684
