EE_kappa: 0.10985276762735974
EE_topo: 1.32988115373851
EE_topo_mod: 6.789202727107178e-13
EI_kappa: 0.19732178361868435
EI_topo: 0.008438799224564475
EI_topo_mod: 8.200399233618285e-13
E_bias_mean: 0.0
E_bias_std: 1.0e-12
IE_kappa: 0.24157058479341148
IE_topo: 1.7044782453878897
IE_topo_mod: 6.160196036948394e-13
II_kappa: 0.16929771709024177
II_topo: 0.1469509639483293
II_topo_mod: 4.4616183078603663e-13
I_bias_mean: 0.0
I_bias_std: 1.0e-12
alpha_EE: 0.17737114434784965
alpha_EI: 0.017318941134114616
alpha_II: 0.07395287127589406
dt: 20
filename: results_ed82f0b1-7c8b-4f86-b362-e0e42180c86e.pkl
init_exc: 0.2
init_inh: 0.4
init_mod: 0.1
inp_E_kappa: 0.1294020505216718
inp_E_topo: 1.9348848300415546
inp_I_kappa: 0.05232248899680234
inp_I_topo: 1.5371547046361935
input_weight: 0.1435771799356918
max_h_for_output: 5.0
mod_EE_weight: 1.5576650238635084
mod_EI_weight: 0.05623675353607416
mod_IE_weight: 1.4606078583242135
mod_II_weight: 1.628837981596891
n_actions: 3
n_bottom_up: 67
n_cue_tuned: 2
n_exc: 2000
n_fix_tuned: 1
n_hidden: 2500
n_inh: 500
n_motion_tuned: 64
n_reward_levels: 3
n_top_down: 10
n_top_down_hidden: 64
noise_input_sd: 0.0
noise_rnn_sd: 0.05
nonlinear_top_down: false
restrict_output_to_exc: false
rnn_weight: 0.16746831182614363
tc_modulator: 81.46787128968839
tc_soma: 100
td_E_kappa: 0.19161744383302415
td_E_topo: 1.307894601778035
td_I_kappa: 0.17305749720331767
td_I_topo: 0.5623131832989383
td_weight: 0.08721234785767684
