EE_kappa: 0.08096861286245907
EE_topo: 0.8873846083403578
EE_topo_mod: 1.4441850227944862e-13
EI_kappa: 0.24953137738286785
EI_topo: 0.5838820766415074
EI_topo_mod: 1.0932076049632577e-13
E_bias_mean: 0.0
E_bias_std: 1.0e-12
IE_kappa: 0.17991178126175106
IE_topo: 0.3569456591882523
IE_topo_mod: 2.6067799466122922e-15
II_kappa: 0.203982071308781
II_topo: 1.5949678482747092
II_topo_mod: 5.767594134142102e-13
I_bias_mean: 0.0
I_bias_std: 1.0e-12
alpha_EE: 0.1649227138631913
alpha_EI: 0.02761972618365499
alpha_II: 0.1769409444855637
dt: 20
filename: results_f7a51696-e241-4f67-ad77-f1dda565a10a.pkl
init_exc: 0.2
init_inh: 0.4
init_mod: 0.1
inp_E_kappa: 0.20877836426152174
inp_E_topo: 0.24606160138502653
inp_I_kappa: 0.13215656370661732
inp_I_topo: 1.4362465740977348
input_weight: 0.19641927733005637
max_h_for_output: 5.0
mod_EE_weight: 1.0027175737647314
mod_EI_weight: 1.3458678886604312
mod_IE_weight: 0.8317268442902814
mod_II_weight: 0.6603352139178797
n_actions: 3
n_bottom_up: 67
n_cue_tuned: 2
n_exc: 2000
n_fix_tuned: 1
n_hidden: 2500
n_inh: 500
n_motion_tuned: 64
n_reward_levels: 3
n_top_down: 10
n_top_down_hidden: 64
noise_input_sd: 0.0
noise_rnn_sd: 0.05
nonlinear_top_down: false
restrict_output_to_exc: false
rnn_weight: 0.18465230173229225
tc_modulator: 88.39805675908588
tc_soma: 100
td_E_kappa: 0.10538579484021766
td_E_topo: 0.8666644497867255
td_I_kappa: 0.13603001625095337
td_I_topo: 1.3487818928080058
td_weight: 0.08721234785767684
