EE_kappa: 0.10176639331367732
EE_topo: 0.7421961798594932
EE_topo_mod: 7.447852732731585e-14
EI_kappa: 0.19801651286052807
EI_topo: 1.8279677504071101
EI_topo_mod: 8.647616053641991e-13
E_bias_mean: 0.0
E_bias_std: 1.0e-12
IE_kappa: 0.18607457271512323
IE_topo: 0.011875296520380108
IE_topo_mod: 4.3881104397943914e-13
II_kappa: 0.17353616447271825
II_topo: 1.0506411378627885
II_topo_mod: 7.72192139309758e-13
I_bias_mean: 0.0
I_bias_std: 1.0e-12
alpha_EE: 0.19745339812670112
alpha_EI: 0.19462841326859195
alpha_II: 0.2180194184657168
dt: 20
filename: results_e6238b88-a97d-40c8-8718-db1cf758138d.pkl
init_exc: 0.2
init_inh: 0.4
init_mod: 0.1
inp_E_kappa: 0.2392899706074023
inp_E_topo: 1.9141748575643631
inp_I_kappa: 0.05947041588278423
inp_I_topo: 1.1853968284731955
input_weight: 0.15417178407356824
max_h_for_output: 5.0
mod_EE_weight: 0.6050268406252349
mod_EI_weight: 0.48276521353187574
mod_IE_weight: 0.9933406524193906
mod_II_weight: 0.15559555304539063
n_actions: 3
n_bottom_up: 67
n_cue_tuned: 2
n_exc: 2000
n_fix_tuned: 1
n_hidden: 2500
n_inh: 500
n_motion_tuned: 64
n_reward_levels: 3
n_top_down: 10
n_top_down_hidden: 64
noise_input_sd: 0.0
noise_rnn_sd: 0.05
nonlinear_top_down: false
restrict_output_to_exc: false
rnn_weight: 0.16757007632586662
tc_modulator: 74.30859969209833
tc_soma: 100
td_E_kappa: 0.20365555467880747
td_E_topo: 1.9182090531559512
td_I_kappa: 0.23558924837561512
td_I_topo: 1.0164921636135646
td_weight: 0.08721234785767684
