EE_kappa: 0.11212059090772564
EE_topo: 0.666507782207338
EE_topo_mod: 6.763230898524771e-13
EI_kappa: 0.1850022099517865
EI_topo: 0.4301467367635896
EI_topo_mod: 7.460989520974647e-14
E_bias_mean: 0.0
E_bias_std: 1.0e-12
IE_kappa: 0.1854807104536999
IE_topo: 0.44061799194177076
IE_topo_mod: 2.3224370614215526e-13
II_kappa: 0.22074644846715918
II_topo: 0.9490917533696481
II_topo_mod: 4.401309091347758e-13
I_bias_mean: 0.0
I_bias_std: 1.0e-12
alpha_EE: 0.20477458186868186
alpha_EI: 0.0724120179300197
alpha_II: 0.09726684971165972
dt: 20
filename: results_targeted_0709fddd-f865-427c-9940-20ee1b80da75.pkl
init_exc: 0.2
init_inh: 0.4
init_mod: 0.1
inp_E_kappa: 0.13374642614094728
inp_E_topo: 1.8406620038786228
inp_I_kappa: 0.13721005318227047
inp_I_topo: 1.3026094165320334
input_weight: 0.15025193998170308
max_h_for_output: 5.0
mod_EE_weight: 0.4152263581386265
mod_EI_weight: 0.03952434410828243
mod_IE_weight: 0.8616895810026982
mod_II_weight: 0.8090511280048497
n_actions: 3
n_bottom_up: 67
n_cue_tuned: 2
n_exc: 2000
n_fix_tuned: 1
n_hidden: 2500
n_inh: 500
n_motion_tuned: 64
n_reward_levels: 3
n_top_down: 10
n_top_down_hidden: 64
noise_input_sd: 0.0
noise_rnn_sd: 0.05
nonlinear_top_down: false
restrict_output_to_exc: false
rnn_weight: 0.115501722783636
tc_modulator: 73.57838221109446
tc_soma: 100
td_E_kappa: 0.1305158035039571
td_E_topo: 0.10121091078688216
td_I_kappa: 0.21953685273889373
td_I_topo: 0.38324993810674735
td_weight: 0.08721234785767684
