EE_kappa: 0.06565521043042773
EE_topo: 0.23508553808853994
EE_topo_mod: 8.426346752774688e-13
EI_kappa: 0.17543403041927158
EI_topo: 0.8744230741822976
EI_topo_mod: 4.67838615834182e-13
E_bias_mean: 0.0
E_bias_std: 1.0e-12
IE_kappa: 0.13467492317467478
IE_topo: 1.4578207448652414
IE_topo_mod: 3.354200616482381e-13
II_kappa: 0.24040269031985478
II_topo: 0.5860807084518982
II_topo_mod: 8.216556082166171e-13
I_bias_mean: 0.0
I_bias_std: 1.0e-12
alpha_EE: 0.1334449622959309
alpha_EI: 0.18592687173967024
alpha_II: 0.29324236120391406
dt: 20
filename: results_14011f6c-81d0-46a4-8cb6-850981ff5617.pkl
init_exc: 0.2
init_inh: 0.4
init_mod: 0.1
inp_E_kappa: 0.07225110823797848
inp_E_topo: 1.6118810994343615
inp_I_kappa: 0.2108857635844636
inp_I_topo: 0.426656621737294
input_weight: 0.19378973000877103
max_h_for_output: 5.0
mod_EE_weight: 0.3600117016212019
mod_EI_weight: 0.5098361175399833
mod_IE_weight: 1.9333029938765374
mod_II_weight: 0.1648882687599753
n_actions: 3
n_bottom_up: 67
n_cue_tuned: 2
n_exc: 2000
n_fix_tuned: 1
n_hidden: 2500
n_inh: 500
n_motion_tuned: 64
n_reward_levels: 3
n_top_down: 10
n_top_down_hidden: 64
noise_input_sd: 0.0
noise_rnn_sd: 0.05
nonlinear_top_down: false
restrict_output_to_exc: false
rnn_weight: 0.17481193864989042
tc_modulator: 40.32656898030776
tc_soma: 100
td_E_kappa: 0.10213102975925714
td_E_topo: 1.5623616615997487
td_I_kappa: 0.20927043250805083
td_I_topo: 1.3531588048982286
td_weight: 0.08721234785767684
