EE_kappa: 0.09744867535369808
EE_topo: 0.5469016338005135
EE_topo_mod: 3.1594671991924737e-13
EI_kappa: 0.2401677040332701
EI_topo: 0.13231163849869287
EI_topo_mod: 1.1398815712408083e-13
E_bias_mean: 0.0
E_bias_std: 1.0e-12
IE_kappa: 0.15577217012503997
IE_topo: 1.976914401293426
IE_topo_mod: 1.2988327561972402e-13
II_kappa: 0.24920224940149732
II_topo: 0.3605516542962819
II_topo_mod: 6.411945627865012e-13
I_bias_mean: 0.0
I_bias_std: 1.0e-12
alpha_EE: 0.2497651023974945
alpha_EI: 0.1755821402719352
alpha_II: 0.25279943158140394
dt: 20
filename: results_6b586431-e09d-492f-a63f-4469cd477fa7.pkl
init_exc: 0.2
init_inh: 0.4
init_mod: 0.1
inp_E_kappa: 0.05763931174871942
inp_E_topo: 0.0748941467257147
inp_I_kappa: 0.16156238196935852
inp_I_topo: 0.8383414141483663
input_weight: 0.19145386518210267
max_h_for_output: 5.0
mod_EE_weight: 0.4145869451826052
mod_EI_weight: 0.13481350109956736
mod_IE_weight: 0.2130487209888512
mod_II_weight: 0.18464574343247686
n_actions: 3
n_bottom_up: 67
n_cue_tuned: 2
n_exc: 2000
n_fix_tuned: 1
n_hidden: 2500
n_inh: 500
n_motion_tuned: 64
n_reward_levels: 3
n_top_down: 10
n_top_down_hidden: 64
noise_input_sd: 0.0
noise_rnn_sd: 0.05
nonlinear_top_down: false
restrict_output_to_exc: false
rnn_weight: 0.18823821378584904
tc_modulator: 59.68076940044278
tc_soma: 100
td_E_kappa: 0.24134477710359614
td_E_topo: 0.30709452979926555
td_I_kappa: 0.07567159947403877
td_I_topo: 0.10414316251970024
td_weight: 0.08721234785767684
