EE_kappa: 0.058010708973591375
EE_topo: 0.36802398554727356
EE_topo_mod: 3.64748151973879e-13
EI_kappa: 0.054650306808026274
EI_topo: 0.5159930009781415
EI_topo_mod: 6.873766197003595e-13
E_bias_mean: 0.0
E_bias_std: 1.0e-12
IE_kappa: 0.2497090750370914
IE_topo: 1.5670586931135342
IE_topo_mod: 1.700671491745831e-13
II_kappa: 0.1869674639859778
II_topo: 0.20911655389221684
II_topo_mod: 5.749162873772085e-14
I_bias_mean: 0.0
I_bias_std: 1.0e-12
alpha_EE: 0.28501458264995366
alpha_EI: 0.05798679151202404
alpha_II: 0.05002852530778251
dt: 20
filename: results_targeted_d3d0e8fa-e70d-4238-817e-6af40ef5da07.pkl
init_exc: 0.2
init_inh: 0.4
init_mod: 0.1
inp_E_kappa: 0.1496632310545144
inp_E_topo: 1.8258860931542789
inp_I_kappa: 0.07662112424626906
inp_I_topo: 0.8354726280673159
input_weight: 0.12357173372256246
max_h_for_output: 5.0
mod_EE_weight: 0.09552711925455126
mod_EI_weight: 0.9333107089131792
mod_IE_weight: 0.07725494294654445
mod_II_weight: 0.6155325444000456
n_actions: 3
n_bottom_up: 67
n_cue_tuned: 2
n_exc: 2000
n_fix_tuned: 1
n_hidden: 2500
n_inh: 500
n_motion_tuned: 64
n_reward_levels: 3
n_top_down: 10
n_top_down_hidden: 64
noise_input_sd: 0.0
noise_rnn_sd: 0.05
nonlinear_top_down: false
restrict_output_to_exc: false
rnn_weight: 0.14889498649454258
tc_modulator: 57.245944585203105
tc_soma: 100
td_E_kappa: 0.14409550273708321
td_E_topo: 0.9816914974259516
td_I_kappa: 0.1274145170626011
td_I_topo: 0.6758332758880592
td_weight: 0.08721234785767684
