EE_kappa: 0.08704186485381765
EE_topo: 1.4642777869283654
EE_topo_mod: 8.049390132934415e-13
EI_kappa: 0.18527878701134942
EI_topo: 0.2755802703472725
EI_topo_mod: 1.436004736241504e-13
E_bias_mean: 0.0
E_bias_std: 1.0e-12
IE_kappa: 0.18173091003429515
IE_topo: 0.7932096051681918
IE_topo_mod: 7.75763518871449e-13
II_kappa: 0.24884146143986285
II_topo: 0.8485093072834715
II_topo_mod: 5.51017449498981e-13
I_bias_mean: 0.0
I_bias_std: 1.0e-12
alpha_EE: 0.012133424287504612
alpha_EI: 0.06983135471378406
alpha_II: 0.1792804376750403
dt: 20
filename: results_7e43fffa-47fd-4ee6-9d19-a5df57d4cdfc.pkl
init_exc: 0.2
init_inh: 0.4
init_mod: 0.1
inp_E_kappa: 0.22194474535537922
inp_E_topo: 0.423808638251957
inp_I_kappa: 0.15688355238939516
inp_I_topo: 0.07235156686326993
input_weight: 0.15109136129238288
max_h_for_output: 5.0
mod_EE_weight: 1.9743737853123147
mod_EI_weight: 1.8467255105966367
mod_IE_weight: 1.3243381308506048
mod_II_weight: 0.17444352454121304
n_actions: 3
n_bottom_up: 67
n_cue_tuned: 2
n_exc: 2000
n_fix_tuned: 1
n_hidden: 2500
n_inh: 500
n_motion_tuned: 64
n_reward_levels: 3
n_top_down: 10
n_top_down_hidden: 64
noise_input_sd: 0.0
noise_rnn_sd: 0.05
nonlinear_top_down: false
restrict_output_to_exc: false
rnn_weight: 0.11079471851544696
tc_modulator: 97.4425039381384
tc_soma: 100
td_E_kappa: 0.16973415229128946
td_E_topo: 1.4230402944863754
td_I_kappa: 0.13894797939159548
td_I_topo: 0.1888237026640185
td_weight: 0.08721234785767684
