EE_kappa: 0.08128999960582203
EE_topo: 1.4275201409550446
EE_topo_mod: 4.126337954394158e-13
EI_kappa: 0.14813646965903904
EI_topo: 1.849948554387955
EI_topo_mod: 2.409682930450995e-13
E_bias_mean: 0.0
E_bias_std: 1.0e-12
IE_kappa: 0.19523330774155861
IE_topo: 1.248861711485842
IE_topo_mod: 3.7152940296810386e-13
II_kappa: 0.19645319167401015
II_topo: 1.7097764415986112
II_topo_mod: 7.709144264689538e-14
I_bias_mean: 0.0
I_bias_std: 1.0e-12
alpha_EE: 0.23039072982705916
alpha_EI: 0.1269189859814982
alpha_II: 0.10730922504363442
dt: 20
filename: results_1aa10b1f-79bf-49fe-930a-e4cd5abe990f.pkl
init_exc: 0.2
init_inh: 0.4
init_mod: 0.1
inp_E_kappa: 0.2472968684208881
inp_E_topo: 1.5921757924201787
inp_I_kappa: 0.0867624536180403
inp_I_topo: 0.5389323096012242
input_weight: 0.10801635642786542
max_h_for_output: 5.0
mod_EE_weight: 1.5623053419345174
mod_EI_weight: 1.5248089736949426
mod_IE_weight: 1.3641276019670858
mod_II_weight: 0.3265953101744268
n_actions: 3
n_bottom_up: 67
n_cue_tuned: 2
n_exc: 2000
n_fix_tuned: 1
n_hidden: 2500
n_inh: 500
n_motion_tuned: 64
n_reward_levels: 3
n_top_down: 10
n_top_down_hidden: 64
noise_input_sd: 0.0
noise_rnn_sd: 0.05
nonlinear_top_down: false
restrict_output_to_exc: false
rnn_weight: 0.15540142154500736
tc_modulator: 55.854274606654386
tc_soma: 100
td_E_kappa: 0.08981909606307169
td_E_topo: 1.1334266508777957
td_I_kappa: 0.09327826426792774
td_I_topo: 0.12837492629412117
td_weight: 0.08721234785767684
