EE_kappa: 0.08378581620030412
EE_topo: 1.2722886066218075
EE_topo_mod: 6.496370693700117e-13
EI_kappa: 0.0775306739831503
EI_topo: 0.33950307965500803
EI_topo_mod: 9.266537896891422e-13
E_bias_mean: 0.0
E_bias_std: 1.0e-12
IE_kappa: 0.23202195284816235
IE_topo: 0.8256681395384298
IE_topo_mod: 9.033756328695999e-13
II_kappa: 0.09727877412979602
II_topo: 0.18009222390151902
II_topo_mod: 7.220097201125003e-13
I_bias_mean: 0.0
I_bias_std: 1.0e-12
alpha_EE: 0.2015286162618591
alpha_EI: 0.04870079979467202
alpha_II: 0.247715885339524
dt: 20
filename: results_56c8987a-c174-4976-adee-e3b1adcd1104.pkl
init_exc: 0.2
init_inh: 0.4
init_mod: 0.1
inp_E_kappa: 0.1212685672166735
inp_E_topo: 0.6107369463747325
inp_I_kappa: 0.16408260027440563
inp_I_topo: 0.45722353331790266
input_weight: 0.14321289955854252
max_h_for_output: 5.0
mod_EE_weight: 0.43116782292921885
mod_EI_weight: 0.7018441735208103
mod_IE_weight: 0.0998639475334564
mod_II_weight: 1.1367101430692808
n_actions: 3
n_bottom_up: 67
n_cue_tuned: 2
n_exc: 2000
n_fix_tuned: 1
n_hidden: 2500
n_inh: 500
n_motion_tuned: 64
n_reward_levels: 3
n_top_down: 10
n_top_down_hidden: 64
noise_input_sd: 0.0
noise_rnn_sd: 0.05
nonlinear_top_down: false
restrict_output_to_exc: false
rnn_weight: 0.09948773961297715
tc_modulator: 57.22617668172228
tc_soma: 100
td_E_kappa: 0.09619833797589837
td_E_topo: 0.5104253279371835
td_I_kappa: 0.1953721419326469
td_I_topo: 1.3433115578899466
td_weight: 0.08721234785767684
