EE_kappa: 0.05978478642333929
EE_topo: 0.9980225505511497
EE_topo_mod: 7.819515856612995e-13
EI_kappa: 0.06536524380882339
EI_topo: 0.5224028681878277
EI_topo_mod: 7.54281581451646e-13
E_bias_mean: 0.0
E_bias_std: 1.0e-12
IE_kappa: 0.2194779817846349
IE_topo: 1.2042915612368366
IE_topo_mod: 4.973690241643428e-13
II_kappa: 0.2003128974425063
II_topo: 0.2295186458693168
II_topo_mod: 6.812711426343375e-13
I_bias_mean: 0.0
I_bias_std: 1.0e-12
alpha_EE: 0.05126555403196252
alpha_EI: 0.04481873656041607
alpha_II: 0.0027964464235467946
dt: 20
filename: results_eb798528-e91c-4dfc-8998-8512c68aeeee.pkl
init_exc: 0.2
init_inh: 0.4
init_mod: 0.1
inp_E_kappa: 0.14990682553780302
inp_E_topo: 1.6664777707597274
inp_I_kappa: 0.06788855785521752
inp_I_topo: 1.7270160059755577
input_weight: 0.15807047091527265
max_h_for_output: 5.0
mod_EE_weight: 0.4349235137337717
mod_EI_weight: 0.174958368236391
mod_IE_weight: 0.2839636648220264
mod_II_weight: 0.043353335731130094
n_actions: 3
n_bottom_up: 67
n_cue_tuned: 2
n_exc: 2000
n_fix_tuned: 1
n_hidden: 2500
n_inh: 500
n_motion_tuned: 64
n_reward_levels: 3
n_top_down: 10
n_top_down_hidden: 64
noise_input_sd: 0.0
noise_rnn_sd: 0.05
nonlinear_top_down: false
restrict_output_to_exc: false
rnn_weight: 0.12148630378601531
tc_modulator: 56.5252873546265
tc_soma: 100
td_E_kappa: 0.10505230263953323
td_E_topo: 1.569266530875115
td_I_kappa: 0.15349810054104257
td_I_topo: 0.3205925679656747
td_weight: 0.08721234785767684
