EE_kappa: 0.09139232447194684
EE_topo: 0.23420816204479467
EE_topo_mod: 7.086556439328288e-13
EI_kappa: 0.17924505628830606
EI_topo: 1.306269070723442
EI_topo_mod: 1.9012631391893263e-13
E_bias_mean: 0.0
E_bias_std: 1.0e-12
IE_kappa: 0.13437895277533862
IE_topo: 0.17010337388915953
IE_topo_mod: 8.499492535281508e-13
II_kappa: 0.11170482364265938
II_topo: 0.5043479765807792
II_topo_mod: 9.174271220957412e-13
I_bias_mean: 0.0
I_bias_std: 1.0e-12
alpha_EE: 0.2311361574407218
alpha_EI: 0.0029603518839139476
alpha_II: 0.26053852030867597
dt: 20
filename: results_3d199b1a-24c3-47a4-8cde-601e965af8d3.pkl
init_exc: 0.2
init_inh: 0.4
init_mod: 0.1
inp_E_kappa: 0.15054561723491733
inp_E_topo: 1.4243745495446223
inp_I_kappa: 0.07219632735567943
inp_I_topo: 0.3026903730706707
input_weight: 0.17379778595433154
max_h_for_output: 5.0
mod_EE_weight: 0.8653868560351463
mod_EI_weight: 0.0398370563165773
mod_IE_weight: 0.35865307121056356
mod_II_weight: 0.9492700040799181
n_actions: 3
n_bottom_up: 67
n_cue_tuned: 2
n_exc: 2000
n_fix_tuned: 1
n_hidden: 2500
n_inh: 500
n_motion_tuned: 64
n_reward_levels: 3
n_top_down: 10
n_top_down_hidden: 64
noise_input_sd: 0.0
noise_rnn_sd: 0.05
nonlinear_top_down: false
restrict_output_to_exc: false
rnn_weight: 0.15746237323747442
tc_modulator: 84.8056006033238
tc_soma: 100
td_E_kappa: 0.09547336963842493
td_E_topo: 0.02439619024043438
td_I_kappa: 0.05603008725374761
td_I_topo: 0.5225212026243395
td_weight: 0.08721234785767684
