EE_kappa: 0.06918408818417765
EE_topo: 0.2903216801598476
EE_topo_mod: 1.6034684997332226e-13
EI_kappa: 0.06893521314421301
EI_topo: 0.17928590003115819
EI_topo_mod: 4.0196611342642227e-13
E_bias_mean: 0.0
E_bias_std: 1.0e-12
IE_kappa: 0.2323372793680341
IE_topo: 0.561131313660709
IE_topo_mod: 7.248867422853189e-13
II_kappa: 0.19017464522889976
II_topo: 1.0777136067036721
II_topo_mod: 4.4196565345905535e-13
I_bias_mean: 0.0
I_bias_std: 1.0e-12
alpha_EE: 0.08654536098204958
alpha_EI: 0.013822966689533478
alpha_II: 0.10264195369773717
dt: 20
filename: results_8a37d09a-fe31-4da0-8dd9-9616fd034465.pkl
init_exc: 0.2
init_inh: 0.4
init_mod: 0.1
inp_E_kappa: 0.07834420607112685
inp_E_topo: 0.3103533345852796
inp_I_kappa: 0.10896545013848907
inp_I_topo: 0.1881444488267765
input_weight: 0.15960655780783267
max_h_for_output: 5.0
mod_EE_weight: 0.014226800506710324
mod_EI_weight: 1.2229192530772814
mod_IE_weight: 0.5403273644767117
mod_II_weight: 1.6745426797504375
n_actions: 3
n_bottom_up: 67
n_cue_tuned: 2
n_exc: 2000
n_fix_tuned: 1
n_hidden: 2500
n_inh: 500
n_motion_tuned: 64
n_reward_levels: 3
n_top_down: 10
n_top_down_hidden: 64
noise_input_sd: 0.0
noise_rnn_sd: 0.05
nonlinear_top_down: false
restrict_output_to_exc: false
rnn_weight: 0.17084804437612378
tc_modulator: 28.581307714369586
tc_soma: 100
td_E_kappa: 0.1987918912356721
td_E_topo: 1.4912935214761032
td_I_kappa: 0.23118366712223493
td_I_topo: 0.354855486909065
td_weight: 0.08721234785767684
