EE_kappa: 0.08300333604524615
EE_topo: 1.3612187055341927
EE_topo_mod: 2.0914049330301055e-13
EI_kappa: 0.1840104628542576
EI_topo: 1.4874036165498088
EI_topo_mod: 8.486554088665723e-13
E_bias_mean: 0.0
E_bias_std: 1.0e-12
IE_kappa: 0.11602924902988448
IE_topo: 1.696979596312191
IE_topo_mod: 3.6310155933517364e-13
II_kappa: 0.16746863807716594
II_topo: 1.295363623681358
II_topo_mod: 6.82119462387614e-13
I_bias_mean: 0.0
I_bias_std: 1.0e-12
alpha_EE: 0.18434211372535358
alpha_EI: 0.20983218212146174
alpha_II: 0.2574848160689418
dt: 20
filename: results_eabce4d9-9719-4b5a-86f3-149de0a560da.pkl
init_exc: 0.2
init_inh: 0.4
init_mod: 0.1
inp_E_kappa: 0.07465850362411147
inp_E_topo: 1.1482888396341107
inp_I_kappa: 0.1694193112144186
inp_I_topo: 1.1411303328762832
input_weight: 0.1912112770004068
max_h_for_output: 5.0
mod_EE_weight: 0.9141793195528325
mod_EI_weight: 0.11910167534790306
mod_IE_weight: 0.6884815887494704
mod_II_weight: 0.28762986813206626
n_actions: 3
n_bottom_up: 67
n_cue_tuned: 2
n_exc: 2000
n_fix_tuned: 1
n_hidden: 2500
n_inh: 500
n_motion_tuned: 64
n_reward_levels: 3
n_top_down: 10
n_top_down_hidden: 64
noise_input_sd: 0.0
noise_rnn_sd: 0.05
nonlinear_top_down: false
restrict_output_to_exc: false
rnn_weight: 0.17712354891873267
tc_modulator: 37.71581264068482
tc_soma: 100
td_E_kappa: 0.07254357118083554
td_E_topo: 0.12973773252865084
td_I_kappa: 0.13427237812210263
td_I_topo: 0.33949558366735744
td_weight: 0.08721234785767684
