EE_kappa: 0.07532960892942078
EE_topo: 1.4600201513778353
EE_topo_mod: 9.434821670758304e-13
EI_kappa: 0.20202434494174365
EI_topo: 1.496633322519041
EI_topo_mod: 2.972074187569693e-13
E_bias_mean: 0.0
E_bias_std: 1.0e-12
IE_kappa: 0.20242467925091084
IE_topo: 1.8516372505385121
IE_topo_mod: 3.759037782228887e-13
II_kappa: 0.2367173512261665
II_topo: 1.6841616795434144
II_topo_mod: 6.303093983780143e-13
I_bias_mean: 0.0
I_bias_std: 1.0e-12
alpha_EE: 0.16042560012294407
alpha_EI: 0.13046641589473207
alpha_II: 0.2778133760577875
dt: 20
filename: results_61ca0f26-d847-4c20-ba60-3e7ba95fc058.pkl
init_exc: 0.2
init_inh: 0.4
init_mod: 0.1
inp_E_kappa: 0.10863171010554247
inp_E_topo: 0.07682502596104768
inp_I_kappa: 0.18977907821503676
inp_I_topo: 1.069915425902326
input_weight: 0.14925086397629556
max_h_for_output: 5.0
mod_EE_weight: 0.7793763846119396
mod_EI_weight: 0.6165811143935024
mod_IE_weight: 0.7848515613568865
mod_II_weight: 0.7571864630570262
n_actions: 3
n_bottom_up: 67
n_cue_tuned: 2
n_exc: 2000
n_fix_tuned: 1
n_hidden: 2500
n_inh: 500
n_motion_tuned: 64
n_reward_levels: 3
n_top_down: 10
n_top_down_hidden: 64
noise_input_sd: 0.0
noise_rnn_sd: 0.05
nonlinear_top_down: false
restrict_output_to_exc: false
rnn_weight: 0.17369370252688832
tc_modulator: 41.23147947100659
tc_soma: 100
td_E_kappa: 0.13625068026206902
td_E_topo: 0.0062307572343998086
td_I_kappa: 0.1291606031642632
td_I_topo: 1.0273388029425237
td_weight: 0.08721234785767684
