EE_kappa: 0.07430243219350137
EE_topo: 1.911359125082791
EE_topo_mod: 4.358126565637419e-13
EI_kappa: 0.1257309476289176
EI_topo: 0.5430660412122779
EI_topo_mod: 1.0959096140024216e-14
E_bias_mean: 0.0
E_bias_std: 1.0e-12
IE_kappa: 0.18479029166869837
IE_topo: 0.6265011627609585
IE_topo_mod: 9.919881403616048e-14
II_kappa: 0.09134872529821852
II_topo: 0.12278653776208359
II_topo_mod: 9.790129141519055e-13
I_bias_mean: 0.0
I_bias_std: 1.0e-12
alpha_EE: 0.13447320083975078
alpha_EI: 0.0615692947469708
alpha_II: 0.18577579010132414
dt: 20
filename: results_5bf75ce4-5170-436b-b328-f32c7af79625.pkl
init_exc: 0.2
init_inh: 0.4
init_mod: 0.1
inp_E_kappa: 0.14662239172259317
inp_E_topo: 1.9278909772854291
inp_I_kappa: 0.06412627171630861
inp_I_topo: 1.531727829931569
input_weight: 0.17622166801269906
max_h_for_output: 5.0
mod_EE_weight: 0.2959435131386503
mod_EI_weight: 0.6225106885603818
mod_IE_weight: 0.8770402544208914
mod_II_weight: 0.8230421369172279
n_actions: 3
n_bottom_up: 67
n_cue_tuned: 2
n_exc: 2000
n_fix_tuned: 1
n_hidden: 2500
n_inh: 500
n_motion_tuned: 64
n_reward_levels: 3
n_top_down: 10
n_top_down_hidden: 64
noise_input_sd: 0.0
noise_rnn_sd: 0.05
nonlinear_top_down: false
restrict_output_to_exc: false
rnn_weight: 0.14255624565290725
tc_modulator: 77.454448165793
tc_soma: 100
td_E_kappa: 0.23744984474610947
td_E_topo: 0.8923228327318902
td_I_kappa: 0.1387954215477099
td_I_topo: 0.5247682434645717
td_weight: 0.08721234785767684
