EE_kappa: 0.0703021933670126
EE_topo: 1.1242459145554848
EE_topo_mod: 6.690039559003058e-13
EI_kappa: 0.17858032709649424
EI_topo: 0.5524790531043287
EI_topo_mod: 2.2219451307215588e-14
E_bias_mean: 0.0
E_bias_std: 1.0e-12
IE_kappa: 0.11002660271291254
IE_topo: 0.7010864583169734
IE_topo_mod: 9.174668988014154e-13
II_kappa: 0.1812479375274177
II_topo: 0.4040116671792824
II_topo_mod: 7.886175012733156e-13
I_bias_mean: 0.0
I_bias_std: 1.0e-12
alpha_EE: 0.011199543634633002
alpha_EI: 0.12873327831705872
alpha_II: 0.06965012326750598
dt: 20
filename: results_targeted_a345e924-9020-466e-b8a2-42d81abd21fb.pkl
init_exc: 0.2
init_inh: 0.4
init_mod: 0.1
inp_E_kappa: 0.1958522675882366
inp_E_topo: 1.0625308470636552
inp_I_kappa: 0.126179281827692
inp_I_topo: 1.5095074842180043
input_weight: 0.17410392206065106
max_h_for_output: 5.0
mod_EE_weight: 0.6633757704483029
mod_EI_weight: 0.5574625046604044
mod_IE_weight: 0.028993874702800237
mod_II_weight: 0.5813522653678106
n_actions: 3
n_bottom_up: 67
n_cue_tuned: 2
n_exc: 2000
n_fix_tuned: 1
n_hidden: 2500
n_inh: 500
n_motion_tuned: 64
n_reward_levels: 3
n_top_down: 10
n_top_down_hidden: 64
noise_input_sd: 0.0
noise_rnn_sd: 0.05
nonlinear_top_down: false
restrict_output_to_exc: false
rnn_weight: 0.14500312171858126
tc_modulator: 21.049483281454393
tc_soma: 100
td_E_kappa: 0.07157043777743664
td_E_topo: 0.9012843214472281
td_I_kappa: 0.13926225494847946
td_I_topo: 1.0167713350007246
td_weight: 0.08721234785767684
