EE_kappa: 0.07599706537912006
EE_topo: 1.0462848727628111
EE_topo_mod: 5.815562678375376e-13
EI_kappa: 0.11973226998031139
EI_topo: 1.8881162228042958
EI_topo_mod: 1.1130477791952276e-13
E_bias_mean: 0.0
E_bias_std: 1.0e-12
IE_kappa: 0.13256921063237398
IE_topo: 1.75404292723695
IE_topo_mod: 7.847394346575984e-13
II_kappa: 0.17313760748626644
II_topo: 0.731152028584608
II_topo_mod: 4.594743869353331e-13
I_bias_mean: 0.0
I_bias_std: 1.0e-12
alpha_EE: 0.08950688731833757
alpha_EI: 0.08982810826922763
alpha_II: 0.1559577508367821
dt: 20
filename: results_ef3b0714-de49-4186-8c25-d84e28bf50e6.pkl
init_exc: 0.2
init_inh: 0.4
init_mod: 0.1
inp_E_kappa: 0.1398136774483875
inp_E_topo: 0.7512385287616354
inp_I_kappa: 0.22800361807600883
inp_I_topo: 0.5803196144405964
input_weight: 0.1490727631412141
max_h_for_output: 5.0
mod_EE_weight: 1.658765825170087
mod_EI_weight: 1.0053910293828419
mod_IE_weight: 1.8678511614274114
mod_II_weight: 1.7870206796765886
n_actions: 3
n_bottom_up: 67
n_cue_tuned: 2
n_exc: 2000
n_fix_tuned: 1
n_hidden: 2500
n_inh: 500
n_motion_tuned: 64
n_reward_levels: 3
n_top_down: 10
n_top_down_hidden: 64
noise_input_sd: 0.0
noise_rnn_sd: 0.05
nonlinear_top_down: false
restrict_output_to_exc: false
rnn_weight: 0.1343104890179862
tc_modulator: 77.0888257750684
tc_soma: 100
td_E_kappa: 0.19017418000673247
td_E_topo: 0.5223262578509855
td_I_kappa: 0.0999385577537741
td_I_topo: 0.48770263776447
td_weight: 0.08721234785767684
