EE_kappa: 0.11999805838400851
EE_topo: 1.366771746264435
EE_topo_mod: 1.2586664063948127e-13
EI_kappa: 0.22291200178230686
EI_topo: 1.8706587816195173
EI_topo_mod: 5.917934185597318e-13
E_bias_mean: 0.0
E_bias_std: 1.0e-12
IE_kappa: 0.18065319280680414
IE_topo: 1.9015881116501188
IE_topo_mod: 3.2952362489331533e-13
II_kappa: 0.22757577670439777
II_topo: 0.69639159732242
II_topo_mod: 5.428091800870685e-13
I_bias_mean: 0.0
I_bias_std: 1.0e-12
alpha_EE: 0.1707386667989529
alpha_EI: 0.0744475019015856
alpha_II: 0.17825507218970468
dt: 20
filename: results_targeted_ae774cf8-bbda-4b2e-8f22-209b4e8b5407.pkl
init_exc: 0.2
init_inh: 0.4
init_mod: 0.1
inp_E_kappa: 0.23330960613066842
inp_E_topo: 1.568062344439895
inp_I_kappa: 0.20909905778001503
inp_I_topo: 1.963177031236541
input_weight: 0.15004865852441152
max_h_for_output: 5.0
mod_EE_weight: 0.8451115268582691
mod_EI_weight: 0.4545662449065868
mod_IE_weight: 0.714277113099083
mod_II_weight: 0.8197226607429363
n_actions: 3
n_bottom_up: 67
n_cue_tuned: 2
n_exc: 2000
n_fix_tuned: 1
n_hidden: 2500
n_inh: 500
n_motion_tuned: 64
n_reward_levels: 3
n_top_down: 10
n_top_down_hidden: 64
noise_input_sd: 0.0
noise_rnn_sd: 0.05
nonlinear_top_down: false
restrict_output_to_exc: false
rnn_weight: 0.11557254215908355
tc_modulator: 29.07219540337256
tc_soma: 100
td_E_kappa: 0.235967764276717
td_E_topo: 0.12396762334020539
td_I_kappa: 0.12220119306278304
td_I_topo: 0.3963484341368
td_weight: 0.08721234785767684
