EE_kappa: 0.08641028833362588
EE_topo: 0.9160777213827094
EE_topo_mod: 1.470452781559558e-13
EI_kappa: 0.10491969370191218
EI_topo: 1.4044481447012187
EI_topo_mod: 7.07203380308335e-13
E_bias_mean: 0.0
E_bias_std: 1.0e-12
IE_kappa: 0.24338291815997082
IE_topo: 0.328664971747453
IE_topo_mod: 6.113869546160458e-13
II_kappa: 0.14591281277977702
II_topo: 0.867228398740254
II_topo_mod: 4.8446263655818834e-14
I_bias_mean: 0.0
I_bias_std: 1.0e-12
alpha_EE: 0.10199405989575337
alpha_EI: 0.013162623375092674
alpha_II: 0.0312657255695808
dt: 20
filename: results_20cd268f-53ce-48e2-b12f-f6b418d938da.pkl
init_exc: 0.2
init_inh: 0.4
init_mod: 0.1
inp_E_kappa: 0.08351077706499072
inp_E_topo: 1.6891315097994104
inp_I_kappa: 0.14969067361644034
inp_I_topo: 0.565821316160193
input_weight: 0.1554655913381645
max_h_for_output: 5.0
mod_EE_weight: 1.7772233984358488
mod_EI_weight: 1.2508877363742932
mod_IE_weight: 0.8451797756711581
mod_II_weight: 0.7942313079868082
n_actions: 3
n_bottom_up: 67
n_cue_tuned: 2
n_exc: 2000
n_fix_tuned: 1
n_hidden: 2500
n_inh: 500
n_motion_tuned: 64
n_reward_levels: 3
n_top_down: 10
n_top_down_hidden: 64
noise_input_sd: 0.0
noise_rnn_sd: 0.05
nonlinear_top_down: false
restrict_output_to_exc: false
rnn_weight: 0.15535742163393967
tc_modulator: 38.61488479992662
tc_soma: 100
td_E_kappa: 0.18067094066867762
td_E_topo: 0.6627201706745773
td_I_kappa: 0.09373657939167362
td_I_topo: 1.2900647359846806
td_weight: 0.08721234785767684
