EE_kappa: 0.08490396671473084
EE_topo: 0.9186852073668696
EE_topo_mod: 3.8680885007291764e-13
EI_kappa: 0.1846227194768248
EI_topo: 1.470899994207565
EI_topo_mod: 3.8273043738451983e-13
E_bias_mean: 0.0
E_bias_std: 1.0e-12
IE_kappa: 0.21056688757938496
IE_topo: 1.8733429368236438
IE_topo_mod: 6.62940754415009e-13
II_kappa: 0.12487270995726805
II_topo: 0.8924782452657423
II_topo_mod: 4.45924086450702e-13
I_bias_mean: 0.0
I_bias_std: 1.0e-12
alpha_EE: 0.14989473786470464
alpha_EI: 0.02000413126770286
alpha_II: 0.12301628088199344
dt: 20
filename: results_e3050534-2c4e-4ec2-8b98-919239844c7d.pkl
init_exc: 0.2
init_inh: 0.4
init_mod: 0.1
inp_E_kappa: 0.0765228392284499
inp_E_topo: 1.3186498348633753
inp_I_kappa: 0.20744706438841792
inp_I_topo: 1.7751340249469734
input_weight: 0.10782124934623967
max_h_for_output: 5.0
mod_EE_weight: 0.3712150532379008
mod_EI_weight: 1.8062544018041875
mod_IE_weight: 1.1274061505692332
mod_II_weight: 1.0678392563707146
n_actions: 3
n_bottom_up: 67
n_cue_tuned: 2
n_exc: 2000
n_fix_tuned: 1
n_hidden: 2500
n_inh: 500
n_motion_tuned: 64
n_reward_levels: 3
n_top_down: 10
n_top_down_hidden: 64
noise_input_sd: 0.0
noise_rnn_sd: 0.05
nonlinear_top_down: false
restrict_output_to_exc: false
rnn_weight: 0.17811228151152125
tc_modulator: 24.943937743337152
tc_soma: 100
td_E_kappa: 0.2480916389263877
td_E_topo: 1.9233619540793294
td_I_kappa: 0.14575332105018923
td_I_topo: 0.31473939976433996
td_weight: 0.08721234785767684
