EE_kappa: 0.06816376261614068
EE_topo: 1.8580308918607469
EE_topo_mod: 1.978810931176178e-13
EI_kappa: 0.15436245105627824
EI_topo: 1.7329276141358687
EI_topo_mod: 2.831553065269624e-13
E_bias_mean: 0.0
E_bias_std: 1.0e-12
IE_kappa: 0.11718748290414596
IE_topo: 1.5598389658662941
IE_topo_mod: 5.512581333020171e-13
II_kappa: 0.16687712380353772
II_topo: 1.1444222022009016
II_topo_mod: 7.921406919890745e-13
I_bias_mean: 0.0
I_bias_std: 1.0e-12
alpha_EE: 0.0030805662530934085
alpha_EI: 0.022964254585914178
alpha_II: 0.08852295773746016
dt: 20
filename: results_699ec7a9-6221-4fba-968c-0fcc3d1ac44c.pkl
init_exc: 0.2
init_inh: 0.4
init_mod: 0.1
inp_E_kappa: 0.06383543773442557
inp_E_topo: 1.0876473771840658
inp_I_kappa: 0.1422305231480693
inp_I_topo: 1.8308151441651364
input_weight: 0.11409698545233321
max_h_for_output: 5.0
mod_EE_weight: 0.03224006751985142
mod_EI_weight: 0.36075553961417783
mod_IE_weight: 0.16196137323354176
mod_II_weight: 0.43771651296964764
n_actions: 3
n_bottom_up: 67
n_cue_tuned: 2
n_exc: 2000
n_fix_tuned: 1
n_hidden: 2500
n_inh: 500
n_motion_tuned: 64
n_reward_levels: 3
n_top_down: 10
n_top_down_hidden: 64
noise_input_sd: 0.0
noise_rnn_sd: 0.05
nonlinear_top_down: false
restrict_output_to_exc: false
rnn_weight: 0.11476028250126821
tc_modulator: 73.51481037488128
tc_soma: 100
td_E_kappa: 0.2122623257730475
td_E_topo: 1.4946313778287454
td_I_kappa: 0.19141705139750498
td_I_topo: 1.8149142853261033
td_weight: 0.08721234785767684
