EE_kappa: 0.09575971047496629
EE_topo: 0.59569929838919
EE_topo_mod: 3.211597247609317e-13
EI_kappa: 0.2410805245697039
EI_topo: 0.6105629440826921
EI_topo_mod: 1.1762674022840803e-13
E_bias_mean: 0.0
E_bias_std: 1.0e-12
IE_kappa: 0.11081232313915355
IE_topo: 1.500129671483738
IE_topo_mod: 5.32110724656112e-13
II_kappa: 0.20245601987894563
II_topo: 0.604744280698041
II_topo_mod: 1.451977169039148e-13
I_bias_mean: 0.0
I_bias_std: 1.0e-12
alpha_EE: 0.28736506047144544
alpha_EI: 0.1302723950695665
alpha_II: 0.030703439397091248
dt: 20
filename: results_86f6111d-44da-4e8c-b3eb-54a956470e05.pkl
init_exc: 0.2
init_inh: 0.4
init_mod: 0.1
inp_E_kappa: 0.12186333511993018
inp_E_topo: 1.1354393340141005
inp_I_kappa: 0.13994960780730115
inp_I_topo: 1.8682952707279696
input_weight: 0.14448183653316277
max_h_for_output: 5.0
mod_EE_weight: 1.7572802490523496
mod_EI_weight: 0.26824757760609574
mod_IE_weight: 1.931254524819417
mod_II_weight: 0.7552700028405654
n_actions: 3
n_bottom_up: 67
n_cue_tuned: 2
n_exc: 2000
n_fix_tuned: 1
n_hidden: 2500
n_inh: 500
n_motion_tuned: 64
n_reward_levels: 3
n_top_down: 10
n_top_down_hidden: 64
noise_input_sd: 0.0
noise_rnn_sd: 0.05
nonlinear_top_down: false
restrict_output_to_exc: false
rnn_weight: 0.14783474915749317
tc_modulator: 54.62622290629385
tc_soma: 100
td_E_kappa: 0.23367801479753092
td_E_topo: 1.1093653839154012
td_I_kappa: 0.08101381986904466
td_I_topo: 1.2921431625812283
td_weight: 0.08721234785767684
