EE_kappa: 0.12152270398170145
EE_topo: 1.7594255837087347
EE_topo_mod: 4.280035572042293e-13
EI_kappa: 0.2279606356610847
EI_topo: 1.7884606371309755
EI_topo_mod: 4.984518935340003e-13
E_bias_mean: 0.0
E_bias_std: 1.0e-12
IE_kappa: 0.1865012199347707
IE_topo: 1.2298611110353397
IE_topo_mod: 2.8771106189552207e-13
II_kappa: 0.13879822274064196
II_topo: 1.6418027122561922
II_topo_mod: 4.973414004678361e-13
I_bias_mean: 0.0
I_bias_std: 1.0e-12
alpha_EE: 0.22009984850711317
alpha_EI: 0.027522097870822524
alpha_II: 0.09507081055131499
dt: 20
filename: results_b5d95ebf-2966-4e83-88c4-485a2216a995.pkl
init_exc: 0.2
init_inh: 0.4
init_mod: 0.1
inp_E_kappa: 0.1933097538214441
inp_E_topo: 0.41005961128637924
inp_I_kappa: 0.09401531039268576
inp_I_topo: 0.8293455086325829
input_weight: 0.1450357124178983
max_h_for_output: 5.0
mod_EE_weight: 1.7053887545797048
mod_EI_weight: 0.5965316608728624
mod_IE_weight: 0.4170463985274451
mod_II_weight: 0.1320799909013024
n_actions: 3
n_bottom_up: 67
n_cue_tuned: 2
n_exc: 2000
n_fix_tuned: 1
n_hidden: 2500
n_inh: 500
n_motion_tuned: 64
n_reward_levels: 3
n_top_down: 10
n_top_down_hidden: 64
noise_input_sd: 0.0
noise_rnn_sd: 0.05
nonlinear_top_down: false
restrict_output_to_exc: false
rnn_weight: 0.11562209398783731
tc_modulator: 73.32795072437642
tc_soma: 100
td_E_kappa: 0.16494711754361516
td_E_topo: 0.34868487756310773
td_I_kappa: 0.23105456151267795
td_I_topo: 1.5043923533134782
td_weight: 0.08721234785767684
