EE_kappa: 0.052139343339116406
EE_topo: 1.2436276814150509
EE_topo_mod: 8.23012323487611e-13
EI_kappa: 0.10013905470384635
EI_topo: 1.658801472801479
EI_topo_mod: 1.2971216071621216e-14
E_bias_mean: 0.0
E_bias_std: 1.0e-12
IE_kappa: 0.16765543466114968
IE_topo: 0.03702139218690914
IE_topo_mod: 1.8100105536597888e-13
II_kappa: 0.11121778413448097
II_topo: 1.3544809098702348
II_topo_mod: 4.835265501174924e-13
I_bias_mean: 0.0
I_bias_std: 1.0e-12
alpha_EE: 0.13944864460264553
alpha_EI: 0.14316587410023007
alpha_II: 0.062314613404800476
dt: 20
filename: results_74a7a06b-5efb-4e77-b66b-2764f3672732.pkl
init_exc: 0.2
init_inh: 0.4
init_mod: 0.1
inp_E_kappa: 0.2212400077204953
inp_E_topo: 1.9267485091617849
inp_I_kappa: 0.23558273590878875
inp_I_topo: 0.4150750627480748
input_weight: 0.12918097171549237
max_h_for_output: 5.0
mod_EE_weight: 0.32128357937787166
mod_EI_weight: 0.6402931606169444
mod_IE_weight: 0.5009358311541281
mod_II_weight: 0.3388060201129207
n_actions: 3
n_bottom_up: 67
n_cue_tuned: 2
n_exc: 2000
n_fix_tuned: 1
n_hidden: 2500
n_inh: 500
n_motion_tuned: 64
n_reward_levels: 3
n_top_down: 10
n_top_down_hidden: 64
noise_input_sd: 0.0
noise_rnn_sd: 0.05
nonlinear_top_down: false
restrict_output_to_exc: false
rnn_weight: 0.19802068110780724
tc_modulator: 78.00534483372479
tc_soma: 100
td_E_kappa: 0.05170205633316514
td_E_topo: 0.7942646349482965
td_I_kappa: 0.19924988676394728
td_I_topo: 1.7805689523822492
td_weight: 0.08721234785767684
