EE_kappa: 0.08437890639815371
EE_topo: 1.3606290331370856
EE_topo_mod: 6.530645994869627e-13
EI_kappa: 0.1310900106969023
EI_topo: 0.8220114829617062
EI_topo_mod: 9.975626435725225e-13
E_bias_mean: 0.0
E_bias_std: 1.0e-12
IE_kappa: 0.1993110660327167
IE_topo: 0.5637102116082602
IE_topo_mod: 9.846352896907037e-13
II_kappa: 0.2026362077031732
II_topo: 0.2925987952340321
II_topo_mod: 3.5322270018069644e-14
I_bias_mean: 0.0
I_bias_std: 1.0e-12
alpha_EE: 0.13134916501036434
alpha_EI: 0.041989418403453216
alpha_II: 0.20445096382040776
dt: 20
filename: results_d44cad3b-500d-4d09-9e48-df83dbef6a1e.pkl
init_exc: 0.2
init_inh: 0.4
init_mod: 0.1
inp_E_kappa: 0.0865260823651032
inp_E_topo: 0.8236109183856601
inp_I_kappa: 0.107951149529566
inp_I_topo: 0.46118468014635505
input_weight: 0.13575187596651878
max_h_for_output: 5.0
mod_EE_weight: 1.248805463712285
mod_EI_weight: 0.9984197632555865
mod_IE_weight: 0.8983407602087705
mod_II_weight: 0.8407283996108426
n_actions: 3
n_bottom_up: 67
n_cue_tuned: 2
n_exc: 2000
n_fix_tuned: 1
n_hidden: 2500
n_inh: 500
n_motion_tuned: 64
n_reward_levels: 3
n_top_down: 10
n_top_down_hidden: 64
noise_input_sd: 0.0
noise_rnn_sd: 0.05
nonlinear_top_down: false
restrict_output_to_exc: false
rnn_weight: 0.08857779887894177
tc_modulator: 45.08424067048418
tc_soma: 100
td_E_kappa: 0.1441335936914593
td_E_topo: 0.13075081756748896
td_I_kappa: 0.24638688469157394
td_I_topo: 0.9306728362009471
td_weight: 0.08721234785767684
