EE_kappa: 0.07289908523290958
EE_topo: 1.2609899791463666
EE_topo_mod: 4.716214415359737e-13
EI_kappa: 0.07169967433376312
EI_topo: 1.4403193735901285
EI_topo_mod: 9.031504793930175e-13
E_bias_mean: 0.0
E_bias_std: 1.0e-12
IE_kappa: 0.23074856470981137
IE_topo: 0.28749080908025215
IE_topo_mod: 4.303061362108805e-13
II_kappa: 0.08753595826956173
II_topo: 0.24300228466109286
II_topo_mod: 4.358222457006481e-13
I_bias_mean: 0.0
I_bias_std: 1.0e-12
alpha_EE: 0.0969573481180223
alpha_EI: 0.07036560170111604
alpha_II: 0.1339933411011597
dt: 20
filename: results_bb5dc591-6595-41e8-807e-08717da2d6d6.pkl
init_exc: 0.2
init_inh: 0.4
init_mod: 0.1
inp_E_kappa: 0.1674942707763803
inp_E_topo: 0.1731603773100061
inp_I_kappa: 0.07023426071591794
inp_I_topo: 0.4617718316171999
input_weight: 0.1451296750402251
max_h_for_output: 5.0
mod_EE_weight: 0.49353971366399674
mod_EI_weight: 0.4058809735344827
mod_IE_weight: 0.1986517594366154
mod_II_weight: 0.757422327756483
n_actions: 3
n_bottom_up: 67
n_cue_tuned: 2
n_exc: 2000
n_fix_tuned: 1
n_hidden: 2500
n_inh: 500
n_motion_tuned: 64
n_reward_levels: 3
n_top_down: 10
n_top_down_hidden: 64
noise_input_sd: 0.0
noise_rnn_sd: 0.05
nonlinear_top_down: false
restrict_output_to_exc: false
rnn_weight: 0.14016386699237485
tc_modulator: 84.91652032404372
tc_soma: 100
td_E_kappa: 0.10269993725805644
td_E_topo: 1.1537655884723481
td_I_kappa: 0.11746864309607884
td_I_topo: 0.9969614319993647
td_weight: 0.08721234785767684
