EE_kappa: 0.05673103485717188
EE_topo: 1.0301693323883947
EE_topo_mod: 9.607405760322676e-13
EI_kappa: 0.1819790916515165
EI_topo: 0.7472255311701579
EI_topo_mod: 8.470544820386185e-13
E_bias_mean: 0.0
E_bias_std: 1.0e-12
IE_kappa: 0.06323111587376924
IE_topo: 1.6347364186628333
IE_topo_mod: 5.529606995814874e-13
II_kappa: 0.20224206618851975
II_topo: 1.2624978909407825
II_topo_mod: 5.439858688095579e-13
I_bias_mean: 0.0
I_bias_std: 1.0e-12
alpha_EE: 0.018706260407508734
alpha_EI: 0.29902038174508
alpha_II: 0.1351409470038559
dt: 20
filename: results_ac6fef72-a8df-4a24-9443-0fd918a8b937.pkl
init_exc: 0.2
init_inh: 0.4
init_mod: 0.1
inp_E_kappa: 0.19450497740362177
inp_E_topo: 0.1356625235408082
inp_I_kappa: 0.10919080348704216
inp_I_topo: 1.3491457850277315
input_weight: 0.07539618686379376
max_h_for_output: 5.0
mod_EE_weight: 0.9104097776724398
mod_EI_weight: 0.5102813008121014
mod_IE_weight: 1.3218804269431086
mod_II_weight: 0.3522139681403067
n_actions: 3
n_bottom_up: 67
n_cue_tuned: 2
n_exc: 2000
n_fix_tuned: 1
n_hidden: 2500
n_inh: 500
n_motion_tuned: 64
n_reward_levels: 3
n_top_down: 10
n_top_down_hidden: 64
noise_input_sd: 0.0
noise_rnn_sd: 0.05
nonlinear_top_down: false
restrict_output_to_exc: false
rnn_weight: 0.16525130684629552
tc_modulator: 24.429454442704923
tc_soma: 100
td_E_kappa: 0.20416342713302787
td_E_topo: 1.748992971238686
td_I_kappa: 0.14444283533444757
td_I_topo: 1.6110386831190902
td_weight: 0.08721234785767684
