EE_kappa: 0.05234218575979539
EE_topo: 1.4156438235402662
EE_topo_mod: 1.9960252996892457e-13
EI_kappa: 0.1687306145509297
EI_topo: 1.001942766029683
EI_topo_mod: 6.309165211543922e-13
E_bias_mean: 0.0
E_bias_std: 1.0e-12
IE_kappa: 0.12394651127621899
IE_topo: 0.8298863924531392
IE_topo_mod: 6.936489912175347e-13
II_kappa: 0.13874911436293605
II_topo: 1.4402179552649004
II_topo_mod: 9.985437014798803e-14
I_bias_mean: 0.0
I_bias_std: 1.0e-12
alpha_EE: 0.0652512152179226
alpha_EI: 0.03658268583822579
alpha_II: 0.2785300983775996
dt: 20
filename: results_269b3431-a818-498c-907d-17e78ae35899.pkl
init_exc: 0.2
init_inh: 0.4
init_mod: 0.1
inp_E_kappa: 0.17827829640823978
inp_E_topo: 0.9867701089833922
inp_I_kappa: 0.09900650199573927
inp_I_topo: 0.8684151631619748
input_weight: 0.12117261058086908
max_h_for_output: 5.0
mod_EE_weight: 0.22754512300142782
mod_EI_weight: 0.26257633898079735
mod_IE_weight: 0.06586473045244212
mod_II_weight: 0.23916996295668735
n_actions: 3
n_bottom_up: 67
n_cue_tuned: 2
n_exc: 2000
n_fix_tuned: 1
n_hidden: 2500
n_inh: 500
n_motion_tuned: 64
n_reward_levels: 3
n_top_down: 10
n_top_down_hidden: 64
noise_input_sd: 0.0
noise_rnn_sd: 0.05
nonlinear_top_down: false
restrict_output_to_exc: false
rnn_weight: 0.17576103027310008
tc_modulator: 74.19861076924337
tc_soma: 100
td_E_kappa: 0.10272501663939285
td_E_topo: 1.8380217163335946
td_I_kappa: 0.12235837500701419
td_I_topo: 0.7195820299785676
td_weight: 0.08721234785767684
