EE_kappa: 0.11691884875168766
EE_topo: 1.17740482905976
EE_topo_mod: 9.078362839556088e-13
EI_kappa: 0.2494121623611803
EI_topo: 1.6672764419746267
EI_topo_mod: 2.827473978749334e-13
E_bias_mean: 0.0
E_bias_std: 1.0e-12
IE_kappa: 0.16468940279699806
IE_topo: 1.9820773135498566
IE_topo_mod: 5.794472861775273e-13
II_kappa: 0.22109075536616757
II_topo: 0.1009416142047741
II_topo_mod: 2.4403814735664255e-13
I_bias_mean: 0.0
I_bias_std: 1.0e-12
alpha_EE: 0.15077646195089495
alpha_EI: 0.016764606447046658
alpha_II: 0.08055543098435432
dt: 20
filename: results_0289e67c-91d2-4aaf-aa51-d61c281974c1.pkl
init_exc: 0.2
init_inh: 0.4
init_mod: 0.1
inp_E_kappa: 0.10502352848224639
inp_E_topo: 0.5353175018436223
inp_I_kappa: 0.20407171690129772
inp_I_topo: 0.08424801222128564
input_weight: 0.1533441322929332
max_h_for_output: 5.0
mod_EE_weight: 1.166517703925459
mod_EI_weight: 1.180743774891
mod_IE_weight: 0.4845734319239221
mod_II_weight: 1.3152587672416611
n_actions: 3
n_bottom_up: 67
n_cue_tuned: 2
n_exc: 2000
n_fix_tuned: 1
n_hidden: 2500
n_inh: 500
n_motion_tuned: 64
n_reward_levels: 3
n_top_down: 10
n_top_down_hidden: 64
noise_input_sd: 0.0
noise_rnn_sd: 0.05
nonlinear_top_down: false
restrict_output_to_exc: false
rnn_weight: 0.17559961337799912
tc_modulator: 24.58452010038475
tc_soma: 100
td_E_kappa: 0.12330144238399164
td_E_topo: 0.7814341197304311
td_I_kappa: 0.2309168798369567
td_I_topo: 0.9182172382423481
td_weight: 0.08721234785767684
