EE_kappa: 0.1295862238449783
EE_topo: 1.523539317805093
EE_topo_mod: 5.657816042786723e-14
EI_kappa: 0.2421618767572446
EI_topo: 0.3692407469558965
EI_topo_mod: 3.177698967697284e-14
E_bias_mean: 0.0
E_bias_std: 1.0e-12
IE_kappa: 0.21988999557651095
IE_topo: 1.4713950676050565
IE_topo_mod: 9.067266562845459e-13
II_kappa: 0.23267439858882505
II_topo: 1.9584236026864055
II_topo_mod: 2.284235678303149e-13
I_bias_mean: 0.0
I_bias_std: 1.0e-12
alpha_EE: 0.22751950563102333
alpha_EI: 0.026530738032834556
alpha_II: 0.2726449312169793
dt: 20
filename: results_fed28400-96b3-4831-a46f-7acb22142c82.pkl
init_exc: 0.2
init_inh: 0.4
init_mod: 0.1
inp_E_kappa: 0.09060586992495637
inp_E_topo: 0.8959561010682731
inp_I_kappa: 0.20107425332945933
inp_I_topo: 1.2311805751200722
input_weight: 0.1963797494882174
max_h_for_output: 5.0
mod_EE_weight: 1.9302754516446008
mod_EI_weight: 0.06402792084169118
mod_IE_weight: 0.4844589851236645
mod_II_weight: 0.02707667264792435
n_actions: 3
n_bottom_up: 67
n_cue_tuned: 2
n_exc: 2000
n_fix_tuned: 1
n_hidden: 2500
n_inh: 500
n_motion_tuned: 64
n_reward_levels: 3
n_top_down: 10
n_top_down_hidden: 64
noise_input_sd: 0.0
noise_rnn_sd: 0.05
nonlinear_top_down: false
restrict_output_to_exc: false
rnn_weight: 0.08927778996511258
tc_modulator: 31.879231143062896
tc_soma: 100
td_E_kappa: 0.1344485618540162
td_E_topo: 0.09023520552417064
td_I_kappa: 0.22545932082859488
td_I_topo: 0.7818719263413301
td_weight: 0.08721234785767684
