EE_kappa: 0.0833761227948723
EE_topo: 0.8248180532117368
EE_topo_mod: 6.866308089931865e-13
EI_kappa: 0.15508322485879703
EI_topo: 1.554546665472411
EI_topo_mod: 1.8395002052923702e-13
E_bias_mean: 0.0
E_bias_std: 1.0e-12
IE_kappa: 0.1533702029190831
IE_topo: 1.8269766231952347
IE_topo_mod: 3.4309335002439236e-13
II_kappa: 0.19733553294910178
II_topo: 0.21697133442442906
II_topo_mod: 1.4188090432199541e-13
I_bias_mean: 0.0
I_bias_std: 1.0e-12
alpha_EE: 0.20680006712987073
alpha_EI: 0.03538613813399825
alpha_II: 0.0014223358829726252
dt: 20
filename: results_targeted_7aa11ec6-1705-46e2-a5bd-12cc4ef23cc5.pkl
init_exc: 0.2
init_inh: 0.4
init_mod: 0.1
inp_E_kappa: 0.08227545212612572
inp_E_topo: 0.1273673788688161
inp_I_kappa: 0.10726419181621992
inp_I_topo: 1.3347854877454948
input_weight: 0.1779069788238271
max_h_for_output: 5.0
mod_EE_weight: 0.6584175072180551
mod_EI_weight: 0.9019212079493685
mod_IE_weight: 0.6012469309990525
mod_II_weight: 0.4476571618066344
n_actions: 3
n_bottom_up: 67
n_cue_tuned: 2
n_exc: 2000
n_fix_tuned: 1
n_hidden: 2500
n_inh: 500
n_motion_tuned: 64
n_reward_levels: 3
n_top_down: 10
n_top_down_hidden: 64
noise_input_sd: 0.0
noise_rnn_sd: 0.05
nonlinear_top_down: false
restrict_output_to_exc: false
rnn_weight: 0.13302901859785743
tc_modulator: 91.82508602665553
tc_soma: 100
td_E_kappa: 0.06624234210268581
td_E_topo: 0.6125235260656472
td_I_kappa: 0.21251288624384884
td_I_topo: 1.3368227800257781
td_weight: 0.08721234785767684
