EE_kappa: 0.07429520195775614
EE_topo: 1.849209150022313
EE_topo_mod: 8.181128077798672e-14
EI_kappa: 0.12106335996012015
EI_topo: 0.6644979049667898
EI_topo_mod: 1.6136397170958238e-13
E_bias_mean: 0.0
E_bias_std: 1.0e-12
IE_kappa: 0.1896437742860675
IE_topo: 0.45303624898460804
IE_topo_mod: 6.78571977578033e-14
II_kappa: 0.13772286497489297
II_topo: 1.7869707130874457
II_topo_mod: 7.698720587781345e-13
I_bias_mean: 0.0
I_bias_std: 1.0e-12
alpha_EE: 0.09737602581144501
alpha_EI: 0.0586569625310589
alpha_II: 0.2610387487599869
dt: 20
filename: results_f7caffb9-27c7-41ba-b507-56ee8bd5d36d.pkl
init_exc: 0.2
init_inh: 0.4
init_mod: 0.1
inp_E_kappa: 0.22517007893642876
inp_E_topo: 1.6681483944418987
inp_I_kappa: 0.12256307590566816
inp_I_topo: 0.674647724729849
input_weight: 0.16135025442425888
max_h_for_output: 5.0
mod_EE_weight: 0.28743090353263945
mod_EI_weight: 1.305468981473979
mod_IE_weight: 1.6933097012600127
mod_II_weight: 1.9457153067229869
n_actions: 3
n_bottom_up: 67
n_cue_tuned: 2
n_exc: 2000
n_fix_tuned: 1
n_hidden: 2500
n_inh: 500
n_motion_tuned: 64
n_reward_levels: 3
n_top_down: 10
n_top_down_hidden: 64
noise_input_sd: 0.0
noise_rnn_sd: 0.05
nonlinear_top_down: false
restrict_output_to_exc: false
rnn_weight: 0.07211273129704523
tc_modulator: 86.94915397937741
tc_soma: 100
td_E_kappa: 0.17763437662589887
td_E_topo: 0.45325959708800667
td_I_kappa: 0.19584160247277055
td_I_topo: 0.5506043704267867
td_weight: 0.08721234785767684
