EE_kappa: 0.1463207971694141
EE_topo: 0.46705259880003
EE_topo_mod: 2.414272558809962e-13
EI_kappa: 0.10893851193030116
EI_topo: 1.2689903204226223
EI_topo_mod: 6.502152441955252e-13
E_bias_mean: 0.0
E_bias_std: 1.0e-12
IE_kappa: 0.22946295074036233
IE_topo: 0.15395864926145775
IE_topo_mod: 1.0407189202857603e-13
II_kappa: 0.07759575353924852
II_topo: 0.33407786176251486
II_topo_mod: 4.723367121132138e-14
I_bias_mean: 0.0
I_bias_std: 1.0e-12
alpha_EE: 0.2392610518200432
alpha_EI: 0.001614013727064867
alpha_II: 0.296365336471165
dt: 20
filename: results_604715b5-bb4c-451e-81ee-d06da53885b9.pkl
init_exc: 0.2
init_inh: 0.4
init_mod: 0.1
inp_E_kappa: 0.1415301612635254
inp_E_topo: 1.369761877198807
inp_I_kappa: 0.08602467272753739
inp_I_topo: 1.0381039966055714
input_weight: 0.10899274694282927
max_h_for_output: 5.0
mod_EE_weight: 1.0178433209534583
mod_EI_weight: 1.215244357308906
mod_IE_weight: 0.9032129358522505
mod_II_weight: 0.4612748304637131
n_actions: 3
n_bottom_up: 67
n_cue_tuned: 2
n_exc: 2000
n_fix_tuned: 1
n_hidden: 2500
n_inh: 500
n_motion_tuned: 64
n_reward_levels: 3
n_top_down: 10
n_top_down_hidden: 64
noise_input_sd: 0.0
noise_rnn_sd: 0.05
nonlinear_top_down: false
restrict_output_to_exc: false
rnn_weight: 0.19818259555226025
tc_modulator: 73.89169522828375
tc_soma: 100
td_E_kappa: 0.17397588775700368
td_E_topo: 1.3837919278428619
td_I_kappa: 0.20238858237866708
td_I_topo: 1.6955997951622181
td_weight: 0.08721234785767684
