EE_kappa: 0.06013023020945081
EE_topo: 1.5820258051977578
EE_topo_mod: 6.777933747444528e-13
EI_kappa: 0.08957665279384824
EI_topo: 1.2338641270173123
EI_topo_mod: 7.981137322096113e-13
E_bias_mean: 0.0
E_bias_std: 1.0e-12
IE_kappa: 0.09072064034235978
IE_topo: 1.1006514227545086
IE_topo_mod: 4.13355412278138e-13
II_kappa: 0.06271702963981006
II_topo: 0.0832060087745754
II_topo_mod: 4.4461149758767024e-13
I_bias_mean: 0.0
I_bias_std: 1.0e-12
alpha_EE: 0.12455820801666861
alpha_EI: 0.09476750070633876
alpha_II: 0.12457302066235568
dt: 20
filename: results_71a98f37-aed4-4bf6-afa4-88c6abbc7c03.pkl
init_exc: 0.2
init_inh: 0.4
init_mod: 0.1
inp_E_kappa: 0.2078683359560688
inp_E_topo: 1.8512443551655429
inp_I_kappa: 0.07737189096969484
inp_I_topo: 0.37374764702538465
input_weight: 0.11603856892523588
max_h_for_output: 5.0
mod_EE_weight: 1.7928553178933744
mod_EI_weight: 0.9001685284639875
mod_IE_weight: 1.5257003586900484
mod_II_weight: 0.7031480441052276
n_actions: 3
n_bottom_up: 67
n_cue_tuned: 2
n_exc: 2000
n_fix_tuned: 1
n_hidden: 2500
n_inh: 500
n_motion_tuned: 64
n_reward_levels: 3
n_top_down: 10
n_top_down_hidden: 64
noise_input_sd: 0.0
noise_rnn_sd: 0.05
nonlinear_top_down: false
restrict_output_to_exc: false
rnn_weight: 0.15528296807108227
tc_modulator: 77.58060965690925
tc_soma: 100
td_E_kappa: 0.17869561138690704
td_E_topo: 0.9907276002509953
td_I_kappa: 0.24216685003304733
td_I_topo: 0.39184049076588745
td_weight: 0.08721234785767684
