EE_kappa: 0.06918187228342353
EE_topo: 0.9034564333870629
EE_topo_mod: 4.591486318723449e-13
EI_kappa: 0.07878885713392694
EI_topo: 1.7878298229345626
EI_topo_mod: 9.61969564987168e-13
E_bias_mean: 0.0
E_bias_std: 1.0e-12
IE_kappa: 0.21041362108071815
IE_topo: 0.1838161837965464
IE_topo_mod: 9.046620899411108e-13
II_kappa: 0.1265541320219269
II_topo: 1.709529341433659
II_topo_mod: 9.092203747029991e-13
I_bias_mean: 0.0
I_bias_std: 1.0e-12
alpha_EE: 0.20369192539116923
alpha_EI: 0.07874776679884778
alpha_II: 0.19172416016211516
dt: 20
filename: results_bdfd2021-7a5a-42d9-982b-dd607b6314df.pkl
init_exc: 0.2
init_inh: 0.4
init_mod: 0.1
inp_E_kappa: 0.2359254071109117
inp_E_topo: 1.4607984239268221
inp_I_kappa: 0.08428145751910143
inp_I_topo: 0.24837624764305244
input_weight: 0.07878256051615552
max_h_for_output: 5.0
mod_EE_weight: 0.38466633238039916
mod_EI_weight: 1.4345701682700074
mod_IE_weight: 1.0290958817751443
mod_II_weight: 0.4896728438392315
n_actions: 3
n_bottom_up: 67
n_cue_tuned: 2
n_exc: 2000
n_fix_tuned: 1
n_hidden: 2500
n_inh: 500
n_motion_tuned: 64
n_reward_levels: 3
n_top_down: 10
n_top_down_hidden: 64
noise_input_sd: 0.0
noise_rnn_sd: 0.05
nonlinear_top_down: false
restrict_output_to_exc: false
rnn_weight: 0.1223851908817142
tc_modulator: 92.46629620251049
tc_soma: 100
td_E_kappa: 0.23647613938907813
td_E_topo: 0.33280166160358515
td_I_kappa: 0.1408841746057079
td_I_topo: 1.5746956133386287
td_weight: 0.08721234785767684
