EE_kappa: 0.0600346804025991
EE_topo: 0.35446416066000386
EE_topo_mod: 9.422529300761623e-13
EI_kappa: 0.13949284059411793
EI_topo: 1.566002741481223
EI_topo_mod: 7.872429927457453e-13
E_bias_mean: 0.0
E_bias_std: 1.0e-12
IE_kappa: 0.11694988454847764
IE_topo: 0.5029085049121815
IE_topo_mod: 3.6399088713562886e-13
II_kappa: 0.2312567195916036
II_topo: 1.874485184316039
II_topo_mod: 7.899428796358224e-13
I_bias_mean: 0.0
I_bias_std: 1.0e-12
alpha_EE: 0.056765244709384294
alpha_EI: 0.05481830115012804
alpha_II: 0.26936143664596235
dt: 20
filename: results_5b27a238-8b3f-4019-8c47-6a3cde2b6df4.pkl
init_exc: 0.2
init_inh: 0.4
init_mod: 0.1
inp_E_kappa: 0.20624315930413173
inp_E_topo: 0.6149164015756865
inp_I_kappa: 0.1507640297173659
inp_I_topo: 0.38590026485192697
input_weight: 0.08066859644352363
max_h_for_output: 5.0
mod_EE_weight: 0.04497127484140573
mod_EI_weight: 1.9224410501717022
mod_IE_weight: 0.9330413876756809
mod_II_weight: 0.3807991921637617
n_actions: 3
n_bottom_up: 67
n_cue_tuned: 2
n_exc: 2000
n_fix_tuned: 1
n_hidden: 2500
n_inh: 500
n_motion_tuned: 64
n_reward_levels: 3
n_top_down: 10
n_top_down_hidden: 64
noise_input_sd: 0.0
noise_rnn_sd: 0.05
nonlinear_top_down: false
restrict_output_to_exc: false
rnn_weight: 0.12692219468853477
tc_modulator: 96.402757492632
tc_soma: 100
td_E_kappa: 0.1851702719384829
td_E_topo: 0.6460828037792008
td_I_kappa: 0.1779865571993356
td_I_topo: 0.6496384414215044
td_weight: 0.08721234785767684
