EE_kappa: 0.06074626873020775
EE_topo: 0.909902572769683
EE_topo_mod: 7.944302871074101e-13
EI_kappa: 0.1793963829175264
EI_topo: 0.2649071079622951
EI_topo_mod: 8.253274026115307e-13
E_bias_mean: 0.0
E_bias_std: 1.0e-12
IE_kappa: 0.1057135680180136
IE_topo: 0.9774870786704057
IE_topo_mod: 3.9686715809538575e-13
II_kappa: 0.2465821211245658
II_topo: 0.5887155921562328
II_topo_mod: 2.880523503368001e-13
I_bias_mean: 0.0
I_bias_std: 1.0e-12
alpha_EE: 0.1489387469119932
alpha_EI: 0.13357875728439644
alpha_II: 0.07961544960938398
dt: 20
filename: results_7b3c0fc2-6cef-4896-8d47-ae3f472fdd67.pkl
init_exc: 0.2
init_inh: 0.4
init_mod: 0.1
inp_E_kappa: 0.12814667043841566
inp_E_topo: 0.29828330417239224
inp_I_kappa: 0.22787721133867284
inp_I_topo: 1.6406907114465257
input_weight: 0.0753090520048699
max_h_for_output: 5.0
mod_EE_weight: 1.595505883740108
mod_EI_weight: 0.4199057858221076
mod_IE_weight: 0.3430227648681776
mod_II_weight: 0.10094513619043921
n_actions: 3
n_bottom_up: 67
n_cue_tuned: 2
n_exc: 2000
n_fix_tuned: 1
n_hidden: 2500
n_inh: 500
n_motion_tuned: 64
n_reward_levels: 3
n_top_down: 10
n_top_down_hidden: 64
noise_input_sd: 0.0
noise_rnn_sd: 0.05
nonlinear_top_down: false
restrict_output_to_exc: false
rnn_weight: 0.17671867198015906
tc_modulator: 91.78324159502831
tc_soma: 100
td_E_kappa: 0.09104626078248686
td_E_topo: 0.3911279835430199
td_I_kappa: 0.1583548231807056
td_I_topo: 1.8712466365082017
td_weight: 0.08721234785767684
