EE_kappa: 0.05623403149428363
EE_topo: 0.5211884291610507
EE_topo_mod: 9.398092456326275e-13
EI_kappa: 0.08091494754500682
EI_topo: 1.1721099334701768
EI_topo_mod: 2.29674955720089e-13
E_bias_mean: 0.0
E_bias_std: 1.0e-12
IE_kappa: 0.21175867360379558
IE_topo: 0.10086804443694364
IE_topo_mod: 4.107183209215255e-13
II_kappa: 0.2062461906204036
II_topo: 1.2580467500766168
II_topo_mod: 8.391503440337792e-13
I_bias_mean: 0.0
I_bias_std: 1.0e-12
alpha_EE: 0.09944347568309093
alpha_EI: 0.044068207835269324
alpha_II: 0.17836092708624277
dt: 20
filename: results_4426c147-e284-4197-9afe-e998cb02daef.pkl
init_exc: 0.2
init_inh: 0.4
init_mod: 0.1
inp_E_kappa: 0.0721883689391954
inp_E_topo: 0.8416116845305239
inp_I_kappa: 0.22754944087722845
inp_I_topo: 0.024622255472582344
input_weight: 0.15159852342162378
max_h_for_output: 5.0
mod_EE_weight: 1.206274684032349
mod_EI_weight: 0.384053578212459
mod_IE_weight: 0.12045458007234355
mod_II_weight: 0.9711349305345773
n_actions: 3
n_bottom_up: 67
n_cue_tuned: 2
n_exc: 2000
n_fix_tuned: 1
n_hidden: 2500
n_inh: 500
n_motion_tuned: 64
n_reward_levels: 3
n_top_down: 10
n_top_down_hidden: 64
noise_input_sd: 0.0
noise_rnn_sd: 0.05
nonlinear_top_down: false
restrict_output_to_exc: false
rnn_weight: 0.1229420951732475
tc_modulator: 80.1154248353524
tc_soma: 100
td_E_kappa: 0.05645803452910583
td_E_topo: 1.0003671289399423
td_I_kappa: 0.236257380678686
td_I_topo: 0.3259555722014176
td_weight: 0.08721234785767684
