EE_kappa: 0.11996667985880467
EE_topo: 0.5416656073342383
EE_topo_mod: 4.2914622866224163e-13
EI_kappa: 0.1775777217490831
EI_topo: 0.49138051349306155
EI_topo_mod: 7.876065612901055e-13
E_bias_mean: 0.0
E_bias_std: 1.0e-12
IE_kappa: 0.241515686894122
IE_topo: 0.7769511574374643
IE_topo_mod: 9.461082225352347e-14
II_kappa: 0.1622663001499634
II_topo: 1.0771263873334045
II_topo_mod: 4.169817000878828e-13
I_bias_mean: 0.0
I_bias_std: 1.0e-12
alpha_EE: 0.17164475047356229
alpha_EI: 0.01881401577781444
alpha_II: 0.08341333067536184
dt: 20
filename: results_502fe45d-ab16-4395-a2ee-8e2bcc815ed6.pkl
init_exc: 0.2
init_inh: 0.4
init_mod: 0.1
inp_E_kappa: 0.17499492067916383
inp_E_topo: 1.4512087485817986
inp_I_kappa: 0.17820850297565077
inp_I_topo: 0.44482348007081707
input_weight: 0.089113391207601
max_h_for_output: 5.0
mod_EE_weight: 1.457989150051296
mod_EI_weight: 0.9624082128799116
mod_IE_weight: 1.557478509500595
mod_II_weight: 0.08920441561559289
n_actions: 3
n_bottom_up: 67
n_cue_tuned: 2
n_exc: 2000
n_fix_tuned: 1
n_hidden: 2500
n_inh: 500
n_motion_tuned: 64
n_reward_levels: 3
n_top_down: 10
n_top_down_hidden: 64
noise_input_sd: 0.0
noise_rnn_sd: 0.05
nonlinear_top_down: false
restrict_output_to_exc: false
rnn_weight: 0.17985953463293397
tc_modulator: 77.03893699708414
tc_soma: 100
td_E_kappa: 0.09788468778161259
td_E_topo: 1.6737818274725416
td_I_kappa: 0.14126997084558238
td_I_topo: 0.05680859854099096
td_weight: 0.08721234785767684
