EE_kappa: 0.08682917151488212
EE_topo: 0.9876089052044505
EE_topo_mod: 4.762634344450278e-13
EI_kappa: 0.05082207614234771
EI_topo: 0.3352112067675521
EI_topo_mod: 9.305411024385844e-13
E_bias_mean: 0.0
E_bias_std: 1.0e-12
IE_kappa: 0.23096306460579163
IE_topo: 1.9015219955526343
IE_topo_mod: 9.802377598457705e-13
II_kappa: 0.09122041300275657
II_topo: 1.2834943962330343
II_topo_mod: 3.8208546498064064e-13
I_bias_mean: 0.0
I_bias_std: 1.0e-12
alpha_EE: 0.05091316831801563
alpha_EI: 0.09126621852401333
alpha_II: 0.23008999490114695
dt: 20
filename: results_234b7c7b-1fab-4920-929f-dc9cd01c3958.pkl
init_exc: 0.2
init_inh: 0.4
init_mod: 0.1
inp_E_kappa: 0.056525536238412145
inp_E_topo: 1.3796752373292
inp_I_kappa: 0.16542235797241922
inp_I_topo: 0.884502017158016
input_weight: 0.11825363121504988
max_h_for_output: 5.0
mod_EE_weight: 0.9457749680775356
mod_EI_weight: 0.9774724916360784
mod_IE_weight: 0.4681723091467349
mod_II_weight: 0.941323681378415
n_actions: 3
n_bottom_up: 67
n_cue_tuned: 2
n_exc: 2000
n_fix_tuned: 1
n_hidden: 2500
n_inh: 500
n_motion_tuned: 64
n_reward_levels: 3
n_top_down: 10
n_top_down_hidden: 64
noise_input_sd: 0.0
noise_rnn_sd: 0.05
nonlinear_top_down: false
restrict_output_to_exc: false
rnn_weight: 0.14742401003989347
tc_modulator: 59.64455480400019
tc_soma: 100
td_E_kappa: 0.06944347455453226
td_E_topo: 1.7375267050292198
td_I_kappa: 0.15467296622012963
td_I_topo: 1.3163325689823167
td_weight: 0.08721234785767684
