EE_kappa: 0.05789700113748371
EE_topo: 1.1228423714689335
EE_topo_mod: 9.60987663336042e-13
EI_kappa: 0.09453243284661256
EI_topo: 1.045220483699525
EI_topo_mod: 2.3167160582413146e-13
E_bias_mean: 0.0
E_bias_std: 1.0e-12
IE_kappa: 0.1728702778140956
IE_topo: 0.20490052185618968
IE_topo_mod: 8.811561789042179e-13
II_kappa: 0.07152101169435038
II_topo: 1.5803978751991616
II_topo_mod: 5.368349021616106e-13
I_bias_mean: 0.0
I_bias_std: 1.0e-12
alpha_EE: 0.023327102394526598
alpha_EI: 0.01161944864864548
alpha_II: 0.2535447565096984
dt: 20
filename: results_7df88d51-a222-41c2-926d-b05d0d77a7e3.pkl
init_exc: 0.2
init_inh: 0.4
init_mod: 0.1
inp_E_kappa: 0.21253526151611085
inp_E_topo: 1.7323096224252157
inp_I_kappa: 0.1880670703063394
inp_I_topo: 0.12160962738559844
input_weight: 0.09362196333655151
max_h_for_output: 5.0
mod_EE_weight: 0.17806902175083517
mod_EI_weight: 0.30703396890314627
mod_IE_weight: 1.5913847223568003
mod_II_weight: 1.6557065033440934
n_actions: 3
n_bottom_up: 67
n_cue_tuned: 2
n_exc: 2000
n_fix_tuned: 1
n_hidden: 2500
n_inh: 500
n_motion_tuned: 64
n_reward_levels: 3
n_top_down: 10
n_top_down_hidden: 64
noise_input_sd: 0.0
noise_rnn_sd: 0.05
nonlinear_top_down: false
restrict_output_to_exc: false
rnn_weight: 0.18505102252525418
tc_modulator: 94.15236368910902
tc_soma: 100
td_E_kappa: 0.20980724649435006
td_E_topo: 0.304569178695556
td_I_kappa: 0.14983517526391665
td_I_topo: 1.7576479150472613
td_weight: 0.08721234785767684
