EE_kappa: 0.05812597521984671
EE_topo: 1.0404922459170558
EE_topo_mod: 2.6747211618864375e-13
EI_kappa: 0.0803670154388958
EI_topo: 0.08668343587281391
EI_topo_mod: 5.186360902244687e-13
E_bias_mean: 0.0
E_bias_std: 1.0e-12
IE_kappa: 0.17247865669202805
IE_topo: 0.5789322289072059
IE_topo_mod: 3.56405617808629e-13
II_kappa: 0.17681844771578842
II_topo: 0.6385487854283463
II_topo_mod: 9.102177114408665e-13
I_bias_mean: 0.0
I_bias_std: 1.0e-12
alpha_EE: 0.18581760032399508
alpha_EI: 0.14804227255357916
alpha_II: 0.07025624003126099
dt: 20
filename: results_1ab56609-3a19-4e17-8e19-69f58105fa7b.pkl
init_exc: 0.2
init_inh: 0.4
init_mod: 0.1
inp_E_kappa: 0.21846275966491718
inp_E_topo: 1.0013023564729437
inp_I_kappa: 0.1771322034298755
inp_I_topo: 1.5109956406649308
input_weight: 0.1440599309907981
max_h_for_output: 5.0
mod_EE_weight: 1.6796466148471074
mod_EI_weight: 1.765873336157459
mod_IE_weight: 0.4564138074358115
mod_II_weight: 0.7323134189830094
n_actions: 3
n_bottom_up: 67
n_cue_tuned: 2
n_exc: 2000
n_fix_tuned: 1
n_hidden: 2500
n_inh: 500
n_motion_tuned: 64
n_reward_levels: 3
n_top_down: 10
n_top_down_hidden: 64
noise_input_sd: 0.0
noise_rnn_sd: 0.05
nonlinear_top_down: false
restrict_output_to_exc: false
rnn_weight: 0.11317402309287658
tc_modulator: 54.368631302181086
tc_soma: 100
td_E_kappa: 0.17895136514148768
td_E_topo: 0.5749209904582533
td_I_kappa: 0.1732130814062009
td_I_topo: 0.43961125336025586
td_weight: 0.08721234785767684
