EE_kappa: 0.09637165149627558
EE_topo: 1.17194690925136
EE_topo_mod: 6.345282828613685e-16
EI_kappa: 0.16889817932439288
EI_topo: 1.1984137668130395
EI_topo_mod: 5.866389095547827e-13
E_bias_mean: 0.0
E_bias_std: 1.0e-12
IE_kappa: 0.17735455359645502
IE_topo: 0.13685082353389344
IE_topo_mod: 1.116011637087e-14
II_kappa: 0.15666594952597446
II_topo: 0.6081215489979415
II_topo_mod: 1.8580660316134756e-13
I_bias_mean: 0.0
I_bias_std: 1.0e-12
alpha_EE: 0.21943420729535928
alpha_EI: 0.1426093943300982
alpha_II: 0.009178523406610762
dt: 20
filename: results_3c7e35e7-e03b-465a-81e5-9955cd59b710.pkl
init_exc: 0.2
init_inh: 0.4
init_mod: 0.1
inp_E_kappa: 0.2276929211757841
inp_E_topo: 0.6935803764104498
inp_I_kappa: 0.24895638593643504
inp_I_topo: 1.3049224434725235
input_weight: 0.14653516459659877
max_h_for_output: 5.0
mod_EE_weight: 0.955249038694785
mod_EI_weight: 0.6172021990020551
mod_IE_weight: 0.2411718262898208
mod_II_weight: 0.362839791400264
n_actions: 3
n_bottom_up: 67
n_cue_tuned: 2
n_exc: 2000
n_fix_tuned: 1
n_hidden: 2500
n_inh: 500
n_motion_tuned: 64
n_reward_levels: 3
n_top_down: 10
n_top_down_hidden: 64
noise_input_sd: 0.0
noise_rnn_sd: 0.05
nonlinear_top_down: false
restrict_output_to_exc: false
rnn_weight: 0.11258189851235842
tc_modulator: 85.04401038609633
tc_soma: 100
td_E_kappa: 0.15267000119839785
td_E_topo: 0.9671009589156152
td_I_kappa: 0.19045698648051518
td_I_topo: 1.914443350409655
td_weight: 0.08721234785767684
