EE_kappa: 0.09452112586579667
EE_topo: 0.19316609836804255
EE_topo_mod: 3.7776799824158756e-13
EI_kappa: 0.1373658784115835
EI_topo: 1.271957279223587
EI_topo_mod: 8.227779923493657e-13
E_bias_mean: 0.0
E_bias_std: 1.0e-12
IE_kappa: 0.11028405413546481
IE_topo: 0.26970403794696063
IE_topo_mod: 8.404086140709384e-13
II_kappa: 0.11898229943140073
II_topo: 1.4708764094667368
II_topo_mod: 4.636335799047544e-13
I_bias_mean: 0.0
I_bias_std: 1.0e-12
alpha_EE: 0.14398427748989717
alpha_EI: 0.29044037772082665
alpha_II: 0.1657928705621525
dt: 20
filename: results_807cea79-8a0f-4225-aac3-791cfbd04b90.pkl
init_exc: 0.2
init_inh: 0.4
init_mod: 0.1
inp_E_kappa: 0.17135758054943784
inp_E_topo: 0.6073653081834938
inp_I_kappa: 0.23313581555022722
inp_I_topo: 1.66277213321882
input_weight: 0.10403731623647709
max_h_for_output: 5.0
mod_EE_weight: 1.8479032521888774
mod_EI_weight: 1.6765900935943356
mod_IE_weight: 0.36215933408525225
mod_II_weight: 0.19486345724551102
n_actions: 3
n_bottom_up: 67
n_cue_tuned: 2
n_exc: 2000
n_fix_tuned: 1
n_hidden: 2500
n_inh: 500
n_motion_tuned: 64
n_reward_levels: 3
n_top_down: 10
n_top_down_hidden: 64
noise_input_sd: 0.0
noise_rnn_sd: 0.05
nonlinear_top_down: false
restrict_output_to_exc: false
rnn_weight: 0.18198260360810298
tc_modulator: 27.37108962726726
tc_soma: 100
td_E_kappa: 0.1761866576831821
td_E_topo: 1.068440815091748
td_I_kappa: 0.246687260059971
td_I_topo: 1.7973092387645857
td_weight: 0.08721234785767684
