EE_kappa: 0.052643076593797904
EE_topo: 0.5199339471264723
EE_topo_mod: 1.1978570304192316e-13
EI_kappa: 0.08826984836765224
EI_topo: 0.037321193517700246
EI_topo_mod: 8.259750262114299e-13
E_bias_mean: 0.0
E_bias_std: 1.0e-12
IE_kappa: 0.15817406651638405
IE_topo: 1.104313869152156
IE_topo_mod: 3.778075347292604e-13
II_kappa: 0.20908205224983983
II_topo: 0.23466824277373455
II_topo_mod: 4.785197309942275e-13
I_bias_mean: 0.0
I_bias_std: 1.0e-12
alpha_EE: 0.29519814065200284
alpha_EI: 0.07452162856325446
alpha_II: 0.23588503265733962
dt: 20
filename: results_d1c5416b-01f2-429b-b27e-d9781314dcde.pkl
init_exc: 0.2
init_inh: 0.4
init_mod: 0.1
inp_E_kappa: 0.08969220683219553
inp_E_topo: 1.4784088656916328
inp_I_kappa: 0.21316905570423433
inp_I_topo: 1.6675261196477764
input_weight: 0.13334201834974935
max_h_for_output: 5.0
mod_EE_weight: 0.6958152921106844
mod_EI_weight: 0.1302559948004578
mod_IE_weight: 0.7147295780522411
mod_II_weight: 0.17794347525292964
n_actions: 3
n_bottom_up: 67
n_cue_tuned: 2
n_exc: 2000
n_fix_tuned: 1
n_hidden: 2500
n_inh: 500
n_motion_tuned: 64
n_reward_levels: 3
n_top_down: 10
n_top_down_hidden: 64
noise_input_sd: 0.0
noise_rnn_sd: 0.05
nonlinear_top_down: false
restrict_output_to_exc: false
rnn_weight: 0.15268077890986426
tc_modulator: 71.92132247108754
tc_soma: 100
td_E_kappa: 0.08222706646893452
td_E_topo: 0.3797734744440142
td_I_kappa: 0.05625136894948382
td_I_topo: 0.5236253088918301
td_weight: 0.08721234785767684
