EE_kappa: 0.054293344118837863
EE_topo: 1.9340667099204645
EE_topo_mod: 4.73901894883763e-13
EI_kappa: 0.07537920799811054
EI_topo: 1.075676512782207
EI_topo_mod: 5.573966747664813e-13
E_bias_mean: 0.0
E_bias_std: 1.0e-12
IE_kappa: 0.19442781483437405
IE_topo: 1.580092979621475
IE_topo_mod: 8.77220681345599e-13
II_kappa: 0.11470573644523606
II_topo: 0.9588692388121245
II_topo_mod: 7.430964084639391e-14
I_bias_mean: 0.0
I_bias_std: 1.0e-12
alpha_EE: 0.22216071527822082
alpha_EI: 0.10607219534638086
alpha_II: 0.12325875332214196
dt: 20
filename: results_3cdac34e-4375-448c-b831-d083387954cb.pkl
init_exc: 0.2
init_inh: 0.4
init_mod: 0.1
inp_E_kappa: 0.06362124889356496
inp_E_topo: 1.8708689750832657
inp_I_kappa: 0.15113655157255595
inp_I_topo: 0.18471261676852957
input_weight: 0.1422138552485398
max_h_for_output: 5.0
mod_EE_weight: 1.9964577016608762
mod_EI_weight: 1.5795564864337466
mod_IE_weight: 1.8062218925925224
mod_II_weight: 1.0801754562793262
n_actions: 3
n_bottom_up: 67
n_cue_tuned: 2
n_exc: 2000
n_fix_tuned: 1
n_hidden: 2500
n_inh: 500
n_motion_tuned: 64
n_reward_levels: 3
n_top_down: 10
n_top_down_hidden: 64
noise_input_sd: 0.0
noise_rnn_sd: 0.05
nonlinear_top_down: false
restrict_output_to_exc: false
rnn_weight: 0.11779549450656915
tc_modulator: 21.204266132836267
tc_soma: 100
td_E_kappa: 0.09170757499814808
td_E_topo: 1.0410626852482572
td_I_kappa: 0.06029412256944238
td_I_topo: 1.0572054762684429
td_weight: 0.08721234785767684
