EE_kappa: 0.1149599163023878
EE_topo: 0.5113347379749951
EE_topo_mod: 8.438263366854885e-13
EI_kappa: 0.1774932368886119
EI_topo: 0.2327101706558723
EI_topo_mod: 4.718478603070521e-13
E_bias_mean: 0.0
E_bias_std: 1.0e-12
IE_kappa: 0.1547843425522727
IE_topo: 1.0426697542613594
IE_topo_mod: 7.637253271730507e-13
II_kappa: 0.17647321444571584
II_topo: 0.3111959116013723
II_topo_mod: 6.243215902271537e-14
I_bias_mean: 0.0
I_bias_std: 1.0e-12
alpha_EE: 0.08705360334371301
alpha_EI: 0.010494981865510998
alpha_II: 0.02517424515953649
dt: 20
filename: results_49742f7f-556d-47c9-8adc-06b3e67c8d23.pkl
init_exc: 0.2
init_inh: 0.4
init_mod: 0.1
inp_E_kappa: 0.08590686481048607
inp_E_topo: 0.720122585080234
inp_I_kappa: 0.15806401539434084
inp_I_topo: 1.8600856285889205
input_weight: 0.11274174314856471
max_h_for_output: 5.0
mod_EE_weight: 0.29118620278778806
mod_EI_weight: 1.9550751047770591
mod_IE_weight: 0.9399539640302739
mod_II_weight: 0.526908321605321
n_actions: 3
n_bottom_up: 67
n_cue_tuned: 2
n_exc: 2000
n_fix_tuned: 1
n_hidden: 2500
n_inh: 500
n_motion_tuned: 64
n_reward_levels: 3
n_top_down: 10
n_top_down_hidden: 64
noise_input_sd: 0.0
noise_rnn_sd: 0.05
nonlinear_top_down: false
restrict_output_to_exc: false
rnn_weight: 0.18204678712907169
tc_modulator: 82.47925877943851
tc_soma: 100
td_E_kappa: 0.22143093092561267
td_E_topo: 1.6110439798873468
td_I_kappa: 0.10451389609887332
td_I_topo: 1.9169831282102356
td_weight: 0.08721234785767684
