EE_kappa: 0.055202272408605674
EE_topo: 1.797966686145413
EE_topo_mod: 8.016596542202198e-13
EI_kappa: 0.05189130751486753
EI_topo: 1.8235897015226388
EI_topo_mod: 6.556012015957939e-13
E_bias_mean: 0.0
E_bias_std: 1.0e-12
IE_kappa: 0.20838682707413408
IE_topo: 0.7969452073645955
IE_topo_mod: 9.559464130852625e-13
II_kappa: 0.16747179885433494
II_topo: 1.1212621526571678
II_topo_mod: 3.893726719590432e-13
I_bias_mean: 0.0
I_bias_std: 1.0e-12
alpha_EE: 0.01783003742027518
alpha_EI: 0.16150143721539773
alpha_II: 0.2352263849480859
dt: 20
filename: results_6abd8ffd-d7ea-473f-9eb8-4e13aed82683.pkl
init_exc: 0.2
init_inh: 0.4
init_mod: 0.1
inp_E_kappa: 0.15542857730454085
inp_E_topo: 1.03845253091765
inp_I_kappa: 0.11329798920282641
inp_I_topo: 1.8904524470819375
input_weight: 0.13637630888094085
max_h_for_output: 5.0
mod_EE_weight: 1.726348413572454
mod_EI_weight: 0.6264381619892669
mod_IE_weight: 0.6132290603320634
mod_II_weight: 0.5718339935861676
n_actions: 3
n_bottom_up: 67
n_cue_tuned: 2
n_exc: 2000
n_fix_tuned: 1
n_hidden: 2500
n_inh: 500
n_motion_tuned: 64
n_reward_levels: 3
n_top_down: 10
n_top_down_hidden: 64
noise_input_sd: 0.0
noise_rnn_sd: 0.05
nonlinear_top_down: false
restrict_output_to_exc: false
rnn_weight: 0.13279950751854608
tc_modulator: 76.61800116220411
tc_soma: 100
td_E_kappa: 0.2064910426350557
td_E_topo: 0.7741771700462341
td_I_kappa: 0.1618467363759061
td_I_topo: 0.6202628404203068
td_weight: 0.08721234785767684
