EE_kappa: 0.06578969096969348
EE_topo: 1.1216975743837507
EE_topo_mod: 4.888984090366583e-13
EI_kappa: 0.0908515514740153
EI_topo: 1.9134869436741067
EI_topo_mod: 6.555796987332155e-13
E_bias_mean: 0.0
E_bias_std: 1.0e-12
IE_kappa: 0.20734157085866017
IE_topo: 1.4289295896680625
IE_topo_mod: 9.244446743341724e-13
II_kappa: 0.20494557054025875
II_topo: 1.5425867850426134
II_topo_mod: 9.573016316004478e-13
I_bias_mean: 0.0
I_bias_std: 1.0e-12
alpha_EE: 0.0897195285973464
alpha_EI: 0.11501510926527068
alpha_II: 0.005989179787599608
dt: 20
filename: results_b8201eac-f922-47e5-ac33-3bede28c4866.pkl
init_exc: 0.2
init_inh: 0.4
init_mod: 0.1
inp_E_kappa: 0.20176166919927502
inp_E_topo: 1.7093852094596707
inp_I_kappa: 0.22412687136671816
inp_I_topo: 1.052464071230671
input_weight: 0.1085990442242063
max_h_for_output: 5.0
mod_EE_weight: 0.47298210205379365
mod_EI_weight: 1.8134135426273517
mod_IE_weight: 1.075319962437644
mod_II_weight: 1.52170298822397
n_actions: 3
n_bottom_up: 67
n_cue_tuned: 2
n_exc: 2000
n_fix_tuned: 1
n_hidden: 2500
n_inh: 500
n_motion_tuned: 64
n_reward_levels: 3
n_top_down: 10
n_top_down_hidden: 64
noise_input_sd: 0.0
noise_rnn_sd: 0.05
nonlinear_top_down: false
restrict_output_to_exc: false
rnn_weight: 0.15581742001346788
tc_modulator: 37.6937292127856
tc_soma: 100
td_E_kappa: 0.1940474276712656
td_E_topo: 1.3906223539842368
td_I_kappa: 0.1966617361038932
td_I_topo: 1.045085800127105
td_weight: 0.08721234785767684
