EE_kappa: 0.10982234682689658
EE_topo: 0.34990886781466624
EE_topo_mod: 2.9311744382674287e-13
EI_kappa: 0.15858396220314047
EI_topo: 0.9521877567913293
EI_topo_mod: 8.574479564352865e-13
E_bias_mean: 0.0
E_bias_std: 1.0e-12
IE_kappa: 0.2000048533213059
IE_topo: 1.4037375840308774
IE_topo_mod: 8.208683907672691e-13
II_kappa: 0.20306486710424954
II_topo: 1.2438109421095396
II_topo_mod: 7.797871084189046e-13
I_bias_mean: 0.0
I_bias_std: 1.0e-12
alpha_EE: 0.09162726659057613
alpha_EI: 0.054263513154553286
alpha_II: 0.0086138401631346
dt: 20
filename: results_targeted_3c7f3634-0796-414d-ae20-21dd868b2b54.pkl
init_exc: 0.2
init_inh: 0.4
init_mod: 0.1
inp_E_kappa: 0.0775613989126335
inp_E_topo: 1.306008540232138
inp_I_kappa: 0.22510084949329873
inp_I_topo: 1.6772714789852934
input_weight: 0.1756101437542627
max_h_for_output: 5.0
mod_EE_weight: 0.3074224005416779
mod_EI_weight: 0.5592335939246781
mod_IE_weight: 0.6772116318178766
mod_II_weight: 0.36819967957056976
n_actions: 3
n_bottom_up: 67
n_cue_tuned: 2
n_exc: 2000
n_fix_tuned: 1
n_hidden: 2500
n_inh: 500
n_motion_tuned: 64
n_reward_levels: 3
n_top_down: 10
n_top_down_hidden: 64
noise_input_sd: 0.0
noise_rnn_sd: 0.05
nonlinear_top_down: false
restrict_output_to_exc: false
rnn_weight: 0.16886197765533947
tc_modulator: 54.13740707291161
tc_soma: 100
td_E_kappa: 0.21900257151136387
td_E_topo: 1.2688490787007334
td_I_kappa: 0.16284806318809864
td_I_topo: 0.5267828889006863
td_weight: 0.08721234785767684
