EE_kappa: 0.10811396542857032
EE_topo: 1.53783824444835
EE_topo_mod: 7.875569436405808e-13
EI_kappa: 0.22018516126227267
EI_topo: 1.3399119719900532
EI_topo_mod: 6.282178388011494e-13
E_bias_mean: 0.0
E_bias_std: 1.0e-12
IE_kappa: 0.1884226505453349
IE_topo: 0.659889496664096
IE_topo_mod: 2.299017677939635e-13
II_kappa: 0.22292459981159102
II_topo: 1.3283791600526684
II_topo_mod: 9.446267464399727e-13
I_bias_mean: 0.0
I_bias_std: 1.0e-12
alpha_EE: 0.01768922111551201
alpha_EI: 0.2770080881115144
alpha_II: 0.058121600091516845
dt: 20
filename: results_4bf7ff7c-0b8c-453c-ae20-3eec0b274b83.pkl
init_exc: 0.2
init_inh: 0.4
init_mod: 0.1
inp_E_kappa: 0.1907337296446613
inp_E_topo: 0.6180079464298229
inp_I_kappa: 0.12865767561609256
inp_I_topo: 1.9104774853785895
input_weight: 0.15326171132223504
max_h_for_output: 5.0
mod_EE_weight: 0.8707907400009745
mod_EI_weight: 0.2697929247030484
mod_IE_weight: 1.5124834231129038
mod_II_weight: 0.8251227317770851
n_actions: 3
n_bottom_up: 67
n_cue_tuned: 2
n_exc: 2000
n_fix_tuned: 1
n_hidden: 2500
n_inh: 500
n_motion_tuned: 64
n_reward_levels: 3
n_top_down: 10
n_top_down_hidden: 64
noise_input_sd: 0.0
noise_rnn_sd: 0.05
nonlinear_top_down: false
restrict_output_to_exc: false
rnn_weight: 0.13036376648169495
tc_modulator: 69.97695251611499
tc_soma: 100
td_E_kappa: 0.07439444774939503
td_E_topo: 0.9867490062262947
td_I_kappa: 0.16170034062662192
td_I_topo: 0.774884710253104
td_weight: 0.08721234785767684
