EE_kappa: 0.05771943699959628
EE_topo: 0.7312989882332293
EE_topo_mod: 3.194523695610371e-13
EI_kappa: 0.13943123319329492
EI_topo: 0.6551348203345766
EI_topo_mod: 5.560402679946242e-13
E_bias_mean: 0.0
E_bias_std: 1.0e-12
IE_kappa: 0.1217282167684132
IE_topo: 1.7865440857866135
IE_topo_mod: 5.486732789204834e-13
II_kappa: 0.13015236037127512
II_topo: 1.6091830455918197
II_topo_mod: 8.691647695954551e-13
I_bias_mean: 0.0
I_bias_std: 1.0e-12
alpha_EE: 0.1707359848553406
alpha_EI: 0.02812363305766361
alpha_II: 0.18303591855280407
dt: 20
filename: results_042476c5-0ed7-48eb-9117-92eb7026ef3f.pkl
init_exc: 0.2
init_inh: 0.4
init_mod: 0.1
inp_E_kappa: 0.06416783308782792
inp_E_topo: 0.6257623278038624
inp_I_kappa: 0.1491363593161405
inp_I_topo: 1.3623715850292226
input_weight: 0.19098586352663494
max_h_for_output: 5.0
mod_EE_weight: 1.1081804170388654
mod_EI_weight: 1.5865861272782202
mod_IE_weight: 0.08269920928132768
mod_II_weight: 0.004212593571590206
n_actions: 3
n_bottom_up: 67
n_cue_tuned: 2
n_exc: 2000
n_fix_tuned: 1
n_hidden: 2500
n_inh: 500
n_motion_tuned: 64
n_reward_levels: 3
n_top_down: 10
n_top_down_hidden: 64
noise_input_sd: 0.0
noise_rnn_sd: 0.05
nonlinear_top_down: false
restrict_output_to_exc: false
rnn_weight: 0.1294316229224344
tc_modulator: 64.31684216863869
tc_soma: 100
td_E_kappa: 0.2294243685099085
td_E_topo: 0.4681272351605892
td_I_kappa: 0.07082748096592328
td_I_topo: 1.6696482318761292
td_weight: 0.08721234785767684
