EE_kappa: 0.05838397056333882
EE_topo: 1.0542954629159345
EE_topo_mod: 8.173331193231049e-13
EI_kappa: 0.11131584497447432
EI_topo: 0.7272820744266895
EI_topo_mod: 2.91994745954564e-13
E_bias_mean: 0.0
E_bias_std: 1.0e-12
IE_kappa: 0.15190895346842126
IE_topo: 0.5546123630416533
IE_topo_mod: 2.3760547407192743e-13
II_kappa: 0.20183615382250153
II_topo: 0.7140666247339662
II_topo_mod: 3.9427197061539954e-13
I_bias_mean: 0.0
I_bias_std: 1.0e-12
alpha_EE: 0.05970936330233186
alpha_EI: 0.07350455024993353
alpha_II: 0.15487080008128176
dt: 20
filename: results_targeted_5bcbfe50-8afa-42e1-bac7-3697b94d2b79.pkl
init_exc: 0.2
init_inh: 0.4
init_mod: 0.1
inp_E_kappa: 0.17728324063243767
inp_E_topo: 1.7639024230773317
inp_I_kappa: 0.14462467857658184
inp_I_topo: 0.6195501195111279
input_weight: 0.13202784106843773
max_h_for_output: 5.0
mod_EE_weight: 0.9909394253164752
mod_EI_weight: 0.2292844258228448
mod_IE_weight: 0.31505285873282396
mod_II_weight: 0.3661783779877722
n_actions: 3
n_bottom_up: 67
n_cue_tuned: 2
n_exc: 2000
n_fix_tuned: 1
n_hidden: 2500
n_inh: 500
n_motion_tuned: 64
n_reward_levels: 3
n_top_down: 10
n_top_down_hidden: 64
noise_input_sd: 0.0
noise_rnn_sd: 0.05
nonlinear_top_down: false
restrict_output_to_exc: false
rnn_weight: 0.15433465854625805
tc_modulator: 60.86734190092759
tc_soma: 100
td_E_kappa: 0.09891428347963938
td_E_topo: 1.6338246318929222
td_I_kappa: 0.2296139885039668
td_I_topo: 1.6170369471583534
td_weight: 0.08721234785767684
