EE_kappa: 0.0761315242734231
EE_topo: 0.5378638406117546
EE_topo_mod: 6.212829260404798e-13
EI_kappa: 0.18543039086335356
EI_topo: 0.11042432177893113
EI_topo_mod: 8.338797766093359e-13
E_bias_mean: 0.0
E_bias_std: 1.0e-12
IE_kappa: 0.10599312644220514
IE_topo: 1.720915151628541
IE_topo_mod: 8.606891169066151e-13
II_kappa: 0.22048797297343037
II_topo: 1.1108244675664711
II_topo_mod: 3.625960361210719e-13
I_bias_mean: 0.0
I_bias_std: 1.0e-12
alpha_EE: 0.1538746943073969
alpha_EI: 0.03119523684837304
alpha_II: 0.11444832652297895
dt: 20
filename: results_853b5842-2650-4d65-b542-fa28b7f404ec.pkl
init_exc: 0.2
init_inh: 0.4
init_mod: 0.1
inp_E_kappa: 0.1873961578613066
inp_E_topo: 1.995854865323447
inp_I_kappa: 0.10633619109319203
inp_I_topo: 0.8352399081514212
input_weight: 0.17328480584529884
max_h_for_output: 5.0
mod_EE_weight: 0.6302385707269724
mod_EI_weight: 0.3990040451263015
mod_IE_weight: 0.566739502029356
mod_II_weight: 0.7239766923588393
n_actions: 3
n_bottom_up: 67
n_cue_tuned: 2
n_exc: 2000
n_fix_tuned: 1
n_hidden: 2500
n_inh: 500
n_motion_tuned: 64
n_reward_levels: 3
n_top_down: 10
n_top_down_hidden: 64
noise_input_sd: 0.0
noise_rnn_sd: 0.05
nonlinear_top_down: false
restrict_output_to_exc: false
rnn_weight: 0.1660665738133006
tc_modulator: 83.78865416458936
tc_soma: 100
td_E_kappa: 0.06501085380021543
td_E_topo: 1.583679196749869
td_I_kappa: 0.07362447832265046
td_I_topo: 1.6181617390821
td_weight: 0.08721234785767684
