EE_kappa: 0.06184719428660493
EE_topo: 0.6397642910012409
EE_topo_mod: 7.957680345162269e-13
EI_kappa: 0.07081714520836319
EI_topo: 0.6451335561202556
EI_topo_mod: 9.527362688776086e-14
E_bias_mean: 0.0
E_bias_std: 1.0e-12
IE_kappa: 0.2112700569380433
IE_topo: 0.5143862410321896
IE_topo_mod: 5.0065936520891086e-14
II_kappa: 0.15752187179163052
II_topo: 1.4208417168864294
II_topo_mod: 1.079917103250112e-13
I_bias_mean: 0.0
I_bias_std: 1.0e-12
alpha_EE: 0.17873898590691986
alpha_EI: 0.01814326796155383
alpha_II: 0.19344105101958012
dt: 20
filename: results_28a83534-ae49-4de3-b1e1-0e904f3b5ffd.pkl
init_exc: 0.2
init_inh: 0.4
init_mod: 0.1
inp_E_kappa: 0.08501938552856077
inp_E_topo: 1.4386148858777763
inp_I_kappa: 0.23279653232359526
inp_I_topo: 1.7873367150545538
input_weight: 0.19111329404045602
max_h_for_output: 5.0
mod_EE_weight: 0.2875067918441008
mod_EI_weight: 0.3620242380170886
mod_IE_weight: 0.8439143944339104
mod_II_weight: 0.41618127912502445
n_actions: 3
n_bottom_up: 67
n_cue_tuned: 2
n_exc: 2000
n_fix_tuned: 1
n_hidden: 2500
n_inh: 500
n_motion_tuned: 64
n_reward_levels: 3
n_top_down: 10
n_top_down_hidden: 64
noise_input_sd: 0.0
noise_rnn_sd: 0.05
nonlinear_top_down: false
restrict_output_to_exc: false
rnn_weight: 0.1555583203311104
tc_modulator: 35.50622859442079
tc_soma: 100
td_E_kappa: 0.08685822664677774
td_E_topo: 1.409056415386978
td_I_kappa: 0.0590644825864767
td_I_topo: 0.4476730957076327
td_weight: 0.08721234785767684
