EE_kappa: 0.09708356329015705
EE_topo: 1.0539616520436703
EE_topo_mod: 7.391004906477037e-13
EI_kappa: 0.19664296362257488
EI_topo: 1.8057076962110297
EI_topo_mod: 4.2727910531961953e-13
E_bias_mean: 0.0
E_bias_std: 1.0e-12
IE_kappa: 0.13954275858506154
IE_topo: 0.33633277813728446
IE_topo_mod: 7.721514687950458e-15
II_kappa: 0.19995937957929005
II_topo: 0.9383693804164546
II_topo_mod: 2.573237562708566e-13
I_bias_mean: 0.0
I_bias_std: 1.0e-12
alpha_EE: 0.11213686590246301
alpha_EI: 0.1966901404874683
alpha_II: 0.2551720690775173
dt: 20
filename: results_5d5427bd-c4f8-4f46-b58a-2e734378cc86.pkl
init_exc: 0.2
init_inh: 0.4
init_mod: 0.1
inp_E_kappa: 0.17242992603819762
inp_E_topo: 1.0562454703025965
inp_I_kappa: 0.20930048389186146
inp_I_topo: 0.8139553406533688
input_weight: 0.11011683867382893
max_h_for_output: 5.0
mod_EE_weight: 0.7519407656577153
mod_EI_weight: 1.0962516941579987
mod_IE_weight: 0.1983915510450922
mod_II_weight: 0.8849798265354554
n_actions: 3
n_bottom_up: 67
n_cue_tuned: 2
n_exc: 2000
n_fix_tuned: 1
n_hidden: 2500
n_inh: 500
n_motion_tuned: 64
n_reward_levels: 3
n_top_down: 10
n_top_down_hidden: 64
noise_input_sd: 0.0
noise_rnn_sd: 0.05
nonlinear_top_down: false
restrict_output_to_exc: false
rnn_weight: 0.15568223323044772
tc_modulator: 56.53870390832608
tc_soma: 100
td_E_kappa: 0.06905894202460464
td_E_topo: 1.4638811421834905
td_I_kappa: 0.20313800478270322
td_I_topo: 1.0189079160005758
td_weight: 0.08721234785767684
