EE_kappa: 0.096914452383978
EE_topo: 0.714704822837501
EE_topo_mod: 6.943335790767651e-13
EI_kappa: 0.18940905968331312
EI_topo: 1.4739013424663512
EI_topo_mod: 5.361778939495681e-13
E_bias_mean: 0.0
E_bias_std: 1.0e-12
IE_kappa: 0.14093252440318826
IE_topo: 1.8568993117397934
IE_topo_mod: 4.762028299920991e-13
II_kappa: 0.17691321312504826
II_topo: 0.2799560873607301
II_topo_mod: 5.749304624593125e-13
I_bias_mean: 0.0
I_bias_std: 1.0e-12
alpha_EE: 0.09614125816914364
alpha_EI: 0.1822375083964348
alpha_II: 0.09744987310149396
dt: 20
filename: results_21ad53c9-0328-46b9-8097-8205bb8b89e9.pkl
init_exc: 0.2
init_inh: 0.4
init_mod: 0.1
inp_E_kappa: 0.09712024495661907
inp_E_topo: 1.1154264637898315
inp_I_kappa: 0.1289064166546856
inp_I_topo: 0.9124969405701282
input_weight: 0.12314638471369438
max_h_for_output: 5.0
mod_EE_weight: 0.6626706719582108
mod_EI_weight: 0.5330534441212652
mod_IE_weight: 0.2206804780540318
mod_II_weight: 0.9244547070725566
n_actions: 3
n_bottom_up: 67
n_cue_tuned: 2
n_exc: 2000
n_fix_tuned: 1
n_hidden: 2500
n_inh: 500
n_motion_tuned: 64
n_reward_levels: 3
n_top_down: 10
n_top_down_hidden: 64
noise_input_sd: 0.0
noise_rnn_sd: 0.05
nonlinear_top_down: false
restrict_output_to_exc: false
rnn_weight: 0.161605699952237
tc_modulator: 37.6904225692014
tc_soma: 100
td_E_kappa: 0.2222707432759759
td_E_topo: 1.6975000637447557
td_I_kappa: 0.24530788317506352
td_I_topo: 0.5436817110997545
td_weight: 0.08721234785767684
