EE_kappa: 0.0862045683955491
EE_topo: 0.3323015453792759
EE_topo_mod: 7.725308426084066e-14
EI_kappa: 0.17768809983205786
EI_topo: 0.04036224501724006
EI_topo_mod: 3.948591015903973e-13
E_bias_mean: 0.0
E_bias_std: 1.0e-12
IE_kappa: 0.16288386022789253
IE_topo: 1.876767888892396
IE_topo_mod: 8.747081563549868e-13
II_kappa: 0.15929251481401333
II_topo: 1.8129559860587583
II_topo_mod: 4.336400405610328e-13
I_bias_mean: 0.0
I_bias_std: 1.0e-12
alpha_EE: 0.024676998518119074
alpha_EI: 0.122293600263548
alpha_II: 0.15634387055370583
dt: 20
filename: results_a005474d-eb81-49c3-b534-ee8b06d1597c.pkl
init_exc: 0.2
init_inh: 0.4
init_mod: 0.1
inp_E_kappa: 0.15245539334526162
inp_E_topo: 0.608061933108967
inp_I_kappa: 0.19995411955599912
inp_I_topo: 0.9262430811301836
input_weight: 0.17093565623734164
max_h_for_output: 5.0
mod_EE_weight: 0.7510561582627755
mod_EI_weight: 0.8401555345831004
mod_IE_weight: 0.618882316323075
mod_II_weight: 0.4335863637497688
n_actions: 3
n_bottom_up: 67
n_cue_tuned: 2
n_exc: 2000
n_fix_tuned: 1
n_hidden: 2500
n_inh: 500
n_motion_tuned: 64
n_reward_levels: 3
n_top_down: 10
n_top_down_hidden: 64
noise_input_sd: 0.0
noise_rnn_sd: 0.05
nonlinear_top_down: false
restrict_output_to_exc: false
rnn_weight: 0.185649513081111
tc_modulator: 90.57641071978757
tc_soma: 100
td_E_kappa: 0.23876786451923265
td_E_topo: 1.4195020034983838
td_I_kappa: 0.14666571905465597
td_I_topo: 0.17017112935433043
td_weight: 0.08721234785767684
