EE_kappa: 0.08520486101850291
EE_topo: 1.2376740085668398
EE_topo_mod: 2.976304346311971e-13
EI_kappa: 0.21676697289854763
EI_topo: 0.4619532808151259
EI_topo_mod: 2.358603897326156e-13
E_bias_mean: 0.0
E_bias_std: 1.0e-12
IE_kappa: 0.17291636524129678
IE_topo: 1.4227557427163264
IE_topo_mod: 3.818905832448853e-13
II_kappa: 0.23450789317846332
II_topo: 1.0096152026027765
II_topo_mod: 6.504325836087521e-14
I_bias_mean: 0.0
I_bias_std: 1.0e-12
alpha_EE: 0.06456965652710413
alpha_EI: 0.2438975226004661
alpha_II: 0.16152774657157296
dt: 20
filename: results_14f98c61-b5a6-41d0-ad07-98177977c43b.pkl
init_exc: 0.2
init_inh: 0.4
init_mod: 0.1
inp_E_kappa: 0.13551587317042318
inp_E_topo: 0.5948592603624205
inp_I_kappa: 0.14097235878532294
inp_I_topo: 1.2676833340125613
input_weight: 0.18982800359609325
max_h_for_output: 5.0
mod_EE_weight: 0.9726735254644798
mod_EI_weight: 0.24101010506628207
mod_IE_weight: 0.7971987322989537
mod_II_weight: 0.28316373656438665
n_actions: 3
n_bottom_up: 67
n_cue_tuned: 2
n_exc: 2000
n_fix_tuned: 1
n_hidden: 2500
n_inh: 500
n_motion_tuned: 64
n_reward_levels: 3
n_top_down: 10
n_top_down_hidden: 64
noise_input_sd: 0.0
noise_rnn_sd: 0.05
nonlinear_top_down: false
restrict_output_to_exc: false
rnn_weight: 0.18453751620090397
tc_modulator: 21.738628447165624
tc_soma: 100
td_E_kappa: 0.21905794212589008
td_E_topo: 0.9952676459442409
td_I_kappa: 0.21878236504853232
td_I_topo: 1.5251415340626275
td_weight: 0.08721234785767684
