EE_kappa: 0.11073999438565124
EE_topo: 1.5108784218261655
EE_topo_mod: 8.133248128685164e-13
EI_kappa: 0.17055831216233908
EI_topo: 1.2651749213041885
EI_topo_mod: 5.879620766873591e-13
E_bias_mean: 0.0
E_bias_std: 1.0e-12
IE_kappa: 0.23068856765262996
IE_topo: 1.7734022871007353
IE_topo_mod: 8.196390497124787e-13
II_kappa: 0.19047690470111173
II_topo: 0.5057065623711898
II_topo_mod: 9.131556274348988e-13
I_bias_mean: 0.0
I_bias_std: 1.0e-12
alpha_EE: 0.1114603449697677
alpha_EI: 0.09192441295887056
alpha_II: 0.28876568790809354
dt: 20
filename: results_254854a5-5f4c-429e-b2e9-966d681b008a.pkl
init_exc: 0.2
init_inh: 0.4
init_mod: 0.1
inp_E_kappa: 0.21806460312569226
inp_E_topo: 1.7600949614748074
inp_I_kappa: 0.0654527266275623
inp_I_topo: 0.2912366769477752
input_weight: 0.13140161593430993
max_h_for_output: 5.0
mod_EE_weight: 1.3631738914408271
mod_EI_weight: 1.1333003195470024
mod_IE_weight: 0.8003059569441362
mod_II_weight: 0.7526451473320996
n_actions: 3
n_bottom_up: 67
n_cue_tuned: 2
n_exc: 2000
n_fix_tuned: 1
n_hidden: 2500
n_inh: 500
n_motion_tuned: 64
n_reward_levels: 3
n_top_down: 10
n_top_down_hidden: 64
noise_input_sd: 0.0
noise_rnn_sd: 0.05
nonlinear_top_down: false
restrict_output_to_exc: false
rnn_weight: 0.11980167636457224
tc_modulator: 53.31960189957587
tc_soma: 100
td_E_kappa: 0.1442928322024738
td_E_topo: 1.3430440835455069
td_I_kappa: 0.18715779509350045
td_I_topo: 1.5251975043052137
td_weight: 0.08721234785767684
