EE_kappa: 0.08663119721308418
EE_topo: 1.1005123733872249
EE_topo_mod: 5.651407875126507e-13
EI_kappa: 0.11607151501551285
EI_topo: 1.792740705813303
EI_topo_mod: 4.313111238376658e-13
E_bias_mean: 0.0
E_bias_std: 1.0e-12
IE_kappa: 0.21864558227298103
IE_topo: 1.2206110337385474
IE_topo_mod: 5.802103710314608e-13
II_kappa: 0.19025499710782207
II_topo: 0.22608724184549245
II_topo_mod: 9.619311194934172e-13
I_bias_mean: 0.0
I_bias_std: 1.0e-12
alpha_EE: 0.24750183608580212
alpha_EI: 0.11051582578384589
alpha_II: 0.09866284620336928
dt: 20
filename: results_9f3f50c8-18a2-4dc1-adb2-522da297102b.pkl
init_exc: 0.2
init_inh: 0.4
init_mod: 0.1
inp_E_kappa: 0.2391029432839304
inp_E_topo: 1.7149608770054674
inp_I_kappa: 0.20147213833192007
inp_I_topo: 0.8485730089770682
input_weight: 0.06836528142730518
max_h_for_output: 5.0
mod_EE_weight: 1.0538796122294773
mod_EI_weight: 0.7661726113727612
mod_IE_weight: 0.18270802130550812
mod_II_weight: 0.30986795466310624
n_actions: 3
n_bottom_up: 67
n_cue_tuned: 2
n_exc: 2000
n_fix_tuned: 1
n_hidden: 2500
n_inh: 500
n_motion_tuned: 64
n_reward_levels: 3
n_top_down: 10
n_top_down_hidden: 64
noise_input_sd: 0.0
noise_rnn_sd: 0.05
nonlinear_top_down: false
restrict_output_to_exc: false
rnn_weight: 0.16142906084625958
tc_modulator: 30.630196384296386
tc_soma: 100
td_E_kappa: 0.18385490058077641
td_E_topo: 1.9457584033785296
td_I_kappa: 0.19434204036129998
td_I_topo: 1.1622588233848754
td_weight: 0.08721234785767684
