EE_kappa: 0.06355657125855302
EE_topo: 1.9655629310333902
EE_topo_mod: 5.457071216676841e-13
EI_kappa: 0.07883928281200542
EI_topo: 0.22261592692766596
EI_topo_mod: 3.033533048035845e-13
E_bias_mean: 0.0
E_bias_std: 1.0e-12
IE_kappa: 0.22220605502004437
IE_topo: 0.39553238880278974
IE_topo_mod: 4.89988122628731e-13
II_kappa: 0.14048683127719164
II_topo: 1.6069659666292546
II_topo_mod: 2.8371475468027805e-13
I_bias_mean: 0.0
I_bias_std: 1.0e-12
alpha_EE: 0.02694607441341926
alpha_EI: 0.259728809165748
alpha_II: 0.28098751487600987
dt: 20
filename: results_d94fb3fe-1164-44c3-816f-6c9fa9b75064.pkl
init_exc: 0.2
init_inh: 0.4
init_mod: 0.1
inp_E_kappa: 0.22150982543616726
inp_E_topo: 0.899087351871998
inp_I_kappa: 0.08291616391804953
inp_I_topo: 0.2888158395103948
input_weight: 0.17389202268627996
max_h_for_output: 5.0
mod_EE_weight: 0.3631093667721159
mod_EI_weight: 0.5556567082105077
mod_IE_weight: 0.7862552937787725
mod_II_weight: 0.157560650365972
n_actions: 3
n_bottom_up: 67
n_cue_tuned: 2
n_exc: 2000
n_fix_tuned: 1
n_hidden: 2500
n_inh: 500
n_motion_tuned: 64
n_reward_levels: 3
n_top_down: 10
n_top_down_hidden: 64
noise_input_sd: 0.0
noise_rnn_sd: 0.05
nonlinear_top_down: false
restrict_output_to_exc: false
rnn_weight: 0.11062490287841382
tc_modulator: 50.919557577282234
tc_soma: 100
td_E_kappa: 0.09018673223103744
td_E_topo: 0.879096095355028
td_I_kappa: 0.2455014770914748
td_I_topo: 1.4146041632671678
td_weight: 0.08721234785767684
