EE_kappa: 0.1063963416258945
EE_topo: 0.9427931396431968
EE_topo_mod: 3.991294185622973e-13
EI_kappa: 0.1481626402781281
EI_topo: 0.24453712746084788
EI_topo_mod: 7.186039451401863e-13
E_bias_mean: 0.0
E_bias_std: 1.0e-12
IE_kappa: 0.24660485628541812
IE_topo: 0.7949981134633368
IE_topo_mod: 1.931224529537223e-13
II_kappa: 0.23134951929620545
II_topo: 0.5184277710967617
II_topo_mod: 6.489618893761146e-13
I_bias_mean: 0.0
I_bias_std: 1.0e-12
alpha_EE: 0.15094550410827742
alpha_EI: 0.0323425665663283
alpha_II: 0.139615784275291
dt: 20
filename: results_a5fc1e40-6dd2-4461-99e1-9f138145d25d.pkl
init_exc: 0.2
init_inh: 0.4
init_mod: 0.1
inp_E_kappa: 0.21459148032726655
inp_E_topo: 0.8817555693379713
inp_I_kappa: 0.20687572737526827
inp_I_topo: 1.0750032051096208
input_weight: 0.177449343511698
max_h_for_output: 5.0
mod_EE_weight: 1.8264596525206938
mod_EI_weight: 0.9556039616652858
mod_IE_weight: 1.8806547414289807
mod_II_weight: 1.9881003963222008
n_actions: 3
n_bottom_up: 67
n_cue_tuned: 2
n_exc: 2000
n_fix_tuned: 1
n_hidden: 2500
n_inh: 500
n_motion_tuned: 64
n_reward_levels: 3
n_top_down: 10
n_top_down_hidden: 64
noise_input_sd: 0.0
noise_rnn_sd: 0.05
nonlinear_top_down: false
restrict_output_to_exc: false
rnn_weight: 0.18612685826107772
tc_modulator: 67.0394018225629
tc_soma: 100
td_E_kappa: 0.17573712685885645
td_E_topo: 1.5792432135669754
td_I_kappa: 0.23183305159386047
td_I_topo: 0.5256293531171525
td_weight: 0.08721234785767684
