EE_kappa: 0.107683252308649
EE_topo: 0.8737975306699899
EE_topo_mod: 7.124419950237102e-13
EI_kappa: 0.172046378369516
EI_topo: 0.44601660516575414
EI_topo_mod: 8.798270141777275e-14
E_bias_mean: 0.0
E_bias_std: 1.0e-12
IE_kappa: 0.18927887482523598
IE_topo: 0.33507547739572097
IE_topo_mod: 2.931003789194663e-13
II_kappa: 0.20698741283376715
II_topo: 0.7066117873345765
II_topo_mod: 1.843497861154756e-13
I_bias_mean: 0.0
I_bias_std: 1.0e-12
alpha_EE: 0.25032553691258547
alpha_EI: 0.14443203188582093
alpha_II: 0.21786915457038106
dt: 20
filename: results_targeted_946a3885-d7b3-4836-b26a-27d13d94d80a.pkl
init_exc: 0.2
init_inh: 0.4
init_mod: 0.1
inp_E_kappa: 0.11768053805641901
inp_E_topo: 1.4495737202734877
inp_I_kappa: 0.19860739077641532
inp_I_topo: 1.19998577750788
input_weight: 0.16857772203310029
max_h_for_output: 5.0
mod_EE_weight: 0.467444435625304
mod_EI_weight: 0.5701170723590954
mod_IE_weight: 0.5637727135300286
mod_II_weight: 0.8702484138356397
n_actions: 3
n_bottom_up: 67
n_cue_tuned: 2
n_exc: 2000
n_fix_tuned: 1
n_hidden: 2500
n_inh: 500
n_motion_tuned: 64
n_reward_levels: 3
n_top_down: 10
n_top_down_hidden: 64
noise_input_sd: 0.0
noise_rnn_sd: 0.05
nonlinear_top_down: false
restrict_output_to_exc: false
rnn_weight: 0.1283303440780435
tc_modulator: 78.557781596095
tc_soma: 100
td_E_kappa: 0.06219378925799368
td_E_topo: 1.3060565238923052
td_I_kappa: 0.05106789284944971
td_I_topo: 1.9801404163752978
td_weight: 0.08721234785767684
