EE_kappa: 0.1443851310017108
EE_topo: 0.6622648537738078
EE_topo_mod: 3.0747220938657226e-15
EI_kappa: 0.17317915100655967
EI_topo: 0.5213280937408926
EI_topo_mod: 8.510385275716147e-13
E_bias_mean: 0.0
E_bias_std: 1.0e-12
IE_kappa: 0.2099381446044951
IE_topo: 1.9652378052262396
IE_topo_mod: 1.5580519192721275e-13
II_kappa: 0.19523038448781332
II_topo: 0.7803428583597714
II_topo_mod: 7.748718350354148e-13
I_bias_mean: 0.0
I_bias_std: 1.0e-12
alpha_EE: 0.12683691835787647
alpha_EI: 0.08360713007027291
alpha_II: 0.2735762487389404
dt: 20
filename: results_f812328f-c2ba-49af-985d-514535beb81e.pkl
init_exc: 0.2
init_inh: 0.4
init_mod: 0.1
inp_E_kappa: 0.22257900008865622
inp_E_topo: 1.5982602224618503
inp_I_kappa: 0.16826323257921352
inp_I_topo: 1.0351847558179907
input_weight: 0.11968002692597697
max_h_for_output: 5.0
mod_EE_weight: 0.8116339145559837
mod_EI_weight: 0.1562861904279811
mod_IE_weight: 0.14771199764346732
mod_II_weight: 0.03046370077873184
n_actions: 3
n_bottom_up: 67
n_cue_tuned: 2
n_exc: 2000
n_fix_tuned: 1
n_hidden: 2500
n_inh: 500
n_motion_tuned: 64
n_reward_levels: 3
n_top_down: 10
n_top_down_hidden: 64
noise_input_sd: 0.0
noise_rnn_sd: 0.05
nonlinear_top_down: false
restrict_output_to_exc: false
rnn_weight: 0.12503768788035408
tc_modulator: 44.15252852057716
tc_soma: 100
td_E_kappa: 0.07978530584319309
td_E_topo: 1.2842555731705922
td_I_kappa: 0.2096410369607123
td_I_topo: 0.34435051345381806
td_weight: 0.08721234785767684
