EE_kappa: 0.05212638906719205
EE_topo: 1.8632272763078057
EE_topo_mod: 5.738754619937118e-13
EI_kappa: 0.18844043780147146
EI_topo: 1.3661223577228558
EI_topo_mod: 7.229479637410417e-13
E_bias_mean: 0.0
E_bias_std: 1.0e-12
IE_kappa: 0.14021953400495324
IE_topo: 1.6571207211699628
IE_topo_mod: 2.2181502427910792e-13
II_kappa: 0.18038692583247584
II_topo: 0.7942474051111605
II_topo_mod: 7.361401245938208e-13
I_bias_mean: 0.0
I_bias_std: 1.0e-12
alpha_EE: 0.21358583478043877
alpha_EI: 0.16813789060065384
alpha_II: 0.007172075870052596
dt: 20
filename: results_d3900e24-b9d0-472f-91dd-3214490e2c58.pkl
init_exc: 0.2
init_inh: 0.4
init_mod: 0.1
inp_E_kappa: 0.12274165003602949
inp_E_topo: 0.6155471247342315
inp_I_kappa: 0.09232677264799101
inp_I_topo: 0.022378699009308
input_weight: 0.14632322327019437
max_h_for_output: 5.0
mod_EE_weight: 1.4053351856977394
mod_EI_weight: 0.536607347991181
mod_IE_weight: 1.8294374560374473
mod_II_weight: 1.9342622699171765
n_actions: 3
n_bottom_up: 67
n_cue_tuned: 2
n_exc: 2000
n_fix_tuned: 1
n_hidden: 2500
n_inh: 500
n_motion_tuned: 64
n_reward_levels: 3
n_top_down: 10
n_top_down_hidden: 64
noise_input_sd: 0.0
noise_rnn_sd: 0.05
nonlinear_top_down: false
restrict_output_to_exc: false
rnn_weight: 0.16484646318087454
tc_modulator: 80.94557349635716
tc_soma: 100
td_E_kappa: 0.14633551790176738
td_E_topo: 1.8805733668336881
td_I_kappa: 0.247644811736564
td_I_topo: 0.3063023661209754
td_weight: 0.08721234785767684
