EE_kappa: 0.10760270022398793
EE_topo: 1.2971501964975125
EE_topo_mod: 5.406678994803033e-13
EI_kappa: 0.07648754795981537
EI_topo: 0.5805762335608542
EI_topo_mod: 4.4593636078816677e-13
E_bias_mean: 0.0
E_bias_std: 1.0e-12
IE_kappa: 0.2387793190265179
IE_topo: 1.4043313439977234
IE_topo_mod: 8.618815241569e-14
II_kappa: 0.1716072620288216
II_topo: 1.056301564227818
II_topo_mod: 6.084731653290467e-13
I_bias_mean: 0.0
I_bias_std: 1.0e-12
alpha_EE: 0.14316409744444644
alpha_EI: 0.28248352266143345
alpha_II: 0.19933401292282102
dt: 20
filename: results_980efd14-873f-480c-a5a9-81e4f65b10d3.pkl
init_exc: 0.2
init_inh: 0.4
init_mod: 0.1
inp_E_kappa: 0.10322270509129597
inp_E_topo: 1.897522261504381
inp_I_kappa: 0.12963558051123936
inp_I_topo: 0.3124209804157654
input_weight: 0.08875953778600881
max_h_for_output: 5.0
mod_EE_weight: 1.1501727019036287
mod_EI_weight: 1.9937048696662214
mod_IE_weight: 0.3977086242990604
mod_II_weight: 0.017508930066871375
n_actions: 3
n_bottom_up: 67
n_cue_tuned: 2
n_exc: 2000
n_fix_tuned: 1
n_hidden: 2500
n_inh: 500
n_motion_tuned: 64
n_reward_levels: 3
n_top_down: 10
n_top_down_hidden: 64
noise_input_sd: 0.0
noise_rnn_sd: 0.05
nonlinear_top_down: false
restrict_output_to_exc: false
rnn_weight: 0.07068948641341344
tc_modulator: 45.401785256723514
tc_soma: 100
td_E_kappa: 0.10675414368814434
td_E_topo: 0.9597168188445071
td_I_kappa: 0.05921985065094509
td_I_topo: 0.9776904736843335
td_weight: 0.08721234785767684
