EE_kappa: 0.06394075892333118
EE_topo: 0.4584320626216851
EE_topo_mod: 9.129280675761371e-13
EI_kappa: 0.18474015406106864
EI_topo: 1.7505527687435103
EI_topo_mod: 3.358864226633834e-13
E_bias_mean: 0.0
E_bias_std: 1.0e-12
IE_kappa: 0.22928253008595068
IE_topo: 0.9251480233518654
IE_topo_mod: 4.1929848809327704e-13
II_kappa: 0.2494445956254564
II_topo: 0.3407142810090553
II_topo_mod: 3.348795479477284e-13
I_bias_mean: 0.0
I_bias_std: 1.0e-12
alpha_EE: 0.23819936446019602
alpha_EI: 0.004432356529366355
alpha_II: 0.22876027378007838
dt: 20
filename: results_ddd2fcf3-443d-4e08-a24c-95451109d929.pkl
init_exc: 0.2
init_inh: 0.4
init_mod: 0.1
inp_E_kappa: 0.0557443650489704
inp_E_topo: 0.3494783272467581
inp_I_kappa: 0.14322841383072776
inp_I_topo: 1.4196973889009292
input_weight: 0.1547630668100925
max_h_for_output: 5.0
mod_EE_weight: 0.6875844669454659
mod_EI_weight: 0.7730233525328897
mod_IE_weight: 0.7802006001986441
mod_II_weight: 0.580842189783436
n_actions: 3
n_bottom_up: 67
n_cue_tuned: 2
n_exc: 2000
n_fix_tuned: 1
n_hidden: 2500
n_inh: 500
n_motion_tuned: 64
n_reward_levels: 3
n_top_down: 10
n_top_down_hidden: 64
noise_input_sd: 0.0
noise_rnn_sd: 0.05
nonlinear_top_down: false
restrict_output_to_exc: false
rnn_weight: 0.1652828194289428
tc_modulator: 37.43359849428803
tc_soma: 100
td_E_kappa: 0.20881675367740088
td_E_topo: 1.4001548382252578
td_I_kappa: 0.2380500217408391
td_I_topo: 0.11862524161569388
td_weight: 0.08721234785767684
