EE_kappa: 0.07372791460982875
EE_topo: 1.2735966591695096
EE_topo_mod: 5.707909062021965e-13
EI_kappa: 0.12856387459382312
EI_topo: 0.2732646856916199
EI_topo_mod: 8.04622034188294e-13
E_bias_mean: 0.0
E_bias_std: 1.0e-12
IE_kappa: 0.2453484416142333
IE_topo: 1.6939005887964007
IE_topo_mod: 5.167565920384076e-14
II_kappa: 0.2485325239474338
II_topo: 1.3287315747429773
II_topo_mod: 2.5275617135705406e-13
I_bias_mean: 0.0
I_bias_std: 1.0e-12
alpha_EE: 0.13385689431989153
alpha_EI: 0.144490791024398
alpha_II: 0.07994973421045082
dt: 20
filename: results_b14a9676-12b9-422a-90bf-51b21a7b4b9c.pkl
init_exc: 0.2
init_inh: 0.4
init_mod: 0.1
inp_E_kappa: 0.16788386469651928
inp_E_topo: 1.8212957885391232
inp_I_kappa: 0.05529130399777689
inp_I_topo: 0.3946279637089736
input_weight: 0.05591181423249086
max_h_for_output: 5.0
mod_EE_weight: 0.547979114150234
mod_EI_weight: 0.19621537756943308
mod_IE_weight: 0.3655828070047411
mod_II_weight: 0.802131938681269
n_actions: 3
n_bottom_up: 67
n_cue_tuned: 2
n_exc: 2000
n_fix_tuned: 1
n_hidden: 2500
n_inh: 500
n_motion_tuned: 64
n_reward_levels: 3
n_top_down: 10
n_top_down_hidden: 64
noise_input_sd: 0.0
noise_rnn_sd: 0.05
nonlinear_top_down: false
restrict_output_to_exc: false
rnn_weight: 0.1714459356091018
tc_modulator: 42.763788692606965
tc_soma: 100
td_E_kappa: 0.07755355369225883
td_E_topo: 1.9923911230813554
td_I_kappa: 0.10095011889757084
td_I_topo: 1.3652972345871381
td_weight: 0.08721234785767684
