EE_kappa: 0.08768630278045711
EE_topo: 0.8029013776645955
EE_topo_mod: 4.094388069748139e-13
EI_kappa: 0.08411707921453296
EI_topo: 0.46369047869412516
EI_topo_mod: 3.3766321220620253e-13
E_bias_mean: 0.0
E_bias_std: 1.0e-12
IE_kappa: 0.19471752962066446
IE_topo: 1.5174372484479852
IE_topo_mod: 2.096242955954809e-13
II_kappa: 0.12717360509931067
II_topo: 0.08934373788325156
II_topo_mod: 9.107068633294441e-13
I_bias_mean: 0.0
I_bias_std: 1.0e-12
alpha_EE: 0.21636139162825288
alpha_EI: 0.10636471360006997
alpha_II: 0.2864841350235224
dt: 20
filename: results_4f19b1f6-a7d5-4d0b-96b6-ff8bfce1f266.pkl
init_exc: 0.2
init_inh: 0.4
init_mod: 0.1
inp_E_kappa: 0.16526152975006653
inp_E_topo: 1.061931492911449
inp_I_kappa: 0.12804143673659435
inp_I_topo: 0.5118164258765334
input_weight: 0.08197282431900449
max_h_for_output: 5.0
mod_EE_weight: 0.8719794253274261
mod_EI_weight: 0.7239389268659769
mod_IE_weight: 0.6723379786706397
mod_II_weight: 0.9612304413423913
n_actions: 3
n_bottom_up: 67
n_cue_tuned: 2
n_exc: 2000
n_fix_tuned: 1
n_hidden: 2500
n_inh: 500
n_motion_tuned: 64
n_reward_levels: 3
n_top_down: 10
n_top_down_hidden: 64
noise_input_sd: 0.0
noise_rnn_sd: 0.05
nonlinear_top_down: false
restrict_output_to_exc: false
rnn_weight: 0.1777532714531858
tc_modulator: 68.13433148266871
tc_soma: 100
td_E_kappa: 0.24761776272151342
td_E_topo: 1.3156507665136616
td_I_kappa: 0.18396293066838504
td_I_topo: 0.5048237460871368
td_weight: 0.08721234785767684
