EE_kappa: 0.07063515407979395
EE_topo: 1.272768610351797
EE_topo_mod: 3.391652250464735e-13
EI_kappa: 0.14005445265963107
EI_topo: 1.3899103105068467
EI_topo_mod: 9.881830377604715e-13
E_bias_mean: 0.0
E_bias_std: 1.0e-12
IE_kappa: 0.22069169217934176
IE_topo: 0.5996438952702936
IE_topo_mod: 9.054900904140014e-13
II_kappa: 0.15816677142747232
II_topo: 0.2917007897374502
II_topo_mod: 3.1005797540049737e-13
I_bias_mean: 0.0
I_bias_std: 1.0e-12
alpha_EE: 0.06865345401961466
alpha_EI: 0.016570046176472453
alpha_II: 0.2867050753727877
dt: 20
filename: results_9d8ba112-f75e-42b6-9792-f6d55b7c0b6b.pkl
init_exc: 0.2
init_inh: 0.4
init_mod: 0.1
inp_E_kappa: 0.08852067804453907
inp_E_topo: 1.0045026076173582
inp_I_kappa: 0.10536572916920305
inp_I_topo: 0.7171742888435084
input_weight: 0.184571660804712
max_h_for_output: 5.0
mod_EE_weight: 1.598638599965004
mod_EI_weight: 0.09620238884685417
mod_IE_weight: 0.6969508847800876
mod_II_weight: 0.861192282758209
n_actions: 3
n_bottom_up: 67
n_cue_tuned: 2
n_exc: 2000
n_fix_tuned: 1
n_hidden: 2500
n_inh: 500
n_motion_tuned: 64
n_reward_levels: 3
n_top_down: 10
n_top_down_hidden: 64
noise_input_sd: 0.0
noise_rnn_sd: 0.05
nonlinear_top_down: false
restrict_output_to_exc: false
rnn_weight: 0.18237175611751927
tc_modulator: 93.5700066944308
tc_soma: 100
td_E_kappa: 0.10190601629847398
td_E_topo: 0.37095494710293053
td_I_kappa: 0.2366755658732333
td_I_topo: 0.4588003091602768
td_weight: 0.08721234785767684
