EE_kappa: 0.1489746284746363
EE_topo: 0.7232674672907431
EE_topo_mod: 8.539213917608982e-13
EI_kappa: 0.23645438273755243
EI_topo: 1.1840567968065037
EI_topo_mod: 6.3380442768418e-13
E_bias_mean: 0.0
E_bias_std: 1.0e-12
IE_kappa: 0.23542169837367427
IE_topo: 1.423910358520688
IE_topo_mod: 2.753427903489122e-13
II_kappa: 0.19201144905097894
II_topo: 1.029658073458417
II_topo_mod: 7.171925700605009e-13
I_bias_mean: 0.0
I_bias_std: 1.0e-12
alpha_EE: 0.11826496872030773
alpha_EI: 0.1269783772739407
alpha_II: 0.26334171628340364
dt: 20
filename: results_a7f6fbe5-1755-4d92-82b8-d577bcf75d1e.pkl
init_exc: 0.2
init_inh: 0.4
init_mod: 0.1
inp_E_kappa: 0.20615073141594364
inp_E_topo: 0.6563600308570747
inp_I_kappa: 0.17162962162680007
inp_I_topo: 0.7924311042027015
input_weight: 0.0949818123395042
max_h_for_output: 5.0
mod_EE_weight: 0.5851355629571842
mod_EI_weight: 0.3891643999435992
mod_IE_weight: 0.6220808728517824
mod_II_weight: 0.6248969681296273
n_actions: 3
n_bottom_up: 67
n_cue_tuned: 2
n_exc: 2000
n_fix_tuned: 1
n_hidden: 2500
n_inh: 500
n_motion_tuned: 64
n_reward_levels: 3
n_top_down: 10
n_top_down_hidden: 64
noise_input_sd: 0.0
noise_rnn_sd: 0.05
nonlinear_top_down: false
restrict_output_to_exc: false
rnn_weight: 0.18972963725973502
tc_modulator: 37.946963180728304
tc_soma: 100
td_E_kappa: 0.11143028373644824
td_E_topo: 1.4859743432408188
td_I_kappa: 0.16946444734540178
td_I_topo: 0.5768746168909036
td_weight: 0.08721234785767684
