EE_kappa: 0.05621293309451885
EE_topo: 0.45626410385762495
EE_topo_mod: 1.2940744173592955e-13
EI_kappa: 0.0972098393381181
EI_topo: 1.2867663781575671
EI_topo_mod: 3.873139674208562e-13
E_bias_mean: 0.0
E_bias_std: 1.0e-12
IE_kappa: 0.14298027236443195
IE_topo: 0.07108470438767656
IE_topo_mod: 2.6945564682831823e-14
II_kappa: 0.1507609148747147
II_topo: 0.33325534553730307
II_topo_mod: 5.325682437124001e-13
I_bias_mean: 0.0
I_bias_std: 1.0e-12
alpha_EE: 0.23751995444037977
alpha_EI: 0.1171978968619517
alpha_II: 0.24858381204250488
dt: 20
filename: results_ff553e76-d8f1-472f-bbb3-3ca0aed5816b.pkl
init_exc: 0.2
init_inh: 0.4
init_mod: 0.1
inp_E_kappa: 0.23572230664321314
inp_E_topo: 0.9499806719070738
inp_I_kappa: 0.19215348605815785
inp_I_topo: 1.844621461905874
input_weight: 0.1099611384508607
max_h_for_output: 5.0
mod_EE_weight: 0.7922554928905008
mod_EI_weight: 1.265147498361066
mod_IE_weight: 0.754649292129413
mod_II_weight: 0.1858318154224119
n_actions: 3
n_bottom_up: 67
n_cue_tuned: 2
n_exc: 2000
n_fix_tuned: 1
n_hidden: 2500
n_inh: 500
n_motion_tuned: 64
n_reward_levels: 3
n_top_down: 10
n_top_down_hidden: 64
noise_input_sd: 0.0
noise_rnn_sd: 0.05
nonlinear_top_down: false
restrict_output_to_exc: false
rnn_weight: 0.17457166496373322
tc_modulator: 40.70110722348336
tc_soma: 100
td_E_kappa: 0.1335869337207341
td_E_topo: 1.6856587793618996
td_I_kappa: 0.11140876873819283
td_I_topo: 1.596596674098224
td_weight: 0.08721234785767684
