EE_kappa: 0.07031443433051206
EE_topo: 0.3902460943349795
EE_topo_mod: 9.0042887823003e-13
EI_kappa: 0.0985592623619272
EI_topo: 1.1973764297838851
EI_topo_mod: 1.1048306248769402e-14
E_bias_mean: 0.0
E_bias_std: 1.0e-12
IE_kappa: 0.18055306652611114
IE_topo: 0.11901080964641597
IE_topo_mod: 5.560461488667281e-13
II_kappa: 0.16466907756480686
II_topo: 1.2820024426145988
II_topo_mod: 9.130669411546703e-13
I_bias_mean: 0.0
I_bias_std: 1.0e-12
alpha_EE: 0.2452743357966014
alpha_EI: 0.29632381572533734
alpha_II: 0.2677252093011515
dt: 20
filename: results_bbd0fe0e-a88a-4b2b-87eb-6955925c99e8.pkl
init_exc: 0.2
init_inh: 0.4
init_mod: 0.1
inp_E_kappa: 0.11760491646216056
inp_E_topo: 1.1227491599269368
inp_I_kappa: 0.20628419772999396
inp_I_topo: 1.5006081869911212
input_weight: 0.10615568362339747
max_h_for_output: 5.0
mod_EE_weight: 1.0875941946262988
mod_EI_weight: 1.0876443745815005
mod_IE_weight: 0.7360528599939486
mod_II_weight: 1.6941664516739192
n_actions: 3
n_bottom_up: 67
n_cue_tuned: 2
n_exc: 2000
n_fix_tuned: 1
n_hidden: 2500
n_inh: 500
n_motion_tuned: 64
n_reward_levels: 3
n_top_down: 10
n_top_down_hidden: 64
noise_input_sd: 0.0
noise_rnn_sd: 0.05
nonlinear_top_down: false
restrict_output_to_exc: false
rnn_weight: 0.19979534969103663
tc_modulator: 83.66080549100772
tc_soma: 100
td_E_kappa: 0.10361311212258942
td_E_topo: 0.4895120058544331
td_I_kappa: 0.2282878216721131
td_I_topo: 1.9552172643891574
td_weight: 0.08721234785767684
