EE_kappa: 0.058430357768479026
EE_topo: 1.3151119689664608
EE_topo_mod: 8.875257116307238e-13
EI_kappa: 0.07785166917019799
EI_topo: 1.3374462192013448
EI_topo_mod: 1.9658579530544584e-13
E_bias_mean: 0.0
E_bias_std: 1.0e-12
IE_kappa: 0.14199337355346386
IE_topo: 0.15246052711250702
IE_topo_mod: 8.068671208719434e-13
II_kappa: 0.07153138655974112
II_topo: 1.9234150092875333
II_topo_mod: 2.345040031590668e-13
I_bias_mean: 0.0
I_bias_std: 1.0e-12
alpha_EE: 0.07296393445145485
alpha_EI: 0.05281273710529026
alpha_II: 0.2820800842202223
dt: 20
filename: results_448b1a15-49bd-445a-be5b-b7720da9c803.pkl
init_exc: 0.2
init_inh: 0.4
init_mod: 0.1
inp_E_kappa: 0.15961313265497445
inp_E_topo: 1.030795684278066
inp_I_kappa: 0.06084268533554611
inp_I_topo: 1.608116800010253
input_weight: 0.1486426742288744
max_h_for_output: 5.0
mod_EE_weight: 0.21159348335158723
mod_EI_weight: 0.5456256024581714
mod_IE_weight: 0.11399814396847463
mod_II_weight: 0.06686638615930496
n_actions: 3
n_bottom_up: 67
n_cue_tuned: 2
n_exc: 2000
n_fix_tuned: 1
n_hidden: 2500
n_inh: 500
n_motion_tuned: 64
n_reward_levels: 3
n_top_down: 10
n_top_down_hidden: 64
noise_input_sd: 0.0
noise_rnn_sd: 0.05
nonlinear_top_down: false
restrict_output_to_exc: false
rnn_weight: 0.17171002327403767
tc_modulator: 45.738844822256304
tc_soma: 100
td_E_kappa: 0.24053249490347783
td_E_topo: 0.46635541760257104
td_I_kappa: 0.1924370316420736
td_I_topo: 0.9420440559910113
td_weight: 0.08721234785767684
