EE_kappa: 0.09281780791905703
EE_topo: 1.8033594832454256
EE_topo_mod: 4.557869477090449e-13
EI_kappa: 0.14002019844429325
EI_topo: 1.2707383752512678
EI_topo_mod: 6.60945896450166e-13
E_bias_mean: 0.0
E_bias_std: 1.0e-12
IE_kappa: 0.15683004971837824
IE_topo: 1.100101618427108
IE_topo_mod: 1.5568331706559312e-13
II_kappa: 0.07081555714522458
II_topo: 1.31706567781091
II_topo_mod: 4.630819549727705e-13
I_bias_mean: 0.0
I_bias_std: 1.0e-12
alpha_EE: 0.11532271318697414
alpha_EI: 0.0067062517995852165
alpha_II: 0.20929443889196123
dt: 20
filename: results_3f8e6556-8d0e-4e7c-b7bc-7e6e4e095a4d.pkl
init_exc: 0.2
init_inh: 0.4
init_mod: 0.1
inp_E_kappa: 0.17544983500070416
inp_E_topo: 0.6501517293346863
inp_I_kappa: 0.15971007674877008
inp_I_topo: 1.6753636891838373
input_weight: 0.13739540251429574
max_h_for_output: 5.0
mod_EE_weight: 0.8604876586225392
mod_EI_weight: 0.3457030069360507
mod_IE_weight: 0.5404735477890472
mod_II_weight: 0.918808808529053
n_actions: 3
n_bottom_up: 67
n_cue_tuned: 2
n_exc: 2000
n_fix_tuned: 1
n_hidden: 2500
n_inh: 500
n_motion_tuned: 64
n_reward_levels: 3
n_top_down: 10
n_top_down_hidden: 64
noise_input_sd: 0.0
noise_rnn_sd: 0.05
nonlinear_top_down: false
restrict_output_to_exc: false
rnn_weight: 0.144402771350516
tc_modulator: 93.86895723190656
tc_soma: 100
td_E_kappa: 0.22210899020435454
td_E_topo: 1.2115348026008312
td_I_kappa: 0.11289089573420107
td_I_topo: 0.5865563773323943
td_weight: 0.08721234785767684
