EE_kappa: 0.05893720895763297
EE_topo: 0.6930340335390055
EE_topo_mod: 2.862829637953679e-14
EI_kappa: 0.1937268946998142
EI_topo: 0.22640277352768878
EI_topo_mod: 6.639333290252375e-13
E_bias_mean: 0.0
E_bias_std: 1.0e-12
IE_kappa: 0.21905817833589175
IE_topo: 0.4207057729785335
IE_topo_mod: 7.729040024702864e-13
II_kappa: 0.197477614467853
II_topo: 0.8977505500169174
II_topo_mod: 3.876839884200921e-13
I_bias_mean: 0.0
I_bias_std: 1.0e-12
alpha_EE: 0.23498011337401242
alpha_EI: 0.052164672943026145
alpha_II: 0.13964091850448657
dt: 20
filename: results_ee81b1ac-f325-42ed-8da5-a4f930702e4b.pkl
init_exc: 0.2
init_inh: 0.4
init_mod: 0.1
inp_E_kappa: 0.22091982313320685
inp_E_topo: 0.5137371992536652
inp_I_kappa: 0.061508832726875996
inp_I_topo: 1.442942664035471
input_weight: 0.19670743882996133
max_h_for_output: 5.0
mod_EE_weight: 0.8987839895246481
mod_EI_weight: 0.7833139763885109
mod_IE_weight: 0.09452369640557556
mod_II_weight: 0.016068716033020625
n_actions: 3
n_bottom_up: 67
n_cue_tuned: 2
n_exc: 2000
n_fix_tuned: 1
n_hidden: 2500
n_inh: 500
n_motion_tuned: 64
n_reward_levels: 3
n_top_down: 10
n_top_down_hidden: 64
noise_input_sd: 0.0
noise_rnn_sd: 0.05
nonlinear_top_down: false
restrict_output_to_exc: false
rnn_weight: 0.19983763779864078
tc_modulator: 87.99407177752137
tc_soma: 100
td_E_kappa: 0.21221687980943288
td_E_topo: 0.9834497754771871
td_I_kappa: 0.1592693116070194
td_I_topo: 0.5848035395855429
td_weight: 0.08721234785767684
