EE_kappa: 0.06131525239126783
EE_topo: 1.9185264575587215
EE_topo_mod: 6.420101238676526e-13
EI_kappa: 0.15246240959499902
EI_topo: 0.6159846056310758
EI_topo_mod: 9.414831742586753e-13
E_bias_mean: 0.0
E_bias_std: 1.0e-12
IE_kappa: 0.1761500504774377
IE_topo: 1.921215635777078
IE_topo_mod: 1.8555888400323816e-13
II_kappa: 0.1728576919384276
II_topo: 1.4335514046928464
II_topo_mod: 7.020682752590867e-14
I_bias_mean: 0.0
I_bias_std: 1.0e-12
alpha_EE: 0.010031404945321409
alpha_EI: 0.1245025596931284
alpha_II: 0.16796143159398197
dt: 20
filename: results_cbcca07a-c374-4669-b96a-c394cd80efc1.pkl
init_exc: 0.2
init_inh: 0.4
init_mod: 0.1
inp_E_kappa: 0.20129549000939978
inp_E_topo: 1.8243892986344612
inp_I_kappa: 0.19367499313587366
inp_I_topo: 1.87237512246446
input_weight: 0.18329821140834957
max_h_for_output: 5.0
mod_EE_weight: 1.4913865553696253
mod_EI_weight: 0.9139327965285688
mod_IE_weight: 0.18966238683696646
mod_II_weight: 1.9184065459364656
n_actions: 3
n_bottom_up: 67
n_cue_tuned: 2
n_exc: 2000
n_fix_tuned: 1
n_hidden: 2500
n_inh: 500
n_motion_tuned: 64
n_reward_levels: 3
n_top_down: 10
n_top_down_hidden: 64
noise_input_sd: 0.0
noise_rnn_sd: 0.05
nonlinear_top_down: false
restrict_output_to_exc: false
rnn_weight: 0.1970116405375234
tc_modulator: 29.111633259047753
tc_soma: 100
td_E_kappa: 0.12314834784442186
td_E_topo: 1.479503159914252
td_I_kappa: 0.16873701080999803
td_I_topo: 1.415834798255307
td_weight: 0.08721234785767684
