EE_kappa: 0.0629789593739008
EE_topo: 0.7446260708417727
EE_topo_mod: 6.287782565752601e-13
EI_kappa: 0.23429787700712007
EI_topo: 1.5681491497195894
EI_topo_mod: 1.5154272128523604e-13
E_bias_mean: 0.0
E_bias_std: 1.0e-12
IE_kappa: 0.1445963487062491
IE_topo: 1.3541772771610703
IE_topo_mod: 2.756766340681156e-13
II_kappa: 0.21821788668954423
II_topo: 0.5100477790585725
II_topo_mod: 5.948318121545934e-13
I_bias_mean: 0.0
I_bias_std: 1.0e-12
alpha_EE: 0.042836131589261035
alpha_EI: 0.10623561758021499
alpha_II: 0.041250207055918496
dt: 20
filename: results_e93d6f89-516e-4126-8bc4-8566ad4d7203.pkl
init_exc: 0.2
init_inh: 0.4
init_mod: 0.1
inp_E_kappa: 0.1440357239187679
inp_E_topo: 1.5391618964877793
inp_I_kappa: 0.23205725863833954
inp_I_topo: 0.38980160987955115
input_weight: 0.16895019820267443
max_h_for_output: 5.0
mod_EE_weight: 0.08924807617955866
mod_EI_weight: 0.6497715893539739
mod_IE_weight: 1.4315254219836364
mod_II_weight: 0.46245163059157335
n_actions: 3
n_bottom_up: 67
n_cue_tuned: 2
n_exc: 2000
n_fix_tuned: 1
n_hidden: 2500
n_inh: 500
n_motion_tuned: 64
n_reward_levels: 3
n_top_down: 10
n_top_down_hidden: 64
noise_input_sd: 0.0
noise_rnn_sd: 0.05
nonlinear_top_down: false
restrict_output_to_exc: false
rnn_weight: 0.16854770488756057
tc_modulator: 37.86771995801778
tc_soma: 100
td_E_kappa: 0.09050996027279919
td_E_topo: 0.8922335661160625
td_I_kappa: 0.0649256147830115
td_I_topo: 0.5633630644740988
td_weight: 0.08721234785767684
