EE_kappa: 0.11701992959738755
EE_topo: 1.1061995370213729
EE_topo_mod: 4.2187217187257484e-13
EI_kappa: 0.1675050636117386
EI_topo: 1.9661400456475315
EI_topo_mod: 2.0828482556663973e-13
E_bias_mean: 0.0
E_bias_std: 1.0e-12
IE_kappa: 0.21055784858970378
IE_topo: 1.3973996699083093
IE_topo_mod: 9.560055719946714e-13
II_kappa: 0.21303925128529194
II_topo: 0.7295549914967392
II_topo_mod: 4.19471417790189e-13
I_bias_mean: 0.0
I_bias_std: 1.0e-12
alpha_EE: 0.05899522291470279
alpha_EI: 0.027653258519780753
alpha_II: 0.2748643322872309
dt: 20
filename: results_1aa105cc-4303-4bb4-8ae7-d9845915ff25.pkl
init_exc: 0.2
init_inh: 0.4
init_mod: 0.1
inp_E_kappa: 0.2045019567217134
inp_E_topo: 1.9436534158196537
inp_I_kappa: 0.1487622580225783
inp_I_topo: 0.6401071203115032
input_weight: 0.10811040908261674
max_h_for_output: 5.0
mod_EE_weight: 0.46862962561092214
mod_EI_weight: 1.736993191458407
mod_IE_weight: 1.774780066854007
mod_II_weight: 1.1364338414257975
n_actions: 3
n_bottom_up: 67
n_cue_tuned: 2
n_exc: 2000
n_fix_tuned: 1
n_hidden: 2500
n_inh: 500
n_motion_tuned: 64
n_reward_levels: 3
n_top_down: 10
n_top_down_hidden: 64
noise_input_sd: 0.0
noise_rnn_sd: 0.05
nonlinear_top_down: false
restrict_output_to_exc: false
rnn_weight: 0.1429750563461746
tc_modulator: 30.769506001869757
tc_soma: 100
td_E_kappa: 0.1431164215356172
td_E_topo: 0.4996118603027855
td_I_kappa: 0.09117931446627499
td_I_topo: 1.4402535024822014
td_weight: 0.08721234785767684
