EE_kappa: 0.07239260882511572
EE_topo: 0.5392869674592256
EE_topo_mod: 6.889744177290696e-13
EI_kappa: 0.09360139986341698
EI_topo: 1.401616989586551
EI_topo_mod: 8.433909318322073e-13
E_bias_mean: 0.0
E_bias_std: 1.0e-12
IE_kappa: 0.20533776024167555
IE_topo: 0.3417633608487902
IE_topo_mod: 8.833149571419238e-13
II_kappa: 0.13820167623481985
II_topo: 1.2837336243857893
II_topo_mod: 9.179374755314437e-13
I_bias_mean: 0.0
I_bias_std: 1.0e-12
alpha_EE: 0.23223593555554792
alpha_EI: 0.2103497469071926
alpha_II: 0.27535339576307605
dt: 20
filename: results_efd5827c-69db-421a-9004-5f9207e3be7a.pkl
init_exc: 0.2
init_inh: 0.4
init_mod: 0.1
inp_E_kappa: 0.11953632438854932
inp_E_topo: 1.0701620853984382
inp_I_kappa: 0.11456573167136606
inp_I_topo: 1.968667945390561
input_weight: 0.1605869471834715
max_h_for_output: 5.0
mod_EE_weight: 0.4151393600932649
mod_EI_weight: 1.3262739972563247
mod_IE_weight: 0.42039066246898904
mod_II_weight: 0.45189393398186994
n_actions: 3
n_bottom_up: 67
n_cue_tuned: 2
n_exc: 2000
n_fix_tuned: 1
n_hidden: 2500
n_inh: 500
n_motion_tuned: 64
n_reward_levels: 3
n_top_down: 10
n_top_down_hidden: 64
noise_input_sd: 0.0
noise_rnn_sd: 0.05
nonlinear_top_down: false
restrict_output_to_exc: false
rnn_weight: 0.18478716464385647
tc_modulator: 28.581604366598246
tc_soma: 100
td_E_kappa: 0.05224251145189205
td_E_topo: 1.6319775847669977
td_I_kappa: 0.1717930504632026
td_I_topo: 0.3538913667081076
td_weight: 0.08721234785767684
