EE_kappa: 0.07899269279622925
EE_topo: 0.3341728383642075
EE_topo_mod: 3.361920916106209e-13
EI_kappa: 0.19295537205560526
EI_topo: 0.105345174061932
EI_topo_mod: 1.718031244136118e-13
E_bias_mean: 0.0
E_bias_std: 1.0e-12
IE_kappa: 0.208299225734572
IE_topo: 0.4522936539390068
IE_topo_mod: 7.258339904606711e-13
II_kappa: 0.24407732532743104
II_topo: 0.8930290293445564
II_topo_mod: 8.694743583152197e-13
I_bias_mean: 0.0
I_bias_std: 1.0e-12
alpha_EE: 0.06762733892158096
alpha_EI: 0.06153296486686077
alpha_II: 0.29764025588545107
dt: 20
filename: results_88faa76d-e748-4024-afa5-16b72d8a0687.pkl
init_exc: 0.2
init_inh: 0.4
init_mod: 0.1
inp_E_kappa: 0.12306234426464598
inp_E_topo: 0.40939070802921096
inp_I_kappa: 0.14412445761171427
inp_I_topo: 0.785011605448503
input_weight: 0.16544047705805331
max_h_for_output: 5.0
mod_EE_weight: 1.7831284682250936
mod_EI_weight: 1.932522379557404
mod_IE_weight: 0.37056004389992925
mod_II_weight: 1.9085972114798462
n_actions: 3
n_bottom_up: 67
n_cue_tuned: 2
n_exc: 2000
n_fix_tuned: 1
n_hidden: 2500
n_inh: 500
n_motion_tuned: 64
n_reward_levels: 3
n_top_down: 10
n_top_down_hidden: 64
noise_input_sd: 0.0
noise_rnn_sd: 0.05
nonlinear_top_down: false
restrict_output_to_exc: false
rnn_weight: 0.1869208053756235
tc_modulator: 69.23150144385171
tc_soma: 100
td_E_kappa: 0.1706629371547616
td_E_topo: 0.642113228148989
td_I_kappa: 0.11861206363454829
td_I_topo: 1.696796826759658
td_weight: 0.08721234785767684
