EE_kappa: 0.05152527523725053
EE_topo: 0.6145403630162511
EE_topo_mod: 1.957931611921294e-13
EI_kappa: 0.06440106653598976
EI_topo: 0.03462037328938328
EI_topo_mod: 7.199495440005129e-13
E_bias_mean: 0.0
E_bias_std: 1.0e-12
IE_kappa: 0.2386550996946506
IE_topo: 0.5469165532466913
IE_topo_mod: 5.793691904870135e-13
II_kappa: 0.20999883343911163
II_topo: 0.5418163740417219
II_topo_mod: 5.242644648011354e-13
I_bias_mean: 0.0
I_bias_std: 1.0e-12
alpha_EE: 0.07189679428600791
alpha_EI: 0.2563346474655427
alpha_II: 0.18420746528957554
dt: 20
filename: results_a37f02b0-3bf3-4676-bb6d-b6c37630312a.pkl
init_exc: 0.2
init_inh: 0.4
init_mod: 0.1
inp_E_kappa: 0.1850940968795612
inp_E_topo: 1.0868931635764727
inp_I_kappa: 0.2279162851345024
inp_I_topo: 0.16514729379719495
input_weight: 0.15089994419170807
max_h_for_output: 5.0
mod_EE_weight: 0.698754542157229
mod_EI_weight: 0.05986584356845759
mod_IE_weight: 0.4404490384020382
mod_II_weight: 0.21564852869507523
n_actions: 3
n_bottom_up: 67
n_cue_tuned: 2
n_exc: 2000
n_fix_tuned: 1
n_hidden: 2500
n_inh: 500
n_motion_tuned: 64
n_reward_levels: 3
n_top_down: 10
n_top_down_hidden: 64
noise_input_sd: 0.0
noise_rnn_sd: 0.05
nonlinear_top_down: false
restrict_output_to_exc: false
rnn_weight: 0.17709876464369828
tc_modulator: 26.048735304802555
tc_soma: 100
td_E_kappa: 0.21643851387566798
td_E_topo: 1.8279596326779606
td_I_kappa: 0.060128304943932065
td_I_topo: 0.30323702239668004
td_weight: 0.08721234785767684
