EE_kappa: 0.0668882877462782
EE_topo: 0.4851365951333664
EE_topo_mod: 4.1442879441350774e-13
EI_kappa: 0.12349078470740325
EI_topo: 1.5741286861126822
EI_topo_mod: 4.714925957485851e-13
E_bias_mean: 0.0
E_bias_std: 1.0e-12
IE_kappa: 0.12120967891949448
IE_topo: 0.936322361207995
IE_topo_mod: 2.484452946101711e-13
II_kappa: 0.1901105498499998
II_topo: 1.0571924821436287
II_topo_mod: 6.35283015676562e-13
I_bias_mean: 0.0
I_bias_std: 1.0e-12
alpha_EE: 0.24586440615190858
alpha_EI: 0.13807793953363237
alpha_II: 0.2897336259275131
dt: 20
filename: results_b7704e79-258d-4525-aa3e-8ecd8dda1f9c.pkl
init_exc: 0.2
init_inh: 0.4
init_mod: 0.1
inp_E_kappa: 0.1427256377583545
inp_E_topo: 1.6172858071594565
inp_I_kappa: 0.2259212859329403
inp_I_topo: 1.481514154605964
input_weight: 0.14977824198031853
max_h_for_output: 5.0
mod_EE_weight: 1.9419980271296424
mod_EI_weight: 1.8730485886493058
mod_IE_weight: 0.21052386481753826
mod_II_weight: 1.8991666649078045
n_actions: 3
n_bottom_up: 67
n_cue_tuned: 2
n_exc: 2000
n_fix_tuned: 1
n_hidden: 2500
n_inh: 500
n_motion_tuned: 64
n_reward_levels: 3
n_top_down: 10
n_top_down_hidden: 64
noise_input_sd: 0.0
noise_rnn_sd: 0.05
nonlinear_top_down: false
restrict_output_to_exc: false
rnn_weight: 0.1857187304104061
tc_modulator: 77.79103982164885
tc_soma: 100
td_E_kappa: 0.08941387441997357
td_E_topo: 1.263467931697342
td_I_kappa: 0.06402853504301116
td_I_topo: 0.3696651911372224
td_weight: 0.08721234785767684
