EE_kappa: 0.06228663362776141
EE_topo: 0.15249321995016762
EE_topo_mod: 9.399103585869716e-13
EI_kappa: 0.0574423907767716
EI_topo: 0.9979677304857884
EI_topo_mod: 1.946163066829778e-13
E_bias_mean: 0.0
E_bias_std: 1.0e-12
IE_kappa: 0.2243979117890672
IE_topo: 0.8450554326189599
IE_topo_mod: 4.984353649836738e-13
II_kappa: 0.16526240215572488
II_topo: 1.6838071381861461
II_topo_mod: 1.6884476760812971e-13
I_bias_mean: 0.0
I_bias_std: 1.0e-12
alpha_EE: 0.0850451910128802
alpha_EI: 0.07490057750040881
alpha_II: 0.17426422378705428
dt: 20
filename: results_90932d60-e631-428c-9621-2b7be6204160.pkl
init_exc: 0.2
init_inh: 0.4
init_mod: 0.1
inp_E_kappa: 0.09668057946203733
inp_E_topo: 1.5665397782561203
inp_I_kappa: 0.08970220347446506
inp_I_topo: 1.5811607660626756
input_weight: 0.11305272382253771
max_h_for_output: 5.0
mod_EE_weight: 1.9153507006170158
mod_EI_weight: 0.7504606742510513
mod_IE_weight: 1.3048807385223598
mod_II_weight: 0.41231490165674156
n_actions: 3
n_bottom_up: 67
n_cue_tuned: 2
n_exc: 2000
n_fix_tuned: 1
n_hidden: 2500
n_inh: 500
n_motion_tuned: 64
n_reward_levels: 3
n_top_down: 10
n_top_down_hidden: 64
noise_input_sd: 0.0
noise_rnn_sd: 0.05
nonlinear_top_down: false
restrict_output_to_exc: false
rnn_weight: 0.17387440655980912
tc_modulator: 49.97006771605524
tc_soma: 100
td_E_kappa: 0.13953929635576937
td_E_topo: 1.5239135838024456
td_I_kappa: 0.06271415618043544
td_I_topo: 0.6483435515233034
td_weight: 0.08721234785767684
