EE_kappa: 0.06579057368331918
EE_topo: 1.5512188085019243
EE_topo_mod: 5.278996870940096e-13
EI_kappa: 0.19190408910615425
EI_topo: 1.7265508819117483
EI_topo_mod: 5.753173760544617e-14
E_bias_mean: 0.0
E_bias_std: 1.0e-12
IE_kappa: 0.1556104249564893
IE_topo: 0.13989878130069222
IE_topo_mod: 8.150970174363624e-13
II_kappa: 0.22294784602754752
II_topo: 0.014828433363130555
II_topo_mod: 2.5359134971479213e-13
I_bias_mean: 0.0
I_bias_std: 1.0e-12
alpha_EE: 0.07692377243910185
alpha_EI: 0.005514987452658993
alpha_II: 0.03933614066598393
dt: 20
filename: results_b7bbd454-44b5-4cf4-9651-c51d857e9039.pkl
init_exc: 0.2
init_inh: 0.4
init_mod: 0.1
inp_E_kappa: 0.1904354111840767
inp_E_topo: 0.9549484938133328
inp_I_kappa: 0.10122589790727649
inp_I_topo: 0.3167158204912719
input_weight: 0.07498333776904191
max_h_for_output: 5.0
mod_EE_weight: 0.43413699975270537
mod_EI_weight: 0.2262980671365611
mod_IE_weight: 0.4594682729106354
mod_II_weight: 0.8518766135620558
n_actions: 3
n_bottom_up: 67
n_cue_tuned: 2
n_exc: 2000
n_fix_tuned: 1
n_hidden: 2500
n_inh: 500
n_motion_tuned: 64
n_reward_levels: 3
n_top_down: 10
n_top_down_hidden: 64
noise_input_sd: 0.0
noise_rnn_sd: 0.05
nonlinear_top_down: false
restrict_output_to_exc: false
rnn_weight: 0.08056797670297351
tc_modulator: 91.09929532960454
tc_soma: 100
td_E_kappa: 0.06654974370501548
td_E_topo: 0.649982228210028
td_I_kappa: 0.13329647232879482
td_I_topo: 1.6289455958008985
td_weight: 0.08721234785767684
