EE_kappa: 0.06321883949223475
EE_topo: 0.5219207510712833
EE_topo_mod: 6.425330156414548e-13
EI_kappa: 0.07380481629493632
EI_topo: 1.900682998572527
EI_topo_mod: 7.409454630293253e-13
E_bias_mean: 0.0
E_bias_std: 1.0e-12
IE_kappa: 0.22013806969403715
IE_topo: 1.3889374751532282
IE_topo_mod: 7.460167804296525e-14
II_kappa: 0.21738532217269219
II_topo: 0.5639732159516058
II_topo_mod: 9.788648172222494e-13
I_bias_mean: 0.0
I_bias_std: 1.0e-12
alpha_EE: 0.2640156541907011
alpha_EI: 0.1853893839364249
alpha_II: 0.009670398743367226
dt: 20
filename: results_0db0dbe3-f95a-4937-9196-d29e53235286.pkl
init_exc: 0.2
init_inh: 0.4
init_mod: 0.1
inp_E_kappa: 0.21889405911912735
inp_E_topo: 0.8212590905494108
inp_I_kappa: 0.14643698646527958
inp_I_topo: 0.10799409089328926
input_weight: 0.18010537638017843
max_h_for_output: 5.0
mod_EE_weight: 1.6824461557687955
mod_EI_weight: 1.9653517554194753
mod_IE_weight: 0.41446553799904073
mod_II_weight: 0.7517715930379651
n_actions: 3
n_bottom_up: 67
n_cue_tuned: 2
n_exc: 2000
n_fix_tuned: 1
n_hidden: 2500
n_inh: 500
n_motion_tuned: 64
n_reward_levels: 3
n_top_down: 10
n_top_down_hidden: 64
noise_input_sd: 0.0
noise_rnn_sd: 0.05
nonlinear_top_down: false
restrict_output_to_exc: false
rnn_weight: 0.19273924103004159
tc_modulator: 24.62058563447684
tc_soma: 100
td_E_kappa: 0.1835681085662454
td_E_topo: 1.2907240666279052
td_I_kappa: 0.17228134328288672
td_I_topo: 1.441949059239586
td_weight: 0.08721234785767684
