EE_kappa: 0.06496139219020801
EE_topo: 0.0194047778778359
EE_topo_mod: 5.328669031812808e-13
EI_kappa: 0.10054772493188227
EI_topo: 1.5439424707626355
EI_topo_mod: 3.488874251424293e-13
E_bias_mean: 0.0
E_bias_std: 1.0e-12
IE_kappa: 0.13037114823322518
IE_topo: 1.8848396809739822
IE_topo_mod: 4.686201333515671e-13
II_kappa: 0.14666036666720922
II_topo: 0.0437633759385867
II_topo_mod: 8.100810593725316e-14
I_bias_mean: 0.0
I_bias_std: 1.0e-12
alpha_EE: 0.07069734803591324
alpha_EI: 0.04540603673005443
alpha_II: 0.06895842006797129
dt: 20
filename: results_0301010c-06af-40e7-af69-e9281308acc9.pkl
init_exc: 0.2
init_inh: 0.4
init_mod: 0.1
inp_E_kappa: 0.197416524502304
inp_E_topo: 1.0286986739170436
inp_I_kappa: 0.09083228451720973
inp_I_topo: 1.7421762309578839
input_weight: 0.05324818307138613
max_h_for_output: 5.0
mod_EE_weight: 0.17570955673089939
mod_EI_weight: 0.012121124893425872
mod_IE_weight: 0.5872164687081551
mod_II_weight: 0.743057727910575
n_actions: 3
n_bottom_up: 67
n_cue_tuned: 2
n_exc: 2000
n_fix_tuned: 1
n_hidden: 2500
n_inh: 500
n_motion_tuned: 64
n_reward_levels: 3
n_top_down: 10
n_top_down_hidden: 64
noise_input_sd: 0.0
noise_rnn_sd: 0.05
nonlinear_top_down: false
restrict_output_to_exc: false
rnn_weight: 0.1488213228860063
tc_modulator: 36.37461026235654
tc_soma: 100
td_E_kappa: 0.10282361604243367
td_E_topo: 0.934658634655178
td_I_kappa: 0.0848141188292969
td_I_topo: 0.10143577489203848
td_weight: 0.08721234785767684
