EE_kappa: 0.0632521767057735
EE_topo: 1.4488494268242218
EE_topo_mod: 1.1269405275482735e-13
EI_kappa: 0.11832803051714363
EI_topo: 1.889024092457538
EI_topo_mod: 9.561110830714994e-13
E_bias_mean: 0.0
E_bias_std: 1.0e-12
IE_kappa: 0.09060168656390066
IE_topo: 0.936368535543993
IE_topo_mod: 9.216394465089125e-13
II_kappa: 0.0935737707170852
II_topo: 0.2431064950612527
II_topo_mod: 5.513096263555396e-13
I_bias_mean: 0.0
I_bias_std: 1.0e-12
alpha_EE: 0.1486882390725275
alpha_EI: 0.1396187498335672
alpha_II: 0.11595883846954996
dt: 20
filename: results_1665f60e-c658-40e7-8008-b721c14f04a6.pkl
init_exc: 0.2
init_inh: 0.4
init_mod: 0.1
inp_E_kappa: 0.10964180676061522
inp_E_topo: 0.6106453956637263
inp_I_kappa: 0.1499935745514012
inp_I_topo: 1.6361941276988894
input_weight: 0.08724182797983887
max_h_for_output: 5.0
mod_EE_weight: 0.9389418694213052
mod_EI_weight: 0.8195547680882074
mod_IE_weight: 0.7945848734038798
mod_II_weight: 0.42179779063798106
n_actions: 3
n_bottom_up: 67
n_cue_tuned: 2
n_exc: 2000
n_fix_tuned: 1
n_hidden: 2500
n_inh: 500
n_motion_tuned: 64
n_reward_levels: 3
n_top_down: 10
n_top_down_hidden: 64
noise_input_sd: 0.0
noise_rnn_sd: 0.05
nonlinear_top_down: false
restrict_output_to_exc: false
rnn_weight: 0.18177074570536156
tc_modulator: 24.938015881068196
tc_soma: 100
td_E_kappa: 0.1618021439906529
td_E_topo: 1.0209698355765948
td_I_kappa: 0.17801992348164103
td_I_topo: 0.005245033998092508
td_weight: 0.08721234785767684
