EE_kappa: 0.13979457044787108
EE_topo: 1.9175931878720696
EE_topo_mod: 9.170830102690875e-13
EI_kappa: 0.221358127257742
EI_topo: 1.033113852262106
EI_topo_mod: 6.451960231914539e-13
E_bias_mean: 0.0
E_bias_std: 1.0e-12
IE_kappa: 0.1817660273238031
IE_topo: 1.9260535379985337
IE_topo_mod: 2.0894255435411635e-13
II_kappa: 0.18124683401239738
II_topo: 0.19908523155346924
II_topo_mod: 9.475570661071797e-13
I_bias_mean: 0.0
I_bias_std: 1.0e-12
alpha_EE: 0.13685519043818636
alpha_EI: 0.012355958904467468
alpha_II: 0.03239487289381408
dt: 20
filename: results_946cee67-be1b-468b-b060-86384b98a858.pkl
init_exc: 0.2
init_inh: 0.4
init_mod: 0.1
inp_E_kappa: 0.08767529799188514
inp_E_topo: 1.928199598002589
inp_I_kappa: 0.09081237497824782
inp_I_topo: 0.6087926340671053
input_weight: 0.18315886990956298
max_h_for_output: 5.0
mod_EE_weight: 1.9080466148019581
mod_EI_weight: 1.8469384438871717
mod_IE_weight: 0.9882204561884724
mod_II_weight: 0.8475809423379337
n_actions: 3
n_bottom_up: 67
n_cue_tuned: 2
n_exc: 2000
n_fix_tuned: 1
n_hidden: 2500
n_inh: 500
n_motion_tuned: 64
n_reward_levels: 3
n_top_down: 10
n_top_down_hidden: 64
noise_input_sd: 0.0
noise_rnn_sd: 0.05
nonlinear_top_down: false
restrict_output_to_exc: false
rnn_weight: 0.10551924522415698
tc_modulator: 56.094308129020305
tc_soma: 100
td_E_kappa: 0.0970621575185151
td_E_topo: 1.3045808618446637
td_I_kappa: 0.11130178767101882
td_I_topo: 1.0222019681594174
td_weight: 0.08721234785767684
