EE_kappa: 0.05725403808500134
EE_topo: 0.05598007851051512
EE_topo_mod: 5.74051625576896e-13
EI_kappa: 0.11122356064739168
EI_topo: 0.45784021906117056
EI_topo_mod: 8.238225359011981e-13
E_bias_mean: 0.0
E_bias_std: 1.0e-12
IE_kappa: 0.15452632055578722
IE_topo: 1.4755988164533975
IE_topo_mod: 3.480855260510075e-13
II_kappa: 0.197674413549763
II_topo: 0.043566689748294696
II_topo_mod: 3.506906679083488e-15
I_bias_mean: 0.0
I_bias_std: 1.0e-12
alpha_EE: 0.08874495423853364
alpha_EI: 0.21641052724150284
alpha_II: 0.24439830502244775
dt: 20
filename: results_190bd8ea-54f9-4fb4-89d7-33bf4f5ca313.pkl
init_exc: 0.2
init_inh: 0.4
init_mod: 0.1
inp_E_kappa: 0.20916984776786868
inp_E_topo: 0.9118646531089629
inp_I_kappa: 0.08420962712279847
inp_I_topo: 0.5866876134647199
input_weight: 0.19194375131095714
max_h_for_output: 5.0
mod_EE_weight: 0.35716387912425196
mod_EI_weight: 0.18392326225796385
mod_IE_weight: 0.4249294473566043
mod_II_weight: 0.4087103329510331
n_actions: 3
n_bottom_up: 67
n_cue_tuned: 2
n_exc: 2000
n_fix_tuned: 1
n_hidden: 2500
n_inh: 500
n_motion_tuned: 64
n_reward_levels: 3
n_top_down: 10
n_top_down_hidden: 64
noise_input_sd: 0.0
noise_rnn_sd: 0.05
nonlinear_top_down: false
restrict_output_to_exc: false
rnn_weight: 0.16417677962845173
tc_modulator: 46.78724969181563
tc_soma: 100
td_E_kappa: 0.21612821439349178
td_E_topo: 0.8542696831955061
td_I_kappa: 0.09415324362428856
td_I_topo: 0.31982472135413587
td_weight: 0.08721234785767684
