EE_kappa: 0.16148031349182868
EE_topo: 0.6753437141132987
EE_topo_mod: 8.869580433230481e-13
EI_kappa: 0.24994404955642385
EI_topo: 0.4306005641394848
EI_topo_mod: 7.21139054021962e-14
E_bias_mean: 0.0
E_bias_std: 1.0e-12
IE_kappa: 0.24638274571024765
IE_topo: 0.8229190346218025
IE_topo_mod: 9.376959025850228e-14
II_kappa: 0.149616410230267
II_topo: 1.7423196997158883
II_topo_mod: 5.973921257221846e-13
I_bias_mean: 0.0
I_bias_std: 1.0e-12
alpha_EE: 0.10876805848169414
alpha_EI: 0.0024349226918210063
alpha_II: 0.0848220545304649
dt: 20
filename: results_cdb816b5-ed2e-4b1c-9215-719f3d7d31a9.pkl
init_exc: 0.2
init_inh: 0.4
init_mod: 0.1
inp_E_kappa: 0.12820392378929912
inp_E_topo: 1.3973938567128132
inp_I_kappa: 0.11530483552459164
inp_I_topo: 1.260683819834196
input_weight: 0.13785139225619178
max_h_for_output: 5.0
mod_EE_weight: 0.8075951703812808
mod_EI_weight: 0.6952764495999795
mod_IE_weight: 0.3356746735076577
mod_II_weight: 0.9375247384873553
n_actions: 3
n_bottom_up: 67
n_cue_tuned: 2
n_exc: 2000
n_fix_tuned: 1
n_hidden: 2500
n_inh: 500
n_motion_tuned: 64
n_reward_levels: 3
n_top_down: 10
n_top_down_hidden: 64
noise_input_sd: 0.0
noise_rnn_sd: 0.05
nonlinear_top_down: false
restrict_output_to_exc: false
rnn_weight: 0.1422276358514571
tc_modulator: 39.82093267286675
tc_soma: 100
td_E_kappa: 0.20435960436315131
td_E_topo: 1.546353810931103
td_I_kappa: 0.10014655280641914
td_I_topo: 0.18145700493429406
td_weight: 0.08721234785767684
