EE_kappa: 0.10634893683858378
EE_topo: 1.8838324508018802
EE_topo_mod: 1.178524770630911e-13
EI_kappa: 0.244074528251021
EI_topo: 1.7761410246741276
EI_topo_mod: 1.289658234455805e-13
E_bias_mean: 0.0
E_bias_std: 1.0e-12
IE_kappa: 0.13164996025855794
IE_topo: 1.562440292843042
IE_topo_mod: 6.119020355190519e-14
II_kappa: 0.20247928610745736
II_topo: 0.08930300648837086
II_topo_mod: 5.528266657622116e-13
I_bias_mean: 0.0
I_bias_std: 1.0e-12
alpha_EE: 0.29672062784406633
alpha_EI: 0.18735959628991025
alpha_II: 0.23887456853335262
dt: 20
filename: results_675eb00e-b29d-4905-9ec3-eda29019a527.pkl
init_exc: 0.2
init_inh: 0.4
init_mod: 0.1
inp_E_kappa: 0.23510070970858316
inp_E_topo: 1.9792420413904546
inp_I_kappa: 0.17151952599571796
inp_I_topo: 0.12189929169461933
input_weight: 0.17975269809706063
max_h_for_output: 5.0
mod_EE_weight: 0.8500577766251715
mod_EI_weight: 0.6458690520071184
mod_IE_weight: 0.7297564637975572
mod_II_weight: 0.18998091585248977
n_actions: 3
n_bottom_up: 67
n_cue_tuned: 2
n_exc: 2000
n_fix_tuned: 1
n_hidden: 2500
n_inh: 500
n_motion_tuned: 64
n_reward_levels: 3
n_top_down: 10
n_top_down_hidden: 64
noise_input_sd: 0.0
noise_rnn_sd: 0.05
nonlinear_top_down: false
restrict_output_to_exc: false
rnn_weight: 0.07693675592451624
tc_modulator: 87.48250785299308
tc_soma: 100
td_E_kappa: 0.05711305726343237
td_E_topo: 1.9432964586425554
td_I_kappa: 0.23160331127446093
td_I_topo: 1.2280510166701022
td_weight: 0.08721234785767684
