EE_kappa: 0.08488833499910181
EE_topo: 0.3916876228397612
EE_topo_mod: 4.143317459501603e-13
EI_kappa: 0.17189401851237113
EI_topo: 0.3005152510731679
EI_topo_mod: 8.838316919202312e-13
E_bias_mean: 0.0
E_bias_std: 1.0e-12
IE_kappa: 0.17647623214267022
IE_topo: 1.5733315952600748
IE_topo_mod: 1.464595864000302e-13
II_kappa: 0.18821946482237023
II_topo: 1.110198806555253
II_topo_mod: 4.688906485568451e-13
I_bias_mean: 0.0
I_bias_std: 1.0e-12
alpha_EE: 0.15557868462370547
alpha_EI: 0.06120803248812173
alpha_II: 0.07681934956685045
dt: 20
filename: results_44940fcd-ee6f-4079-9419-7e2819bb71f9.pkl
init_exc: 0.2
init_inh: 0.4
init_mod: 0.1
inp_E_kappa: 0.23387750326203166
inp_E_topo: 0.6175643891640208
inp_I_kappa: 0.21254015549078353
inp_I_topo: 0.80728296134647
input_weight: 0.11868269150527005
max_h_for_output: 5.0
mod_EE_weight: 0.25347179123367636
mod_EI_weight: 0.6396832134395631
mod_IE_weight: 0.0890811865202108
mod_II_weight: 0.8714073167517276
n_actions: 3
n_bottom_up: 67
n_cue_tuned: 2
n_exc: 2000
n_fix_tuned: 1
n_hidden: 2500
n_inh: 500
n_motion_tuned: 64
n_reward_levels: 3
n_top_down: 10
n_top_down_hidden: 64
noise_input_sd: 0.0
noise_rnn_sd: 0.05
nonlinear_top_down: false
restrict_output_to_exc: false
rnn_weight: 0.1696811104050751
tc_modulator: 46.548812584752326
tc_soma: 100
td_E_kappa: 0.13743382722446218
td_E_topo: 0.07855959998998219
td_I_kappa: 0.16382341148100676
td_I_topo: 1.9128396789906528
td_weight: 0.08721234785767684
