EE_kappa: 0.09452610702094029
EE_topo: 1.1325446738604965
EE_topo_mod: 2.7769275844696407e-13
EI_kappa: 0.18542388685277422
EI_topo: 0.6856667834795036
EI_topo_mod: 5.987666212124894e-13
E_bias_mean: 0.0
E_bias_std: 1.0e-12
IE_kappa: 0.13007316036489683
IE_topo: 0.46463458014788617
IE_topo_mod: 9.354022410265245e-13
II_kappa: 0.14015111314211287
II_topo: 0.41211928943133636
II_topo_mod: 7.607594584287461e-13
I_bias_mean: 0.0
I_bias_std: 1.0e-12
alpha_EE: 0.04918881574020821
alpha_EI: 0.2646558129615769
alpha_II: 0.29637136627654886
dt: 20
filename: results_116de03b-cffc-47b0-a415-8115bd8eadd0.pkl
init_exc: 0.2
init_inh: 0.4
init_mod: 0.1
inp_E_kappa: 0.18124619557188515
inp_E_topo: 1.4614247224619492
inp_I_kappa: 0.23836988509220852
inp_I_topo: 1.0705979847169749
input_weight: 0.1477459510385735
max_h_for_output: 5.0
mod_EE_weight: 0.17480972529955863
mod_EI_weight: 1.808547743315075
mod_IE_weight: 1.8416306109417193
mod_II_weight: 1.9232189247878955
n_actions: 3
n_bottom_up: 67
n_cue_tuned: 2
n_exc: 2000
n_fix_tuned: 1
n_hidden: 2500
n_inh: 500
n_motion_tuned: 64
n_reward_levels: 3
n_top_down: 10
n_top_down_hidden: 64
noise_input_sd: 0.0
noise_rnn_sd: 0.05
nonlinear_top_down: false
restrict_output_to_exc: false
rnn_weight: 0.1849880694858445
tc_modulator: 66.85645749024295
tc_soma: 100
td_E_kappa: 0.1928173510212301
td_E_topo: 1.7842098923436691
td_I_kappa: 0.08751563510496814
td_I_topo: 0.3326611903321386
td_weight: 0.08721234785767684
