EE_kappa: 0.05061137844182082
EE_topo: 1.7325427341220605
EE_topo_mod: 5.809859147553429e-13
EI_kappa: 0.24514270137068717
EI_topo: 1.8038346107032976
EI_topo_mod: 5.039477247454952e-13
E_bias_mean: 0.0
E_bias_std: 1.0e-12
IE_kappa: 0.14566545093126962
IE_topo: 0.9851681016676483
IE_topo_mod: 2.8181948148014146e-13
II_kappa: 0.16200995560282774
II_topo: 1.986178233047296
II_topo_mod: 5.755215635920668e-13
I_bias_mean: 0.0
I_bias_std: 1.0e-12
alpha_EE: 0.1219481743837212
alpha_EI: 0.00905327609859421
alpha_II: 0.009021292327671982
dt: 20
filename: results_1591c9bb-9f05-4ab4-9c3e-6ca9b2b69db2.pkl
init_exc: 0.2
init_inh: 0.4
init_mod: 0.1
inp_E_kappa: 0.21520693848685862
inp_E_topo: 0.740977809225851
inp_I_kappa: 0.14399770095728492
inp_I_topo: 0.7388940400488728
input_weight: 0.18882628173684907
max_h_for_output: 5.0
mod_EE_weight: 0.032123815855677806
mod_EI_weight: 0.3205220411366846
mod_IE_weight: 0.8149033121957893
mod_II_weight: 0.3362622229684794
n_actions: 3
n_bottom_up: 67
n_cue_tuned: 2
n_exc: 2000
n_fix_tuned: 1
n_hidden: 2500
n_inh: 500
n_motion_tuned: 64
n_reward_levels: 3
n_top_down: 10
n_top_down_hidden: 64
noise_input_sd: 0.0
noise_rnn_sd: 0.05
nonlinear_top_down: false
restrict_output_to_exc: false
rnn_weight: 0.18767157363108045
tc_modulator: 86.84023235384029
tc_soma: 100
td_E_kappa: 0.1268499502297268
td_E_topo: 0.091023491536953
td_I_kappa: 0.08182032322506767
td_I_topo: 0.5958322811420318
td_weight: 0.08721234785767684
