EE_kappa: 0.05380338079791065
EE_topo: 0.1579939852775154
EE_topo_mod: 4.2317269262846455e-13
EI_kappa: 0.07674732937723493
EI_topo: 0.8444627582884849
EI_topo_mod: 5.860359622269002e-13
E_bias_mean: 0.0
E_bias_std: 1.0e-12
IE_kappa: 0.1799210210146816
IE_topo: 0.14786264233116375
IE_topo_mod: 4.751276719610363e-13
II_kappa: 0.2192885428619879
II_topo: 1.4460909415619398
II_topo_mod: 2.1115377050531792e-13
I_bias_mean: 0.0
I_bias_std: 1.0e-12
alpha_EE: 0.07970007508105668
alpha_EI: 0.16295171081717133
alpha_II: 0.20876497805188693
dt: 20
filename: results_targeted_f341b345-2902-4243-a02d-7fef405a430a.pkl
init_exc: 0.2
init_inh: 0.4
init_mod: 0.1
inp_E_kappa: 0.15539318695000293
inp_E_topo: 0.6216366617249176
inp_I_kappa: 0.23106802897576895
inp_I_topo: 0.9103917105076698
input_weight: 0.1947230540993634
max_h_for_output: 5.0
mod_EE_weight: 0.5176595137622294
mod_EI_weight: 0.02658710624844285
mod_IE_weight: 0.39570940904800345
mod_II_weight: 0.17805433749983046
n_actions: 3
n_bottom_up: 67
n_cue_tuned: 2
n_exc: 2000
n_fix_tuned: 1
n_hidden: 2500
n_inh: 500
n_motion_tuned: 64
n_reward_levels: 3
n_top_down: 10
n_top_down_hidden: 64
noise_input_sd: 0.0
noise_rnn_sd: 0.05
nonlinear_top_down: false
restrict_output_to_exc: false
rnn_weight: 0.17216540398861452
tc_modulator: 23.292511310957728
tc_soma: 100
td_E_kappa: 0.15830724287875536
td_E_topo: 1.9812226434212188
td_I_kappa: 0.10566015260268807
td_I_topo: 0.4706192370958837
td_weight: 0.08721234785767684
