EE_kappa: 0.059152295652648235
EE_topo: 0.845832369237659
EE_topo_mod: 5.654040711066844e-13
EI_kappa: 0.08632982452506721
EI_topo: 0.0947838967028416
EI_topo_mod: 9.78706745302272e-13
E_bias_mean: 0.0
E_bias_std: 1.0e-12
IE_kappa: 0.168634057714389
IE_topo: 0.9760059033422694
IE_topo_mod: 5.613230238746202e-13
II_kappa: 0.18000634218565337
II_topo: 1.3235616562424046
II_topo_mod: 1.7190333649461408e-13
I_bias_mean: 0.0
I_bias_std: 1.0e-12
alpha_EE: 0.13664536237897723
alpha_EI: 0.1857257274222414
alpha_II: 0.19742315813125674
dt: 20
filename: results_888c49b7-3004-450a-9487-5c21550a09c6.pkl
init_exc: 0.2
init_inh: 0.4
init_mod: 0.1
inp_E_kappa: 0.22409817912989483
inp_E_topo: 1.157061722831274
inp_I_kappa: 0.1610557605005279
inp_I_topo: 0.5934104010749894
input_weight: 0.09762917984332148
max_h_for_output: 5.0
mod_EE_weight: 0.4729599905359527
mod_EI_weight: 1.1795614561836398
mod_IE_weight: 1.1268577396416484
mod_II_weight: 1.6266716254718494
n_actions: 3
n_bottom_up: 67
n_cue_tuned: 2
n_exc: 2000
n_fix_tuned: 1
n_hidden: 2500
n_inh: 500
n_motion_tuned: 64
n_reward_levels: 3
n_top_down: 10
n_top_down_hidden: 64
noise_input_sd: 0.0
noise_rnn_sd: 0.05
nonlinear_top_down: false
restrict_output_to_exc: false
rnn_weight: 0.18877017331050328
tc_modulator: 76.61210031599384
tc_soma: 100
td_E_kappa: 0.18938454310083386
td_E_topo: 0.07464548584249187
td_I_kappa: 0.10712792070676146
td_I_topo: 1.006291681260514
td_weight: 0.08721234785767684
