EE_kappa: 0.07359533653944104
EE_topo: 1.3519210269368382
EE_topo_mod: 4.218343559367139e-13
EI_kappa: 0.14813908165277573
EI_topo: 1.6939794996873114
EI_topo_mod: 1.872697274157774e-13
E_bias_mean: 0.0
E_bias_std: 1.0e-12
IE_kappa: 0.1444199190862751
IE_topo: 0.9234149217914951
IE_topo_mod: 9.380997818704857e-13
II_kappa: 0.09426725407788275
II_topo: 1.5951709442079287
II_topo_mod: 5.330999771153855e-14
I_bias_mean: 0.0
I_bias_std: 1.0e-12
alpha_EE: 0.12465209645043984
alpha_EI: 0.016061622243099514
alpha_II: 0.1800590283022742
dt: 20
filename: results_42a97bc1-fb6d-485e-8dc6-689a48085761.pkl
init_exc: 0.2
init_inh: 0.4
init_mod: 0.1
inp_E_kappa: 0.17131886439471966
inp_E_topo: 1.9156790603447365
inp_I_kappa: 0.15283162766300695
inp_I_topo: 1.9343703566266461
input_weight: 0.17105819290888755
max_h_for_output: 5.0
mod_EE_weight: 0.2702324569184702
mod_EI_weight: 0.8027979884024011
mod_IE_weight: 0.35788722794555183
mod_II_weight: 0.47987088642909714
n_actions: 3
n_bottom_up: 67
n_cue_tuned: 2
n_exc: 2000
n_fix_tuned: 1
n_hidden: 2500
n_inh: 500
n_motion_tuned: 64
n_reward_levels: 3
n_top_down: 10
n_top_down_hidden: 64
noise_input_sd: 0.0
noise_rnn_sd: 0.05
nonlinear_top_down: false
restrict_output_to_exc: false
rnn_weight: 0.19981787661908834
tc_modulator: 58.1085613928483
tc_soma: 100
td_E_kappa: 0.10489065826834763
td_E_topo: 1.3603601913358552
td_I_kappa: 0.17264239833953113
td_I_topo: 0.003889472147200479
td_weight: 0.08721234785767684
