EE_kappa: 0.0999790948311866
EE_topo: 1.141580838974331
EE_topo_mod: 9.759454235688636e-14
EI_kappa: 0.15371864973494903
EI_topo: 0.6497539982087523
EI_topo_mod: 3.498141155908546e-13
E_bias_mean: 0.0
E_bias_std: 1.0e-12
IE_kappa: 0.17829116349644125
IE_topo: 0.6339065227439724
IE_topo_mod: 1.7315587675594935e-13
II_kappa: 0.20444702687745447
II_topo: 0.4565225605453511
II_topo_mod: 6.408251841261817e-13
I_bias_mean: 0.0
I_bias_std: 1.0e-12
alpha_EE: 0.04947119590826643
alpha_EI: 0.20900819393935213
alpha_II: 0.031657532387528615
dt: 20
filename: results_2b71f2e8-035f-49c8-ac3c-9f24b3208510.pkl
init_exc: 0.2
init_inh: 0.4
init_mod: 0.1
inp_E_kappa: 0.13275532793007888
inp_E_topo: 1.6276423499205073
inp_I_kappa: 0.09721446381826332
inp_I_topo: 0.05194986249365763
input_weight: 0.12544570235243752
max_h_for_output: 5.0
mod_EE_weight: 1.0060289367054782
mod_EI_weight: 1.505608672158696
mod_IE_weight: 0.25778573298353824
mod_II_weight: 0.30693407799527095
n_actions: 3
n_bottom_up: 67
n_cue_tuned: 2
n_exc: 2000
n_fix_tuned: 1
n_hidden: 2500
n_inh: 500
n_motion_tuned: 64
n_reward_levels: 3
n_top_down: 10
n_top_down_hidden: 64
noise_input_sd: 0.0
noise_rnn_sd: 0.05
nonlinear_top_down: false
restrict_output_to_exc: false
rnn_weight: 0.12596401878042202
tc_modulator: 74.02194847826168
tc_soma: 100
td_E_kappa: 0.20503792298929907
td_E_topo: 1.027771862484934
td_I_kappa: 0.07031590407282971
td_I_topo: 1.428477107052252
td_weight: 0.08721234785767684
