EE_kappa: 0.07330716241999924
EE_topo: 1.4850157398351946
EE_topo_mod: 5.005248508849957e-13
EI_kappa: 0.23540368626944386
EI_topo: 1.922120069174843
EI_topo_mod: 9.955896724185561e-13
E_bias_mean: 0.0
E_bias_std: 1.0e-12
IE_kappa: 0.21603933302645
IE_topo: 0.17476229908812435
IE_topo_mod: 6.725303712053844e-13
II_kappa: 0.16061511976908244
II_topo: 0.12108303810267085
II_topo_mod: 1.038149058184008e-13
I_bias_mean: 0.0
I_bias_std: 1.0e-12
alpha_EE: 0.23508819207379553
alpha_EI: 0.14397157200952546
alpha_II: 0.17479750618646642
dt: 20
filename: results_da7a20c1-a275-4a65-98bc-a9e9dad51a3d.pkl
init_exc: 0.2
init_inh: 0.4
init_mod: 0.1
inp_E_kappa: 0.10744470464174655
inp_E_topo: 1.7182411334775947
inp_I_kappa: 0.12074446934673333
inp_I_topo: 1.201363040742063
input_weight: 0.14024501507768772
max_h_for_output: 5.0
mod_EE_weight: 0.33535371712719075
mod_EI_weight: 0.5356237107858124
mod_IE_weight: 1.364353444828555
mod_II_weight: 0.5844783824755504
n_actions: 3
n_bottom_up: 67
n_cue_tuned: 2
n_exc: 2000
n_fix_tuned: 1
n_hidden: 2500
n_inh: 500
n_motion_tuned: 64
n_reward_levels: 3
n_top_down: 10
n_top_down_hidden: 64
noise_input_sd: 0.0
noise_rnn_sd: 0.05
nonlinear_top_down: false
restrict_output_to_exc: false
rnn_weight: 0.17918616833946266
tc_modulator: 26.899414998488975
tc_soma: 100
td_E_kappa: 0.1244540347840178
td_E_topo: 0.2690606149253638
td_I_kappa: 0.06833769331261348
td_I_topo: 1.746508912855885
td_weight: 0.08721234785767684
