EE_kappa: 0.08477978493792633
EE_topo: 1.2472465756249544
EE_topo_mod: 4.0395734792775137e-13
EI_kappa: 0.19303932017060488
EI_topo: 0.7745892798182241
EI_topo_mod: 5.745397071373849e-13
E_bias_mean: 0.0
E_bias_std: 1.0e-12
IE_kappa: 0.18093404253057538
IE_topo: 1.788385197995814
IE_topo_mod: 7.811478784613468e-13
II_kappa: 0.23967377985654192
II_topo: 0.580671439712751
II_topo_mod: 9.635131920787398e-13
I_bias_mean: 0.0
I_bias_std: 1.0e-12
alpha_EE: 0.2408807786787297
alpha_EI: 0.018463027072163095
alpha_II: 0.19562575602859192
dt: 20
filename: results_6bd1437f-c96a-4f26-94cc-8a93ddaf8b62.pkl
init_exc: 0.2
init_inh: 0.4
init_mod: 0.1
inp_E_kappa: 0.0648861546743132
inp_E_topo: 1.1262014634807396
inp_I_kappa: 0.11640061494605883
inp_I_topo: 0.5021608561571713
input_weight: 0.1413587834237564
max_h_for_output: 5.0
mod_EE_weight: 0.7516110362145205
mod_EI_weight: 0.4929795571045259
mod_IE_weight: 0.6950432081906986
mod_II_weight: 0.005204710290580561
n_actions: 3
n_bottom_up: 67
n_cue_tuned: 2
n_exc: 2000
n_fix_tuned: 1
n_hidden: 2500
n_inh: 500
n_motion_tuned: 64
n_reward_levels: 3
n_top_down: 10
n_top_down_hidden: 64
noise_input_sd: 0.0
noise_rnn_sd: 0.05
nonlinear_top_down: false
restrict_output_to_exc: false
rnn_weight: 0.16540790689845666
tc_modulator: 41.60525233707851
tc_soma: 100
td_E_kappa: 0.07508315507132222
td_E_topo: 0.15595289507024224
td_I_kappa: 0.23936467845872478
td_I_topo: 1.9436659339612725
td_weight: 0.08721234785767684
