EE_kappa: 0.07260617131469776
EE_topo: 1.2509365714661445
EE_topo_mod: 6.083484583980044e-13
EI_kappa: 0.1247194877229311
EI_topo: 1.0573653908273537
EI_topo_mod: 7.679497559953658e-13
E_bias_mean: 0.0
E_bias_std: 1.0e-12
IE_kappa: 0.15403231915889995
IE_topo: 1.870480803653013
IE_topo_mod: 7.683255148798312e-13
II_kappa: 0.17108725803528116
II_topo: 1.2443138412095502
II_topo_mod: 7.66492823064836e-13
I_bias_mean: 0.0
I_bias_std: 1.0e-12
alpha_EE: 0.10363784716830843
alpha_EI: 0.06976654224728808
alpha_II: 0.20562633823193477
dt: 20
filename: results_0ffd9175-222b-401a-8fb6-ccff2712606c.pkl
init_exc: 0.2
init_inh: 0.4
init_mod: 0.1
inp_E_kappa: 0.1663388313771153
inp_E_topo: 0.48109034848292187
inp_I_kappa: 0.17486766819092125
inp_I_topo: 1.9300290123088968
input_weight: 0.1836079255545472
max_h_for_output: 5.0
mod_EE_weight: 0.19069846152062364
mod_EI_weight: 0.7267837524096126
mod_IE_weight: 0.011337294969606448
mod_II_weight: 0.49415713225694446
n_actions: 3
n_bottom_up: 67
n_cue_tuned: 2
n_exc: 2000
n_fix_tuned: 1
n_hidden: 2500
n_inh: 500
n_motion_tuned: 64
n_reward_levels: 3
n_top_down: 10
n_top_down_hidden: 64
noise_input_sd: 0.0
noise_rnn_sd: 0.05
nonlinear_top_down: false
restrict_output_to_exc: false
rnn_weight: 0.1669446502293938
tc_modulator: 66.87346857502347
tc_soma: 100
td_E_kappa: 0.23013496606771094
td_E_topo: 0.06380199375912476
td_I_kappa: 0.13021565001754826
td_I_topo: 0.7966196553232137
td_weight: 0.08721234785767684
