EE_kappa: 0.07466471405434812
EE_topo: 0.3718506349273958
EE_topo_mod: 6.884886484827529e-13
EI_kappa: 0.13380008113189593
EI_topo: 1.0709020854384241
EI_topo_mod: 6.409187869835243e-13
E_bias_mean: 0.0
E_bias_std: 1.0e-12
IE_kappa: 0.13552117708229855
IE_topo: 1.0297356342860862
IE_topo_mod: 3.436752980598522e-13
II_kappa: 0.1656831105045115
II_topo: 1.3945516590820648
II_topo_mod: 9.358622206357023e-13
I_bias_mean: 0.0
I_bias_std: 1.0e-12
alpha_EE: 0.028052673096265877
alpha_EI: 0.09756576341180968
alpha_II: 0.2317157148010195
dt: 20
filename: results_4a20eb51-2ca5-4917-8e6b-5ad5b00b9ccd.pkl
init_exc: 0.2
init_inh: 0.4
init_mod: 0.1
inp_E_kappa: 0.05373844935924863
inp_E_topo: 1.3365443807303503
inp_I_kappa: 0.20128712565217938
inp_I_topo: 0.35296941026482154
input_weight: 0.1871464078079621
max_h_for_output: 5.0
mod_EE_weight: 1.3864027718488763
mod_EI_weight: 1.8904784230768283
mod_IE_weight: 0.6556441477920529
mod_II_weight: 0.6344602274837909
n_actions: 3
n_bottom_up: 67
n_cue_tuned: 2
n_exc: 2000
n_fix_tuned: 1
n_hidden: 2500
n_inh: 500
n_motion_tuned: 64
n_reward_levels: 3
n_top_down: 10
n_top_down_hidden: 64
noise_input_sd: 0.0
noise_rnn_sd: 0.05
nonlinear_top_down: false
restrict_output_to_exc: false
rnn_weight: 0.195993314782214
tc_modulator: 31.678633338860678
tc_soma: 100
td_E_kappa: 0.247814202013382
td_E_topo: 1.045969261088136
td_I_kappa: 0.07361824454891147
td_I_topo: 1.202912103551917
td_weight: 0.08721234785767684
