EE_kappa: 0.09179410503760828
EE_topo: 1.814538045794556
EE_topo_mod: 4.713449635476996e-14
EI_kappa: 0.1321801318079754
EI_topo: 1.514495107216986
EI_topo_mod: 6.747649353438016e-13
E_bias_mean: 0.0
E_bias_std: 1.0e-12
IE_kappa: 0.2193664594503803
IE_topo: 0.6706185426875151
IE_topo_mod: 1.8885429751380232e-13
II_kappa: 0.12255682740089613
II_topo: 1.9104804328944078
II_topo_mod: 4.485690841871802e-13
I_bias_mean: 0.0
I_bias_std: 1.0e-12
alpha_EE: 0.19895148171492197
alpha_EI: 0.1621493185477569
alpha_II: 0.28018503532416156
dt: 20
filename: results_4b58ab5a-9977-442c-bca0-42ace87bd291.pkl
init_exc: 0.2
init_inh: 0.4
init_mod: 0.1
inp_E_kappa: 0.15656168290661457
inp_E_topo: 1.5846178930465384
inp_I_kappa: 0.070767665792642
inp_I_topo: 0.8141943679475958
input_weight: 0.12540107701521885
max_h_for_output: 5.0
mod_EE_weight: 0.14276748699656383
mod_EI_weight: 1.5643984911223365
mod_IE_weight: 1.5702949757848712
mod_II_weight: 1.6405563913010925
n_actions: 3
n_bottom_up: 67
n_cue_tuned: 2
n_exc: 2000
n_fix_tuned: 1
n_hidden: 2500
n_inh: 500
n_motion_tuned: 64
n_reward_levels: 3
n_top_down: 10
n_top_down_hidden: 64
noise_input_sd: 0.0
noise_rnn_sd: 0.05
nonlinear_top_down: false
restrict_output_to_exc: false
rnn_weight: 0.12005761742885311
tc_modulator: 44.1769644737485
tc_soma: 100
td_E_kappa: 0.11090940039982747
td_E_topo: 1.2906211284731608
td_I_kappa: 0.1945814824489156
td_I_topo: 0.57591777833332
td_weight: 0.08721234785767684
