EE_kappa: 0.12528862505915905
EE_topo: 1.2523035827712317
EE_topo_mod: 2.651460662313937e-13
EI_kappa: 0.22523320319456452
EI_topo: 1.7414054431643509
EI_topo_mod: 8.016062544925729e-14
E_bias_mean: 0.0
E_bias_std: 1.0e-12
IE_kappa: 0.11586192744584206
IE_topo: 0.9731654774583611
IE_topo_mod: 7.017629674860249e-14
II_kappa: 0.142038462913321
II_topo: 1.6841593416963003
II_topo_mod: 6.048237410157501e-13
I_bias_mean: 0.0
I_bias_std: 1.0e-12
alpha_EE: 0.24460244370256073
alpha_EI: 0.2409548885608118
alpha_II: 0.1671570744961595
dt: 20
filename: results_cbb31bb7-6347-4327-be78-26e4267c543a.pkl
init_exc: 0.2
init_inh: 0.4
init_mod: 0.1
inp_E_kappa: 0.20421838912860263
inp_E_topo: 1.164977057657484
inp_I_kappa: 0.11848994787014465
inp_I_topo: 1.7697037597668366
input_weight: 0.1417236134222059
max_h_for_output: 5.0
mod_EE_weight: 1.9436380038144756
mod_EI_weight: 0.540439078608788
mod_IE_weight: 0.1191176989739029
mod_II_weight: 1.9269490893203782
n_actions: 3
n_bottom_up: 67
n_cue_tuned: 2
n_exc: 2000
n_fix_tuned: 1
n_hidden: 2500
n_inh: 500
n_motion_tuned: 64
n_reward_levels: 3
n_top_down: 10
n_top_down_hidden: 64
noise_input_sd: 0.0
noise_rnn_sd: 0.05
nonlinear_top_down: false
restrict_output_to_exc: false
rnn_weight: 0.15920700866146617
tc_modulator: 71.78554416393466
tc_soma: 100
td_E_kappa: 0.18038039528868294
td_E_topo: 1.7877787300032784
td_I_kappa: 0.16811470088973582
td_I_topo: 0.7473592951401484
td_weight: 0.08721234785767684
