EE_kappa: 0.1226912552209075
EE_topo: 0.5709075121449747
EE_topo_mod: 5.84770845955496e-13
EI_kappa: 0.12992248162391465
EI_topo: 1.0988464906893365
EI_topo_mod: 6.739342823796052e-13
E_bias_mean: 0.0
E_bias_std: 1.0e-12
IE_kappa: 0.2248872044883834
IE_topo: 0.33228907884511316
IE_topo_mod: 6.974774305640266e-13
II_kappa: 0.18354045613774406
II_topo: 1.773279710445617
II_topo_mod: 5.296434094165621e-13
I_bias_mean: 0.0
I_bias_std: 1.0e-12
alpha_EE: 0.17790225865997342
alpha_EI: 0.2527139571784649
alpha_II: 0.08247939463771138
dt: 20
filename: results_9024d120-fb3f-488d-9aa1-c6ecdf1f96b6.pkl
init_exc: 0.2
init_inh: 0.4
init_mod: 0.1
inp_E_kappa: 0.0737954628878572
inp_E_topo: 0.5405360234234609
inp_I_kappa: 0.23318766741916858
inp_I_topo: 1.818714276442937
input_weight: 0.19863435420920394
max_h_for_output: 5.0
mod_EE_weight: 0.32324740927025886
mod_EI_weight: 0.19815493539266738
mod_IE_weight: 0.25296599723407354
mod_II_weight: 0.5853030047919862
n_actions: 3
n_bottom_up: 67
n_cue_tuned: 2
n_exc: 2000
n_fix_tuned: 1
n_hidden: 2500
n_inh: 500
n_motion_tuned: 64
n_reward_levels: 3
n_top_down: 10
n_top_down_hidden: 64
noise_input_sd: 0.0
noise_rnn_sd: 0.05
nonlinear_top_down: false
restrict_output_to_exc: false
rnn_weight: 0.17352915752720088
tc_modulator: 21.952118845694848
tc_soma: 100
td_E_kappa: 0.14887360662823684
td_E_topo: 1.6474779608900143
td_I_kappa: 0.12295186401023175
td_I_topo: 1.1100122336472797
td_weight: 0.08721234785767684
