EE_kappa: 0.09139235617928664
EE_topo: 0.3336919951401476
EE_topo_mod: 6.026980575824338e-13
EI_kappa: 0.1286292769101942
EI_topo: 1.6897837093653545
EI_topo_mod: 6.913357065811051e-13
E_bias_mean: 0.0
E_bias_std: 1.0e-12
IE_kappa: 0.22836330831106222
IE_topo: 0.010733938234815277
IE_topo_mod: 9.93135472396746e-13
II_kappa: 0.2386808693022866
II_topo: 0.24647903216368472
II_topo_mod: 3.691662523539192e-13
I_bias_mean: 0.0
I_bias_std: 1.0e-12
alpha_EE: 0.041049631180366274
alpha_EI: 0.23778797809438773
alpha_II: 0.04788654450200255
dt: 20
filename: results_7666d4d6-30fb-4057-9772-700f60778db2.pkl
init_exc: 0.2
init_inh: 0.4
init_mod: 0.1
inp_E_kappa: 0.2060848530586762
inp_E_topo: 1.265777224346171
inp_I_kappa: 0.09351308439947661
inp_I_topo: 0.42516118492803856
input_weight: 0.13166233748680828
max_h_for_output: 5.0
mod_EE_weight: 0.4938867417495356
mod_EI_weight: 0.37266814518817604
mod_IE_weight: 0.1956158270081223
mod_II_weight: 0.29689741939702974
n_actions: 3
n_bottom_up: 67
n_cue_tuned: 2
n_exc: 2000
n_fix_tuned: 1
n_hidden: 2500
n_inh: 500
n_motion_tuned: 64
n_reward_levels: 3
n_top_down: 10
n_top_down_hidden: 64
noise_input_sd: 0.0
noise_rnn_sd: 0.05
nonlinear_top_down: false
restrict_output_to_exc: false
rnn_weight: 0.193748037983073
tc_modulator: 44.95465928937424
tc_soma: 100
td_E_kappa: 0.09491500186508853
td_E_topo: 1.7481081044857751
td_I_kappa: 0.19679767483778465
td_I_topo: 0.9532557385052367
td_weight: 0.08721234785767684
