EE_kappa: 0.05539472802541112
EE_topo: 0.8112431350011353
EE_topo_mod: 6.418879161509244e-13
EI_kappa: 0.09034473981515725
EI_topo: 1.608258945417359
EI_topo_mod: 4.897280664475256e-13
E_bias_mean: 0.0
E_bias_std: 1.0e-12
IE_kappa: 0.241996463757443
IE_topo: 0.8635969369232497
IE_topo_mod: 7.978897046306142e-13
II_kappa: 0.16977841570122004
II_topo: 1.7612481681879395
II_topo_mod: 9.559391619240767e-13
I_bias_mean: 0.0
I_bias_std: 1.0e-12
alpha_EE: 0.18657065257568628
alpha_EI: 0.10996795117066012
alpha_II: 0.052713048122888816
dt: 20
filename: results_81206086-151d-4e39-b09c-066e55654f8a.pkl
init_exc: 0.2
init_inh: 0.4
init_mod: 0.1
inp_E_kappa: 0.08955662657304053
inp_E_topo: 0.14734451167923823
inp_I_kappa: 0.2449083751661843
inp_I_topo: 1.3837514525528112
input_weight: 0.09677109484498717
max_h_for_output: 5.0
mod_EE_weight: 1.5191045478247192
mod_EI_weight: 1.4245093191306315
mod_IE_weight: 0.40512055286186976
mod_II_weight: 1.9302848335499427
n_actions: 3
n_bottom_up: 67
n_cue_tuned: 2
n_exc: 2000
n_fix_tuned: 1
n_hidden: 2500
n_inh: 500
n_motion_tuned: 64
n_reward_levels: 3
n_top_down: 10
n_top_down_hidden: 64
noise_input_sd: 0.0
noise_rnn_sd: 0.05
nonlinear_top_down: false
restrict_output_to_exc: false
rnn_weight: 0.17808177406887676
tc_modulator: 96.09416750477754
tc_soma: 100
td_E_kappa: 0.1764732976782325
td_E_topo: 1.7453027866216873
td_I_kappa: 0.0932806532330399
td_I_topo: 0.19749636295427875
td_weight: 0.08721234785767684
