EE_kappa: 0.05667702975429148
EE_topo: 0.08376326038251092
EE_topo_mod: 1.0651216902873261e-13
EI_kappa: 0.16648587425256547
EI_topo: 0.8873011189145255
EI_topo_mod: 8.121675086164305e-13
E_bias_mean: 0.0
E_bias_std: 1.0e-12
IE_kappa: 0.07520952649342305
IE_topo: 0.1074318391858935
IE_topo_mod: 9.726734258398075e-13
II_kappa: 0.17725216887835926
II_topo: 1.7013472540874721
II_topo_mod: 6.771120224474934e-13
I_bias_mean: 0.0
I_bias_std: 1.0e-12
alpha_EE: 0.22347893696103413
alpha_EI: 0.0004511815659070328
alpha_II: 0.08474345777822608
dt: 20
filename: results_6c760d8c-d724-42d4-a0f2-c028e950f4c1.pkl
init_exc: 0.2
init_inh: 0.4
init_mod: 0.1
inp_E_kappa: 0.17687818613380235
inp_E_topo: 0.3603215080175408
inp_I_kappa: 0.08609558627428866
inp_I_topo: 1.2314157867923015
input_weight: 0.18675022769658733
max_h_for_output: 5.0
mod_EE_weight: 0.5480607162317541
mod_EI_weight: 0.1955171494445731
mod_IE_weight: 1.5324914441772355
mod_II_weight: 0.711343885858537
n_actions: 3
n_bottom_up: 67
n_cue_tuned: 2
n_exc: 2000
n_fix_tuned: 1
n_hidden: 2500
n_inh: 500
n_motion_tuned: 64
n_reward_levels: 3
n_top_down: 10
n_top_down_hidden: 64
noise_input_sd: 0.0
noise_rnn_sd: 0.05
nonlinear_top_down: false
restrict_output_to_exc: false
rnn_weight: 0.13605512052002247
tc_modulator: 40.1220151444462
tc_soma: 100
td_E_kappa: 0.20852924719240556
td_E_topo: 0.33149129073786554
td_I_kappa: 0.1669083814632245
td_I_topo: 1.594822363068952
td_weight: 0.08721234785767684
