EE_kappa: 0.10450133951376579
EE_topo: 0.4253379443963685
EE_topo_mod: 4.575018329821735e-13
EI_kappa: 0.15685031841742297
EI_topo: 0.9981817042025078
EI_topo_mod: 7.362897084982648e-13
E_bias_mean: 0.0
E_bias_std: 1.0e-12
IE_kappa: 0.22120281897546046
IE_topo: 0.8757582818772991
IE_topo_mod: 3.553552941095011e-13
II_kappa: 0.205573198254757
II_topo: 1.3286439257003433
II_topo_mod: 6.129876377720906e-13
I_bias_mean: 0.0
I_bias_std: 1.0e-12
alpha_EE: 0.237812907984205
alpha_EI: 0.058444586929518136
alpha_II: 0.0034205709078937827
dt: 20
filename: results_aece6314-9eeb-41d7-8166-0b83efa3ce62.pkl
init_exc: 0.2
init_inh: 0.4
init_mod: 0.1
inp_E_kappa: 0.0719787950041005
inp_E_topo: 0.5593977817437907
inp_I_kappa: 0.0809553912163267
inp_I_topo: 1.0820609830906118
input_weight: 0.11401082893041929
max_h_for_output: 5.0
mod_EE_weight: 0.4554387364467476
mod_EI_weight: 0.19927284237410503
mod_IE_weight: 1.9250371091728669
mod_II_weight: 0.3578686165893701
n_actions: 3
n_bottom_up: 67
n_cue_tuned: 2
n_exc: 2000
n_fix_tuned: 1
n_hidden: 2500
n_inh: 500
n_motion_tuned: 64
n_reward_levels: 3
n_top_down: 10
n_top_down_hidden: 64
noise_input_sd: 0.0
noise_rnn_sd: 0.05
nonlinear_top_down: false
restrict_output_to_exc: false
rnn_weight: 0.19299625153082278
tc_modulator: 56.98128102048288
tc_soma: 100
td_E_kappa: 0.14607410035087512
td_E_topo: 1.0628958594968054
td_I_kappa: 0.14098622026714183
td_I_topo: 1.4548574719138667
td_weight: 0.08721234785767684
