EE_kappa: 0.08935774112499682
EE_topo: 1.8673762714605655
EE_topo_mod: 9.948438986037719e-13
EI_kappa: 0.2390254151052289
EI_topo: 0.20316248376389878
EI_topo_mod: 7.70401254755069e-13
E_bias_mean: 0.0
E_bias_std: 1.0e-12
IE_kappa: 0.2469812289228407
IE_topo: 1.8223641133867208
IE_topo_mod: 3.6588263888392235e-13
II_kappa: 0.22476173361932533
II_topo: 1.699866542080564
II_topo_mod: 6.334030299758422e-13
I_bias_mean: 0.0
I_bias_std: 1.0e-12
alpha_EE: 0.06250400233224593
alpha_EI: 0.2391121695917625
alpha_II: 0.06923544759391077
dt: 20
filename: results_4e4ac6bf-12a6-4513-a7ce-075c3c383dea.pkl
init_exc: 0.2
init_inh: 0.4
init_mod: 0.1
inp_E_kappa: 0.20433974943643263
inp_E_topo: 0.5493923683131896
inp_I_kappa: 0.15736872538745778
inp_I_topo: 1.7284980176840614
input_weight: 0.1854433399686779
max_h_for_output: 5.0
mod_EE_weight: 0.33885322055127776
mod_EI_weight: 0.7117256991894838
mod_IE_weight: 0.015846524041898347
mod_II_weight: 0.6869049085066333
n_actions: 3
n_bottom_up: 67
n_cue_tuned: 2
n_exc: 2000
n_fix_tuned: 1
n_hidden: 2500
n_inh: 500
n_motion_tuned: 64
n_reward_levels: 3
n_top_down: 10
n_top_down_hidden: 64
noise_input_sd: 0.0
noise_rnn_sd: 0.05
nonlinear_top_down: false
restrict_output_to_exc: false
rnn_weight: 0.14964767816790608
tc_modulator: 27.51962062130122
tc_soma: 100
td_E_kappa: 0.1310356637422036
td_E_topo: 0.7213127739840355
td_I_kappa: 0.16010254090512077
td_I_topo: 1.1194950072644265
td_weight: 0.08721234785767684
