EE_kappa: 0.06502957003571533
EE_topo: 1.2485690820130368
EE_topo_mod: 6.359180916982543e-14
EI_kappa: 0.11715189431807099
EI_topo: 1.8764451900062886
EI_topo_mod: 2.1883771973829936e-13
E_bias_mean: 0.0
E_bias_std: 1.0e-12
IE_kappa: 0.15865859351581305
IE_topo: 0.8551491835552301
IE_topo_mod: 9.21033005602142e-13
II_kappa: 0.22031798634070798
II_topo: 0.8713399641655053
II_topo_mod: 6.663558556193607e-13
I_bias_mean: 0.0
I_bias_std: 1.0e-12
alpha_EE: 0.13577282892983394
alpha_EI: 0.04066484945701264
alpha_II: 0.06021187392562263
dt: 20
filename: results_61a22d79-22f1-46d1-81e7-7f18fb7cd69d.pkl
init_exc: 0.2
init_inh: 0.4
init_mod: 0.1
inp_E_kappa: 0.08878042523481455
inp_E_topo: 0.10183150281792486
inp_I_kappa: 0.17981866915688582
inp_I_topo: 0.15838034069824847
input_weight: 0.10059540101288193
max_h_for_output: 5.0
mod_EE_weight: 1.370078692046336
mod_EI_weight: 1.9812122450776015
mod_IE_weight: 1.6904003289670193
mod_II_weight: 0.549978071264583
n_actions: 3
n_bottom_up: 67
n_cue_tuned: 2
n_exc: 2000
n_fix_tuned: 1
n_hidden: 2500
n_inh: 500
n_motion_tuned: 64
n_reward_levels: 3
n_top_down: 10
n_top_down_hidden: 64
noise_input_sd: 0.0
noise_rnn_sd: 0.05
nonlinear_top_down: false
restrict_output_to_exc: false
rnn_weight: 0.11506132495108855
tc_modulator: 31.247473124131197
tc_soma: 100
td_E_kappa: 0.24578046905983753
td_E_topo: 0.306108410169621
td_I_kappa: 0.1357316376518596
td_I_topo: 1.0069528317366696
td_weight: 0.08721234785767684
