EE_kappa: 0.12462794972598344
EE_topo: 1.4010722958089366
EE_topo_mod: 4.9790581895275854e-14
EI_kappa: 0.24052788304701084
EI_topo: 0.20295722254040904
EI_topo_mod: 6.009852269486233e-13
E_bias_mean: 0.0
E_bias_std: 1.0e-12
IE_kappa: 0.1800323534165451
IE_topo: 0.41301357906565683
IE_topo_mod: 8.470123084400343e-13
II_kappa: 0.15514210420273322
II_topo: 1.9018655156699227
II_topo_mod: 9.63152974257384e-13
I_bias_mean: 0.0
I_bias_std: 1.0e-12
alpha_EE: 0.10598443236800967
alpha_EI: 0.262161534579445
alpha_II: 0.20478369306115374
dt: 20
filename: results_3add0f8f-2c13-4103-86f8-a3e8c4100a1f.pkl
init_exc: 0.2
init_inh: 0.4
init_mod: 0.1
inp_E_kappa: 0.22088426590315452
inp_E_topo: 1.7872575084710047
inp_I_kappa: 0.051011479869730605
inp_I_topo: 1.87621637741623
input_weight: 0.07396493534289905
max_h_for_output: 5.0
mod_EE_weight: 1.0291564403026707
mod_EI_weight: 0.7800375489693123
mod_IE_weight: 0.7550231806941301
mod_II_weight: 1.0326426210180248
n_actions: 3
n_bottom_up: 67
n_cue_tuned: 2
n_exc: 2000
n_fix_tuned: 1
n_hidden: 2500
n_inh: 500
n_motion_tuned: 64
n_reward_levels: 3
n_top_down: 10
n_top_down_hidden: 64
noise_input_sd: 0.0
noise_rnn_sd: 0.05
nonlinear_top_down: false
restrict_output_to_exc: false
rnn_weight: 0.14867587771421542
tc_modulator: 43.08129151044419
tc_soma: 100
td_E_kappa: 0.174853279741762
td_E_topo: 1.8203920640840838
td_I_kappa: 0.15963615278412446
td_I_topo: 0.5473200123844875
td_weight: 0.08721234785767684
