EE_kappa: 0.13232767595256723
EE_topo: 1.1190663540563954
EE_topo_mod: 7.977802185878157e-13
EI_kappa: 0.16922722149739794
EI_topo: 1.2462737461828701
EI_topo_mod: 2.0882297166265807e-13
E_bias_mean: 0.0
E_bias_std: 1.0e-12
IE_kappa: 0.21560817585864211
IE_topo: 0.984013711728783
IE_topo_mod: 2.992561972430442e-13
II_kappa: 0.18187245235508925
II_topo: 1.3429919288304428
II_topo_mod: 5.104150224301499e-13
I_bias_mean: 0.0
I_bias_std: 1.0e-12
alpha_EE: 0.1154025927673053
alpha_EI: 0.06845877679650172
alpha_II: 0.06146454632588898
dt: 20
filename: results_38a8b88f-22b2-4c78-9eeb-68d8b57ed918.pkl
init_exc: 0.2
init_inh: 0.4
init_mod: 0.1
inp_E_kappa: 0.05099708907014453
inp_E_topo: 0.6310932739444235
inp_I_kappa: 0.11286663270611724
inp_I_topo: 1.4610644238923423
input_weight: 0.12100709548637377
max_h_for_output: 5.0
mod_EE_weight: 0.5659361186019638
mod_EI_weight: 0.5326985424091355
mod_IE_weight: 0.16952223564034186
mod_II_weight: 0.5756757103986767
n_actions: 3
n_bottom_up: 67
n_cue_tuned: 2
n_exc: 2000
n_fix_tuned: 1
n_hidden: 2500
n_inh: 500
n_motion_tuned: 64
n_reward_levels: 3
n_top_down: 10
n_top_down_hidden: 64
noise_input_sd: 0.0
noise_rnn_sd: 0.05
nonlinear_top_down: false
restrict_output_to_exc: false
rnn_weight: 0.13951895426151908
tc_modulator: 36.58534443086823
tc_soma: 100
td_E_kappa: 0.2226880907066613
td_E_topo: 1.8168945117446076
td_I_kappa: 0.21949389709282824
td_I_topo: 0.9355182166091944
td_weight: 0.08721234785767684
