EE_kappa: 0.06000195009081895
EE_topo: 0.7490840863565544
EE_topo_mod: 5.546618592009964e-13
EI_kappa: 0.134385833207053
EI_topo: 0.6585069934634427
EI_topo_mod: 3.1216433507726193e-13
E_bias_mean: 0.0
E_bias_std: 1.0e-12
IE_kappa: 0.18856839707792944
IE_topo: 0.8985195119770963
IE_topo_mod: 2.0070440237087595e-14
II_kappa: 0.231319336312238
II_topo: 1.2963133708920516
II_topo_mod: 5.706175409703474e-13
I_bias_mean: 0.0
I_bias_std: 1.0e-12
alpha_EE: 0.08446623153280143
alpha_EI: 0.09488526407923142
alpha_II: 0.10179198158250742
dt: 20
filename: results_c9183dec-d850-4b43-b5b6-4f8164550996.pkl
init_exc: 0.2
init_inh: 0.4
init_mod: 0.1
inp_E_kappa: 0.17308566023462457
inp_E_topo: 0.35808891327694736
inp_I_kappa: 0.13738902329412805
inp_I_topo: 1.5745476083122163
input_weight: 0.15696003275353307
max_h_for_output: 5.0
mod_EE_weight: 0.6943673631109197
mod_EI_weight: 0.1695037161425792
mod_IE_weight: 0.9867680573506441
mod_II_weight: 1.879180716394482
n_actions: 3
n_bottom_up: 67
n_cue_tuned: 2
n_exc: 2000
n_fix_tuned: 1
n_hidden: 2500
n_inh: 500
n_motion_tuned: 64
n_reward_levels: 3
n_top_down: 10
n_top_down_hidden: 64
noise_input_sd: 0.0
noise_rnn_sd: 0.05
nonlinear_top_down: false
restrict_output_to_exc: false
rnn_weight: 0.19087766885555862
tc_modulator: 99.13157033961836
tc_soma: 100
td_E_kappa: 0.1399134257234269
td_E_topo: 0.4122530665305899
td_I_kappa: 0.07599886530342011
td_I_topo: 1.5587029840408597
td_weight: 0.08721234785767684
