EE_kappa: 0.07476532930026472
EE_topo: 1.8134132156739455
EE_topo_mod: 5.55872881375109e-13
EI_kappa: 0.07491141146325822
EI_topo: 0.9413656865440907
EI_topo_mod: 9.820774405338137e-13
E_bias_mean: 0.0
E_bias_std: 1.0e-12
IE_kappa: 0.18842594855670708
IE_topo: 1.8168073923256391
IE_topo_mod: 3.111459854245324e-13
II_kappa: 0.10781503218912658
II_topo: 1.81870877868304
II_topo_mod: 2.879145089420315e-13
I_bias_mean: 0.0
I_bias_std: 1.0e-12
alpha_EE: 0.18772270139966976
alpha_EI: 0.24318639231585099
alpha_II: 0.22087870413906552
dt: 20
filename: results_1546209a-a7b2-4e1a-bc8c-2fdab4844c6b.pkl
init_exc: 0.2
init_inh: 0.4
init_mod: 0.1
inp_E_kappa: 0.21670891816455679
inp_E_topo: 0.695884289809737
inp_I_kappa: 0.1732695330919417
inp_I_topo: 0.19462432444513067
input_weight: 0.11205275166511
max_h_for_output: 5.0
mod_EE_weight: 1.351325079508947
mod_EI_weight: 1.9254929497540523
mod_IE_weight: 0.09920423423389191
mod_II_weight: 0.08694724953079613
n_actions: 3
n_bottom_up: 67
n_cue_tuned: 2
n_exc: 2000
n_fix_tuned: 1
n_hidden: 2500
n_inh: 500
n_motion_tuned: 64
n_reward_levels: 3
n_top_down: 10
n_top_down_hidden: 64
noise_input_sd: 0.0
noise_rnn_sd: 0.05
nonlinear_top_down: false
restrict_output_to_exc: false
rnn_weight: 0.10127119762133482
tc_modulator: 84.4977532130814
tc_soma: 100
td_E_kappa: 0.20958455452932506
td_E_topo: 0.012253631708014856
td_I_kappa: 0.19060645261707748
td_I_topo: 1.6555585780822617
td_weight: 0.08721234785767684
