EE_kappa: 0.0666125937504891
EE_topo: 0.7851422714194101
EE_topo_mod: 3.7209731296872773e-14
EI_kappa: 0.08601366468309213
EI_topo: 0.38392112579585524
EI_topo_mod: 3.3992514609278357e-13
E_bias_mean: 0.0
E_bias_std: 1.0e-12
IE_kappa: 0.10615369267442856
IE_topo: 1.324125658538392
IE_topo_mod: 8.057610624244591e-13
II_kappa: 0.08993956405113175
II_topo: 1.99511485401847
II_topo_mod: 9.900499970945031e-14
I_bias_mean: 0.0
I_bias_std: 1.0e-12
alpha_EE: 0.12525996218759108
alpha_EI: 0.15125794857061403
alpha_II: 0.06269968251265277
dt: 20
filename: results_1d180cdc-84c3-4c3a-bfe4-edb704b2bb4b.pkl
init_exc: 0.2
init_inh: 0.4
init_mod: 0.1
inp_E_kappa: 0.2101612545927305
inp_E_topo: 1.3096430223347677
inp_I_kappa: 0.07836458746653495
inp_I_topo: 0.05846139991134747
input_weight: 0.14772986683220607
max_h_for_output: 5.0
mod_EE_weight: 1.8936520465043318
mod_EI_weight: 1.6165281888466592
mod_IE_weight: 1.3077857132287507
mod_II_weight: 0.9582151200718783
n_actions: 3
n_bottom_up: 67
n_cue_tuned: 2
n_exc: 2000
n_fix_tuned: 1
n_hidden: 2500
n_inh: 500
n_motion_tuned: 64
n_reward_levels: 3
n_top_down: 10
n_top_down_hidden: 64
noise_input_sd: 0.0
noise_rnn_sd: 0.05
nonlinear_top_down: false
restrict_output_to_exc: false
rnn_weight: 0.19310649395828822
tc_modulator: 28.617068939634276
tc_soma: 100
td_E_kappa: 0.05495031623177911
td_E_topo: 1.5340869024305634
td_I_kappa: 0.232919667002444
td_I_topo: 1.2372418778521983
td_weight: 0.08721234785767684
