EE_kappa: 0.05984174575460071
EE_topo: 0.7467125528796907
EE_topo_mod: 5.415595217206444e-13
EI_kappa: 0.050484324411073624
EI_topo: 1.8569835396452024
EI_topo_mod: 5.262021617054206e-13
E_bias_mean: 0.0
E_bias_std: 1.0e-12
IE_kappa: 0.23580418428516342
IE_topo: 1.1849500426164785
IE_topo_mod: 9.69398487042986e-13
II_kappa: 0.1709604811406348
II_topo: 0.5738431376078716
II_topo_mod: 8.96471240796927e-13
I_bias_mean: 0.0
I_bias_std: 1.0e-12
alpha_EE: 0.27835223579333057
alpha_EI: 0.19106419075225328
alpha_II: 0.12020153790799414
dt: 20
filename: results_4a81df5b-3b5f-4abb-a95c-7aedf0c10234.pkl
init_exc: 0.2
init_inh: 0.4
init_mod: 0.1
inp_E_kappa: 0.17595265585442937
inp_E_topo: 1.226905070535764
inp_I_kappa: 0.1690809865148263
inp_I_topo: 0.5344248802447233
input_weight: 0.09209761646436822
max_h_for_output: 5.0
mod_EE_weight: 0.6809495487086286
mod_EI_weight: 1.8481297188667791
mod_IE_weight: 0.3765860186721359
mod_II_weight: 1.871530569091198
n_actions: 3
n_bottom_up: 67
n_cue_tuned: 2
n_exc: 2000
n_fix_tuned: 1
n_hidden: 2500
n_inh: 500
n_motion_tuned: 64
n_reward_levels: 3
n_top_down: 10
n_top_down_hidden: 64
noise_input_sd: 0.0
noise_rnn_sd: 0.05
nonlinear_top_down: false
restrict_output_to_exc: false
rnn_weight: 0.19014412912575723
tc_modulator: 30.258644544583113
tc_soma: 100
td_E_kappa: 0.20477428899163885
td_E_topo: 1.610093531770965
td_I_kappa: 0.09139475733227537
td_I_topo: 1.0727622910155024
td_weight: 0.08721234785767684
