EE_kappa: 0.06388921958437709
EE_topo: 1.181171188031036
EE_topo_mod: 3.5837626211425054e-14
EI_kappa: 0.15666018808293383
EI_topo: 0.1034769001273792
EI_topo_mod: 8.961738540785191e-15
E_bias_mean: 0.0
E_bias_std: 1.0e-12
IE_kappa: 0.05262404345841885
IE_topo: 0.3507091620894094
IE_topo_mod: 8.560673569275505e-13
II_kappa: 0.11345593297048912
II_topo: 0.5353403624378976
II_topo_mod: 9.449413751356472e-14
I_bias_mean: 0.0
I_bias_std: 1.0e-12
alpha_EE: 0.2532674763823126
alpha_EI: 0.23656885745615563
alpha_II: 0.03042064121011362
dt: 20
filename: results_74cf005e-8c11-41ed-a315-c4d92ec75c9b.pkl
init_exc: 0.2
init_inh: 0.4
init_mod: 0.1
inp_E_kappa: 0.1129562974012236
inp_E_topo: 0.8625100668478101
inp_I_kappa: 0.0745034212446206
inp_I_topo: 0.8192387115126905
input_weight: 0.16082511117999407
max_h_for_output: 5.0
mod_EE_weight: 1.5818624943335242
mod_EI_weight: 0.9076033777780279
mod_IE_weight: 0.6582981953322407
mod_II_weight: 1.1466765124724065
n_actions: 3
n_bottom_up: 67
n_cue_tuned: 2
n_exc: 2000
n_fix_tuned: 1
n_hidden: 2500
n_inh: 500
n_motion_tuned: 64
n_reward_levels: 3
n_top_down: 10
n_top_down_hidden: 64
noise_input_sd: 0.0
noise_rnn_sd: 0.05
nonlinear_top_down: false
restrict_output_to_exc: false
rnn_weight: 0.09857755297769762
tc_modulator: 60.02318229649617
tc_soma: 100
td_E_kappa: 0.23973618042678857
td_E_topo: 1.2386784057504803
td_I_kappa: 0.06459104231897049
td_I_topo: 1.9117317615547467
td_weight: 0.08721234785767684
