EE_kappa: 0.06746993801858897
EE_topo: 1.6461792036839158
EE_topo_mod: 9.735927887829092e-13
EI_kappa: 0.1268581009407218
EI_topo: 1.7672065991272599
EI_topo_mod: 7.245845316881656e-13
E_bias_mean: 0.0
E_bias_std: 1.0e-12
IE_kappa: 0.19451979356743915
IE_topo: 0.07503786076135155
IE_topo_mod: 3.0861929608728475e-13
II_kappa: 0.11637058647839563
II_topo: 1.660730867365659
II_topo_mod: 2.871953212037158e-13
I_bias_mean: 0.0
I_bias_std: 1.0e-12
alpha_EE: 0.20851267535622045
alpha_EI: 0.2931842969367694
alpha_II: 0.1248896919802375
dt: 20
filename: results_1d1d0d77-b7c6-48a3-9735-6854d74141bb.pkl
init_exc: 0.2
init_inh: 0.4
init_mod: 0.1
inp_E_kappa: 0.20524831877127742
inp_E_topo: 0.8064801730906215
inp_I_kappa: 0.14592031447527642
inp_I_topo: 0.7055045783070961
input_weight: 0.10641044408837445
max_h_for_output: 5.0
mod_EE_weight: 0.11071654879021775
mod_EI_weight: 0.8366447827073715
mod_IE_weight: 0.9917323716455486
mod_II_weight: 0.7967543243365993
n_actions: 3
n_bottom_up: 67
n_cue_tuned: 2
n_exc: 2000
n_fix_tuned: 1
n_hidden: 2500
n_inh: 500
n_motion_tuned: 64
n_reward_levels: 3
n_top_down: 10
n_top_down_hidden: 64
noise_input_sd: 0.0
noise_rnn_sd: 0.05
nonlinear_top_down: false
restrict_output_to_exc: false
rnn_weight: 0.11946513070404154
tc_modulator: 23.441199454012455
tc_soma: 100
td_E_kappa: 0.057867430514707156
td_E_topo: 0.4411326421450472
td_I_kappa: 0.21612495207033944
td_I_topo: 0.3017971706400615
td_weight: 0.08721234785767684
