EE_kappa: 0.05428300109372308
EE_topo: 1.0435722466343365
EE_topo_mod: 6.83675122582412e-13
EI_kappa: 0.10130957260320311
EI_topo: 0.6977077547548194
EI_topo_mod: 3.586127644448349e-13
E_bias_mean: 0.0
E_bias_std: 1.0e-12
IE_kappa: 0.15209508084560852
IE_topo: 1.4235526082409393
IE_topo_mod: 6.206292902872551e-13
II_kappa: 0.1631457052205874
II_topo: 1.0169757983486272
II_topo_mod: 9.390987947296553e-13
I_bias_mean: 0.0
I_bias_std: 1.0e-12
alpha_EE: 0.15138234944690313
alpha_EI: 0.02311035576768373
alpha_II: 0.24626565190100969
dt: 20
filename: results_8fdbbce7-f8f6-49f6-a5c9-1900031a879c.pkl
init_exc: 0.2
init_inh: 0.4
init_mod: 0.1
inp_E_kappa: 0.07043375517610816
inp_E_topo: 1.4577162984989769
inp_I_kappa: 0.0832098811937982
inp_I_topo: 1.7109058933472343
input_weight: 0.17302991183328964
max_h_for_output: 5.0
mod_EE_weight: 1.7048128065544108
mod_EI_weight: 1.3689845893759975
mod_IE_weight: 1.590165475659548
mod_II_weight: 1.17882135972446
n_actions: 3
n_bottom_up: 67
n_cue_tuned: 2
n_exc: 2000
n_fix_tuned: 1
n_hidden: 2500
n_inh: 500
n_motion_tuned: 64
n_reward_levels: 3
n_top_down: 10
n_top_down_hidden: 64
noise_input_sd: 0.0
noise_rnn_sd: 0.05
nonlinear_top_down: false
restrict_output_to_exc: false
rnn_weight: 0.11672239873151288
tc_modulator: 61.2145400637418
tc_soma: 100
td_E_kappa: 0.204858434024211
td_E_topo: 1.116543949974148
td_I_kappa: 0.061711797252585444
td_I_topo: 1.2253456949045964
td_weight: 0.08721234785767684
