EE_kappa: 0.09840179158021929
EE_topo: 1.4133542114230946
EE_topo_mod: 8.973980058872395e-13
EI_kappa: 0.13848877765787954
EI_topo: 1.9090046990121585
EI_topo_mod: 4.1308933431753723e-13
E_bias_mean: 0.0
E_bias_std: 1.0e-12
IE_kappa: 0.24304817422156155
IE_topo: 0.14981953133957204
IE_topo_mod: 8.006393226204418e-13
II_kappa: 0.1091668932469676
II_topo: 1.2762032892747748
II_topo_mod: 5.363826820527536e-13
I_bias_mean: 0.0
I_bias_std: 1.0e-12
alpha_EE: 0.05669910429133065
alpha_EI: 0.070154265220651
alpha_II: 0.1318252009015353
dt: 20
filename: results_720c7abb-0802-4533-89a5-5b11de11cbc7.pkl
init_exc: 0.2
init_inh: 0.4
init_mod: 0.1
inp_E_kappa: 0.13967295163252358
inp_E_topo: 1.9890161361733734
inp_I_kappa: 0.16455041148123467
inp_I_topo: 0.7844092583431646
input_weight: 0.19685933804303646
max_h_for_output: 5.0
mod_EE_weight: 0.8122991042029466
mod_EI_weight: 0.995875851719365
mod_IE_weight: 0.409576424770413
mod_II_weight: 0.9776835056944067
n_actions: 3
n_bottom_up: 67
n_cue_tuned: 2
n_exc: 2000
n_fix_tuned: 1
n_hidden: 2500
n_inh: 500
n_motion_tuned: 64
n_reward_levels: 3
n_top_down: 10
n_top_down_hidden: 64
noise_input_sd: 0.0
noise_rnn_sd: 0.05
nonlinear_top_down: false
restrict_output_to_exc: false
rnn_weight: 0.1880026031237711
tc_modulator: 54.964638601488815
tc_soma: 100
td_E_kappa: 0.18395866911347758
td_E_topo: 1.2985592726445228
td_I_kappa: 0.22754919633666187
td_I_topo: 0.8958549518575025
td_weight: 0.08721234785767684
