EE_kappa: 0.059689438992034494
EE_topo: 0.38600372648834824
EE_topo_mod: 3.7306055164503245e-14
EI_kappa: 0.11484554999115729
EI_topo: 0.411469100962635
EI_topo_mod: 3.0493441148477773e-13
E_bias_mean: 0.0
E_bias_std: 1.0e-12
IE_kappa: 0.14854549014809065
IE_topo: 1.077664515571299
IE_topo_mod: 9.403150574096963e-13
II_kappa: 0.22375760048348198
II_topo: 0.42203384218844264
II_topo_mod: 2.5330292975751643e-13
I_bias_mean: 0.0
I_bias_std: 1.0e-12
alpha_EE: 0.1360289404884536
alpha_EI: 0.19640599676149095
alpha_II: 0.18989539077295003
dt: 20
filename: results_targeted_6c95419c-ff0b-4efa-928f-51d81e18c385.pkl
init_exc: 0.2
init_inh: 0.4
init_mod: 0.1
inp_E_kappa: 0.1320101661651405
inp_E_topo: 0.7368825968746422
inp_I_kappa: 0.08270498631375561
inp_I_topo: 0.2707424504999367
input_weight: 0.16167585145621932
max_h_for_output: 5.0
mod_EE_weight: 0.5803205008629772
mod_EI_weight: 0.6028085235910918
mod_IE_weight: 0.196035814640388
mod_II_weight: 0.28851901628812937
n_actions: 3
n_bottom_up: 67
n_cue_tuned: 2
n_exc: 2000
n_fix_tuned: 1
n_hidden: 2500
n_inh: 500
n_motion_tuned: 64
n_reward_levels: 3
n_top_down: 10
n_top_down_hidden: 64
noise_input_sd: 0.0
noise_rnn_sd: 0.05
nonlinear_top_down: false
restrict_output_to_exc: false
rnn_weight: 0.1772551917667768
tc_modulator: 73.34184451202049
tc_soma: 100
td_E_kappa: 0.24867278133268983
td_E_topo: 0.5526072006901721
td_I_kappa: 0.1296972795471927
td_I_topo: 0.7578775011312417
td_weight: 0.08721234785767684
