EE_kappa: 0.061114821435612976
EE_topo: 0.39451705156035444
EE_topo_mod: 4.2128528427595145e-13
EI_kappa: 0.19310928410706873
EI_topo: 1.992781801757104
EI_topo_mod: 8.365647771742106e-13
E_bias_mean: 0.0
E_bias_std: 1.0e-12
IE_kappa: 0.13427788209163943
IE_topo: 0.10100686946447524
IE_topo_mod: 8.183747256314323e-13
II_kappa: 0.22091202500760326
II_topo: 1.7233656266960942
II_topo_mod: 9.190023761610487e-13
I_bias_mean: 0.0
I_bias_std: 1.0e-12
alpha_EE: 0.16993767403081944
alpha_EI: 0.22764412718021745
alpha_II: 0.234173196159241
dt: 20
filename: results_e891db29-aa8a-4819-99c2-a5d2193c5f8e.pkl
init_exc: 0.2
init_inh: 0.4
init_mod: 0.1
inp_E_kappa: 0.13466356054053824
inp_E_topo: 0.9463148335451392
inp_I_kappa: 0.22924046731426095
inp_I_topo: 0.6622984391406097
input_weight: 0.16100266744885738
max_h_for_output: 5.0
mod_EE_weight: 1.0296059673107032
mod_EI_weight: 1.173005551899443
mod_IE_weight: 0.44945585716354985
mod_II_weight: 1.041796052004355
n_actions: 3
n_bottom_up: 67
n_cue_tuned: 2
n_exc: 2000
n_fix_tuned: 1
n_hidden: 2500
n_inh: 500
n_motion_tuned: 64
n_reward_levels: 3
n_top_down: 10
n_top_down_hidden: 64
noise_input_sd: 0.0
noise_rnn_sd: 0.05
nonlinear_top_down: false
restrict_output_to_exc: false
rnn_weight: 0.1667387194161124
tc_modulator: 81.48043498443698
tc_soma: 100
td_E_kappa: 0.17234737953755386
td_E_topo: 1.0515726904791274
td_I_kappa: 0.2114980621633339
td_I_topo: 1.0210588181193356
td_weight: 0.08721234785767684
