EE_kappa: 0.09800554727200068
EE_topo: 0.927254338489379
EE_topo_mod: 2.940497013366269e-13
EI_kappa: 0.12635640205809165
EI_topo: 0.08156798585842995
EI_topo_mod: 8.865169313981802e-14
E_bias_mean: 0.0
E_bias_std: 1.0e-12
IE_kappa: 0.1856662721963992
IE_topo: 1.358373922387914
IE_topo_mod: 1.8024052499546573e-13
II_kappa: 0.16718555477800673
II_topo: 1.9700193812587186
II_topo_mod: 3.6262858582482606e-13
I_bias_mean: 0.0
I_bias_std: 1.0e-12
alpha_EE: 0.04770060312483838
alpha_EI: 0.10522851984390853
alpha_II: 0.2631070285823118
dt: 20
filename: results_0f126265-bd00-49de-b187-f1544fadb590.pkl
init_exc: 0.2
init_inh: 0.4
init_mod: 0.1
inp_E_kappa: 0.24391690027595714
inp_E_topo: 0.75827178890294
inp_I_kappa: 0.22986349393666128
inp_I_topo: 1.013941829093676
input_weight: 0.1051366160012492
max_h_for_output: 5.0
mod_EE_weight: 1.9726443210246094
mod_EI_weight: 0.4306864295965167
mod_IE_weight: 0.22441982000852256
mod_II_weight: 1.4485149625193563
n_actions: 3
n_bottom_up: 67
n_cue_tuned: 2
n_exc: 2000
n_fix_tuned: 1
n_hidden: 2500
n_inh: 500
n_motion_tuned: 64
n_reward_levels: 3
n_top_down: 10
n_top_down_hidden: 64
noise_input_sd: 0.0
noise_rnn_sd: 0.05
nonlinear_top_down: false
restrict_output_to_exc: false
rnn_weight: 0.0881875904121261
tc_modulator: 77.19003502621322
tc_soma: 100
td_E_kappa: 0.2260713615095003
td_E_topo: 0.213789576865973
td_I_kappa: 0.1606941091269652
td_I_topo: 1.1064833165219168
td_weight: 0.08721234785767684
