EE_kappa: 0.07827686612432844
EE_topo: 1.7289835768259454
EE_topo_mod: 4.367676134501077e-13
EI_kappa: 0.11385803457633557
EI_topo: 0.212433499281254
EI_topo_mod: 1.009259736406255e-13
E_bias_mean: 0.0
E_bias_std: 1.0e-12
IE_kappa: 0.23960719931177682
IE_topo: 0.03644915820500416
IE_topo_mod: 4.935718988642823e-14
II_kappa: 0.16838104370563203
II_topo: 1.159942855991133
II_topo_mod: 5.596688511394367e-13
I_bias_mean: 0.0
I_bias_std: 1.0e-12
alpha_EE: 0.05615549384637384
alpha_EI: 0.027472058132391418
alpha_II: 0.030242859094806306
dt: 20
filename: results_4b61f4d8-ceba-49ba-af8c-e4281c5a489c.pkl
init_exc: 0.2
init_inh: 0.4
init_mod: 0.1
inp_E_kappa: 0.196928393859637
inp_E_topo: 0.6436463739905929
inp_I_kappa: 0.13778534743574583
inp_I_topo: 1.5873388871743863
input_weight: 0.12870951472371578
max_h_for_output: 5.0
mod_EE_weight: 1.982942416785079
mod_EI_weight: 0.008779706626233175
mod_IE_weight: 0.7073192454088726
mod_II_weight: 0.5064088183639934
n_actions: 3
n_bottom_up: 67
n_cue_tuned: 2
n_exc: 2000
n_fix_tuned: 1
n_hidden: 2500
n_inh: 500
n_motion_tuned: 64
n_reward_levels: 3
n_top_down: 10
n_top_down_hidden: 64
noise_input_sd: 0.0
noise_rnn_sd: 0.05
nonlinear_top_down: false
restrict_output_to_exc: false
rnn_weight: 0.06244115823090683
tc_modulator: 70.0260112454896
tc_soma: 100
td_E_kappa: 0.1124051896236264
td_E_topo: 0.31087139953650555
td_I_kappa: 0.142199106901481
td_I_topo: 1.1676001258211735
td_weight: 0.08721234785767684
