EE_kappa: 0.08751899485206292
EE_topo: 1.3761901512114019
EE_topo_mod: 1.2677781513748355e-13
EI_kappa: 0.14846953987364747
EI_topo: 1.3922414089690882
EI_topo_mod: 9.817303665934707e-14
E_bias_mean: 0.0
E_bias_std: 1.0e-12
IE_kappa: 0.10803514842676663
IE_topo: 1.5943971981713716
IE_topo_mod: 8.21053671952872e-13
II_kappa: 0.12097954419269819
II_topo: 1.8038298998126139
II_topo_mod: 5.817580789199906e-14
I_bias_mean: 0.0
I_bias_std: 1.0e-12
alpha_EE: 0.14530164406887583
alpha_EI: 0.03981319119893608
alpha_II: 0.2725656444016374
dt: 20
filename: results_f41f0e80-39fd-49f2-825b-89e61c218a0d.pkl
init_exc: 0.2
init_inh: 0.4
init_mod: 0.1
inp_E_kappa: 0.15472040204588294
inp_E_topo: 0.4541189681635429
inp_I_kappa: 0.24827380762658918
inp_I_topo: 1.1384727427533388
input_weight: 0.10405093510707196
max_h_for_output: 5.0
mod_EE_weight: 0.4054296433609941
mod_EI_weight: 0.04029590374170855
mod_IE_weight: 0.5928023891212812
mod_II_weight: 0.6761857233422108
n_actions: 3
n_bottom_up: 67
n_cue_tuned: 2
n_exc: 2000
n_fix_tuned: 1
n_hidden: 2500
n_inh: 500
n_motion_tuned: 64
n_reward_levels: 3
n_top_down: 10
n_top_down_hidden: 64
noise_input_sd: 0.0
noise_rnn_sd: 0.05
nonlinear_top_down: false
restrict_output_to_exc: false
rnn_weight: 0.085739674850422
tc_modulator: 31.62439801754732
tc_soma: 100
td_E_kappa: 0.14339886161648097
td_E_topo: 0.3004624135383962
td_I_kappa: 0.059659750988804765
td_I_topo: 0.1711435875666487
td_weight: 0.08721234785767684
