EE_kappa: 0.11529116202836243
EE_topo: 1.3622945148424341
EE_topo_mod: 7.504099775650706e-13
EI_kappa: 0.13670617646936795
EI_topo: 1.5435846955451098
EI_topo_mod: 2.9706805270017753e-13
E_bias_mean: 0.0
E_bias_std: 1.0e-12
IE_kappa: 0.22472897773458123
IE_topo: 0.8750727003000245
IE_topo_mod: 7.810753929477421e-14
II_kappa: 0.1317023618779053
II_topo: 0.04084563504179406
II_topo_mod: 9.814268617647824e-13
I_bias_mean: 0.0
I_bias_std: 1.0e-12
alpha_EE: 0.11419090750610021
alpha_EI: 0.05093123400508227
alpha_II: 0.06545315548063643
dt: 20
filename: results_5c864dae-d590-4315-9d44-1ba3581fd6b5.pkl
init_exc: 0.2
init_inh: 0.4
init_mod: 0.1
inp_E_kappa: 0.10777447013695424
inp_E_topo: 0.6709410115159029
inp_I_kappa: 0.15817857266265217
inp_I_topo: 0.7562992632581094
input_weight: 0.13436073322498282
max_h_for_output: 5.0
mod_EE_weight: 0.3014777893918186
mod_EI_weight: 0.3591639550956479
mod_IE_weight: 0.34656426834985743
mod_II_weight: 0.09905278823204422
n_actions: 3
n_bottom_up: 67
n_cue_tuned: 2
n_exc: 2000
n_fix_tuned: 1
n_hidden: 2500
n_inh: 500
n_motion_tuned: 64
n_reward_levels: 3
n_top_down: 10
n_top_down_hidden: 64
noise_input_sd: 0.0
noise_rnn_sd: 0.05
nonlinear_top_down: false
restrict_output_to_exc: false
rnn_weight: 0.13348668421341225
tc_modulator: 52.77216509665329
tc_soma: 100
td_E_kappa: 0.1533106827508375
td_E_topo: 1.0773608399892947
td_I_kappa: 0.09645499630951354
td_I_topo: 1.3565291881310113
td_weight: 0.08721234785767684
