EE_kappa: 0.0738123611866744
EE_topo: 0.5000671990925669
EE_topo_mod: 3.5024682636520044e-13
EI_kappa: 0.11958474467141947
EI_topo: 1.2874208496607653
EI_topo_mod: 5.043849913538701e-13
E_bias_mean: 0.0
E_bias_std: 1.0e-12
IE_kappa: 0.14896558518212505
IE_topo: 1.8990520747879054
IE_topo_mod: 2.875482411725023e-13
II_kappa: 0.20115227905981037
II_topo: 1.8037825160606773
II_topo_mod: 4.461459988555334e-13
I_bias_mean: 0.0
I_bias_std: 1.0e-12
alpha_EE: 0.008293220691273395
alpha_EI: 0.05311309595694012
alpha_II: 0.2880428684305178
dt: 20
filename: results_71c7531b-c328-4489-882d-0482ed9e1ace.pkl
init_exc: 0.2
init_inh: 0.4
init_mod: 0.1
inp_E_kappa: 0.11522072769632755
inp_E_topo: 1.2870269371851482
inp_I_kappa: 0.10389268101800016
inp_I_topo: 1.6391068185746085
input_weight: 0.1317078090601661
max_h_for_output: 5.0
mod_EE_weight: 0.9902700888378868
mod_EI_weight: 1.1631976354899025
mod_IE_weight: 0.10031851327453256
mod_II_weight: 0.6435729892761124
n_actions: 3
n_bottom_up: 67
n_cue_tuned: 2
n_exc: 2000
n_fix_tuned: 1
n_hidden: 2500
n_inh: 500
n_motion_tuned: 64
n_reward_levels: 3
n_top_down: 10
n_top_down_hidden: 64
noise_input_sd: 0.0
noise_rnn_sd: 0.05
nonlinear_top_down: false
restrict_output_to_exc: false
rnn_weight: 0.13606902468972484
tc_modulator: 40.83217087225865
tc_soma: 100
td_E_kappa: 0.11292714810097111
td_E_topo: 0.40466304530618835
td_I_kappa: 0.14520075801461446
td_I_topo: 0.9205286231754757
td_weight: 0.08721234785767684
