EE_kappa: 0.08336359386851627
EE_topo: 1.035972730792181
EE_topo_mod: 8.976619707762882e-13
EI_kappa: 0.16322280423607707
EI_topo: 1.1606586635949931
EI_topo_mod: 5.106045396231453e-13
E_bias_mean: 0.0
E_bias_std: 1.0e-12
IE_kappa: 0.1662799519694859
IE_topo: 0.7317809233524153
IE_topo_mod: 2.3382084037510163e-13
II_kappa: 0.17548031005130482
II_topo: 1.5039712393379678
II_topo_mod: 9.91175750234151e-13
I_bias_mean: 0.0
I_bias_std: 1.0e-12
alpha_EE: 0.13549366645129296
alpha_EI: 0.23680123929974364
alpha_II: 0.16140762442919687
dt: 20
filename: results_7790ce5f-c9bb-4c0a-8f43-3e9af39d2daf.pkl
init_exc: 0.2
init_inh: 0.4
init_mod: 0.1
inp_E_kappa: 0.22885458875872267
inp_E_topo: 1.8055076712499938
inp_I_kappa: 0.16448938188434747
inp_I_topo: 0.8739910975428642
input_weight: 0.11900950304640014
max_h_for_output: 5.0
mod_EE_weight: 0.6234701312637612
mod_EI_weight: 1.5931308418634929
mod_IE_weight: 1.7622255570431147
mod_II_weight: 1.9132366418299662
n_actions: 3
n_bottom_up: 67
n_cue_tuned: 2
n_exc: 2000
n_fix_tuned: 1
n_hidden: 2500
n_inh: 500
n_motion_tuned: 64
n_reward_levels: 3
n_top_down: 10
n_top_down_hidden: 64
noise_input_sd: 0.0
noise_rnn_sd: 0.05
nonlinear_top_down: false
restrict_output_to_exc: false
rnn_weight: 0.19578630651965423
tc_modulator: 49.60206310490341
tc_soma: 100
td_E_kappa: 0.18796136496055244
td_E_topo: 0.15614645918373538
td_I_kappa: 0.21807192017410598
td_I_topo: 1.3327513588098554
td_weight: 0.08721234785767684
