EE_kappa: 0.0639792438148894
EE_topo: 0.7180918847144893
EE_topo_mod: 7.509221670157193e-13
EI_kappa: 0.05213804984790482
EI_topo: 1.097417854914041
EI_topo_mod: 5.234272421364502e-13
E_bias_mean: 0.0
E_bias_std: 1.0e-12
IE_kappa: 0.2183259502299375
IE_topo: 0.9035294607409969
IE_topo_mod: 9.509921993378886e-13
II_kappa: 0.13688007467517788
II_topo: 1.5011460983394878
II_topo_mod: 4.874693935445216e-13
I_bias_mean: 0.0
I_bias_std: 1.0e-12
alpha_EE: 0.012712660571120282
alpha_EI: 0.12450793111860634
alpha_II: 0.18415924494791822
dt: 20
filename: results_f9f1c919-0fdd-4204-83ad-1de0c8241c10.pkl
init_exc: 0.2
init_inh: 0.4
init_mod: 0.1
inp_E_kappa: 0.22772715300433954
inp_E_topo: 0.7957976491421028
inp_I_kappa: 0.07586288278337189
inp_I_topo: 1.7912122808262285
input_weight: 0.10732542444525534
max_h_for_output: 5.0
mod_EE_weight: 0.3721048466850331
mod_EI_weight: 0.8382275810258816
mod_IE_weight: 0.9328624989866554
mod_II_weight: 0.07053791592186409
n_actions: 3
n_bottom_up: 67
n_cue_tuned: 2
n_exc: 2000
n_fix_tuned: 1
n_hidden: 2500
n_inh: 500
n_motion_tuned: 64
n_reward_levels: 3
n_top_down: 10
n_top_down_hidden: 64
noise_input_sd: 0.0
noise_rnn_sd: 0.05
nonlinear_top_down: false
restrict_output_to_exc: false
rnn_weight: 0.19738666324965576
tc_modulator: 32.38003162253561
tc_soma: 100
td_E_kappa: 0.18137984352867054
td_E_topo: 1.887297344783433
td_I_kappa: 0.14285502211668955
td_I_topo: 0.5775190332636928
td_weight: 0.08721234785767684
