EE_kappa: 0.08029517900164221
EE_topo: 0.15805636409282275
EE_topo_mod: 9.336075424862804e-13
EI_kappa: 0.17439908409843918
EI_topo: 0.08675913585083816
EI_topo_mod: 4.5173001502471754e-13
E_bias_mean: 0.0
E_bias_std: 1.0e-12
IE_kappa: 0.1307713242382495
IE_topo: 0.6526900602303127
IE_topo_mod: 2.8157892994806067e-13
II_kappa: 0.16581431682194464
II_topo: 0.9807061520748532
II_topo_mod: 6.062259982251284e-13
I_bias_mean: 0.0
I_bias_std: 1.0e-12
alpha_EE: 0.28801198371998593
alpha_EI: 0.059326399036067255
alpha_II: 0.26361926190530666
dt: 20
filename: results_3bf190e9-d777-4d42-9968-4295572ed061.pkl
init_exc: 0.2
init_inh: 0.4
init_mod: 0.1
inp_E_kappa: 0.10102022236925408
inp_E_topo: 1.7477916241555733
inp_I_kappa: 0.23694335828690993
inp_I_topo: 1.8854317762308481
input_weight: 0.1292515938086619
max_h_for_output: 5.0
mod_EE_weight: 1.5197832955180277
mod_EI_weight: 0.3478304727639878
mod_IE_weight: 1.549672399865574
mod_II_weight: 1.3796816734104091
n_actions: 3
n_bottom_up: 67
n_cue_tuned: 2
n_exc: 2000
n_fix_tuned: 1
n_hidden: 2500
n_inh: 500
n_motion_tuned: 64
n_reward_levels: 3
n_top_down: 10
n_top_down_hidden: 64
noise_input_sd: 0.0
noise_rnn_sd: 0.05
nonlinear_top_down: false
restrict_output_to_exc: false
rnn_weight: 0.17861729107361435
tc_modulator: 81.69427139137677
tc_soma: 100
td_E_kappa: 0.10100802052632447
td_E_topo: 0.21878248672933265
td_I_kappa: 0.09716382125756895
td_I_topo: 1.5743096896869369
td_weight: 0.08721234785767684
