EE_kappa: 0.05698743961447488
EE_topo: 1.8831420754839725
EE_topo_mod: 2.1710179594885192e-14
EI_kappa: 0.20207147356858396
EI_topo: 1.1315636290900004
EI_topo_mod: 3.4442528871669053e-13
E_bias_mean: 0.0
E_bias_std: 1.0e-12
IE_kappa: 0.05021915974810409
IE_topo: 1.2865141607039765
IE_topo_mod: 9.253755302139323e-13
II_kappa: 0.07603650980160673
II_topo: 1.8386591269651207
II_topo_mod: 6.056826595161048e-13
I_bias_mean: 0.0
I_bias_std: 1.0e-12
alpha_EE: 0.24648155127502266
alpha_EI: 0.13385180261656285
alpha_II: 0.16733193037196004
dt: 20
filename: results_a5f6c17a-e16e-4a03-8e44-0f6795a63685.pkl
init_exc: 0.2
init_inh: 0.4
init_mod: 0.1
inp_E_kappa: 0.1956073730038737
inp_E_topo: 1.9769544027558899
inp_I_kappa: 0.23995952889690625
inp_I_topo: 1.3624707254560093
input_weight: 0.12626244521973723
max_h_for_output: 5.0
mod_EE_weight: 0.877327554159123
mod_EI_weight: 0.3777043072241104
mod_IE_weight: 1.4221553553427966
mod_II_weight: 0.8103222722659051
n_actions: 3
n_bottom_up: 67
n_cue_tuned: 2
n_exc: 2000
n_fix_tuned: 1
n_hidden: 2500
n_inh: 500
n_motion_tuned: 64
n_reward_levels: 3
n_top_down: 10
n_top_down_hidden: 64
noise_input_sd: 0.0
noise_rnn_sd: 0.05
nonlinear_top_down: false
restrict_output_to_exc: false
rnn_weight: 0.1740954918147704
tc_modulator: 33.48879436318083
tc_soma: 100
td_E_kappa: 0.07397997575849187
td_E_topo: 0.15496669200652224
td_I_kappa: 0.15845094843573415
td_I_topo: 0.5616305518828122
td_weight: 0.08721234785767684
