EE_kappa: 0.11048049697995269
EE_topo: 0.6043007980575212
EE_topo_mod: 3.610795626702431e-13
EI_kappa: 0.18359685385623575
EI_topo: 1.007338594344943
EI_topo_mod: 4.1248388723033604e-13
E_bias_mean: 0.0
E_bias_std: 1.0e-12
IE_kappa: 0.2388018373211666
IE_topo: 1.369238965206716
IE_topo_mod: 3.571641207217819e-13
II_kappa: 0.2089518208746613
II_topo: 1.5460574568925327
II_topo_mod: 4.952437432258543e-13
I_bias_mean: 0.0
I_bias_std: 1.0e-12
alpha_EE: 0.11346928222569116
alpha_EI: 0.09453900719301601
alpha_II: 0.22715801004133696
dt: 20
filename: results_24c069a9-e93b-49f0-a275-6ec0714a855c.pkl
init_exc: 0.2
init_inh: 0.4
init_mod: 0.1
inp_E_kappa: 0.06922498775877453
inp_E_topo: 0.2423364012831788
inp_I_kappa: 0.14837506034998305
inp_I_topo: 0.5965350005964309
input_weight: 0.17010291889508047
max_h_for_output: 5.0
mod_EE_weight: 1.1686972782308236
mod_EI_weight: 1.8693248896864445
mod_IE_weight: 0.6873936055454317
mod_II_weight: 1.8979360981121165
n_actions: 3
n_bottom_up: 67
n_cue_tuned: 2
n_exc: 2000
n_fix_tuned: 1
n_hidden: 2500
n_inh: 500
n_motion_tuned: 64
n_reward_levels: 3
n_top_down: 10
n_top_down_hidden: 64
noise_input_sd: 0.0
noise_rnn_sd: 0.05
nonlinear_top_down: false
restrict_output_to_exc: false
rnn_weight: 0.17034254464719006
tc_modulator: 30.408008033804368
tc_soma: 100
td_E_kappa: 0.1768036688113913
td_E_topo: 1.5243326158555548
td_I_kappa: 0.12931615453008993
td_I_topo: 1.9779136669960586
td_weight: 0.08721234785767684
