EE_kappa: 0.05440025569926663
EE_topo: 0.8531411771885622
EE_topo_mod: 2.7456456460199554e-13
EI_kappa: 0.23760796703234283
EI_topo: 1.9481821508354655
EI_topo_mod: 7.591317217063192e-13
E_bias_mean: 0.0
E_bias_std: 1.0e-12
IE_kappa: 0.07194084557491778
IE_topo: 1.900412987372174
IE_topo_mod: 8.663842395431819e-13
II_kappa: 0.16808778771974314
II_topo: 0.30506803131551763
II_topo_mod: 7.445196082679247e-13
I_bias_mean: 0.0
I_bias_std: 1.0e-12
alpha_EE: 0.180278052184071
alpha_EI: 0.01384537127285933
alpha_II: 0.18328189780253015
dt: 20
filename: results_0f33da08-d026-4cd6-a72c-157a8a1c7f36.pkl
init_exc: 0.2
init_inh: 0.4
init_mod: 0.1
inp_E_kappa: 0.15718239259402444
inp_E_topo: 1.7275028649251718
inp_I_kappa: 0.07694322633418577
inp_I_topo: 0.9437970035364258
input_weight: 0.11624557394164564
max_h_for_output: 5.0
mod_EE_weight: 1.7469182300476842
mod_EI_weight: 0.20373079459514876
mod_IE_weight: 1.546293148866256
mod_II_weight: 1.9967720918988843
n_actions: 3
n_bottom_up: 67
n_cue_tuned: 2
n_exc: 2000
n_fix_tuned: 1
n_hidden: 2500
n_inh: 500
n_motion_tuned: 64
n_reward_levels: 3
n_top_down: 10
n_top_down_hidden: 64
noise_input_sd: 0.0
noise_rnn_sd: 0.05
nonlinear_top_down: false
restrict_output_to_exc: false
rnn_weight: 0.15347826011611465
tc_modulator: 55.09259849655652
tc_soma: 100
td_E_kappa: 0.20830102825613173
td_E_topo: 0.6829042996672683
td_I_kappa: 0.06304217744074272
td_I_topo: 1.1997140082138913
td_weight: 0.08721234785767684
