EE_kappa: 0.11092092017818525
EE_topo: 1.5062904515957296
EE_topo_mod: 3.0844247321814023e-13
EI_kappa: 0.14764800042876627
EI_topo: 1.957930477536335
EI_topo_mod: 4.190254114647511e-13
E_bias_mean: 0.0
E_bias_std: 1.0e-12
IE_kappa: 0.178794608538497
IE_topo: 0.7215252268457388
IE_topo_mod: 2.5825173572568903e-13
II_kappa: 0.13733027554988625
II_topo: 0.7923110150134953
II_topo_mod: 1.300599254158513e-13
I_bias_mean: 0.0
I_bias_std: 1.0e-12
alpha_EE: 0.17802036384464448
alpha_EI: 0.20264616036063035
alpha_II: 0.0759945266007261
dt: 20
filename: results_targeted_8b168f31-dcaa-4a8c-89ac-9d10bfeb8ccf.pkl
init_exc: 0.2
init_inh: 0.4
init_mod: 0.1
inp_E_kappa: 0.10228854488453579
inp_E_topo: 1.671540352964791
inp_I_kappa: 0.16745124702413883
inp_I_topo: 0.7338546807480384
input_weight: 0.19804198712575566
max_h_for_output: 5.0
mod_EE_weight: 0.3037149600770146
mod_EI_weight: 0.6085613112190223
mod_IE_weight: 0.7026407410996087
mod_II_weight: 0.6750103970357078
n_actions: 3
n_bottom_up: 67
n_cue_tuned: 2
n_exc: 2000
n_fix_tuned: 1
n_hidden: 2500
n_inh: 500
n_motion_tuned: 64
n_reward_levels: 3
n_top_down: 10
n_top_down_hidden: 64
noise_input_sd: 0.0
noise_rnn_sd: 0.05
nonlinear_top_down: false
restrict_output_to_exc: false
rnn_weight: 0.08368317882490467
tc_modulator: 73.94347788379824
tc_soma: 100
td_E_kappa: 0.06746281906169478
td_E_topo: 0.3349991515162942
td_I_kappa: 0.14218568356274836
td_I_topo: 1.016880759921451
td_weight: 0.08721234785767684
