EE_kappa: 0.08913604592883165
EE_topo: 0.08871069789561425
EE_topo_mod: 1.2997613498081305e-13
EI_kappa: 0.17787277918466554
EI_topo: 1.9701205333358878
EI_topo_mod: 2.7201132573628084e-13
E_bias_mean: 0.0
E_bias_std: 1.0e-12
IE_kappa: 0.1502908857035235
IE_topo: 1.295078141518331
IE_topo_mod: 9.173319721950009e-13
II_kappa: 0.16903889412118947
II_topo: 0.140063741017864
II_topo_mod: 4.89417343245564e-13
I_bias_mean: 0.0
I_bias_std: 1.0e-12
alpha_EE: 0.16277062015723234
alpha_EI: 0.059995997296453336
alpha_II: 0.26863756161632335
dt: 20
filename: results_96ccaa3e-4621-4592-8274-cd2e48582c7d.pkl
init_exc: 0.2
init_inh: 0.4
init_mod: 0.1
inp_E_kappa: 0.21485061533295868
inp_E_topo: 0.09752880791263818
inp_I_kappa: 0.1001698180337086
inp_I_topo: 0.8035289286101654
input_weight: 0.18352231237927014
max_h_for_output: 5.0
mod_EE_weight: 0.05186521330651228
mod_EI_weight: 0.5793743766372623
mod_IE_weight: 0.4113168530102268
mod_II_weight: 0.8923935240088391
n_actions: 3
n_bottom_up: 67
n_cue_tuned: 2
n_exc: 2000
n_fix_tuned: 1
n_hidden: 2500
n_inh: 500
n_motion_tuned: 64
n_reward_levels: 3
n_top_down: 10
n_top_down_hidden: 64
noise_input_sd: 0.0
noise_rnn_sd: 0.05
nonlinear_top_down: false
restrict_output_to_exc: false
rnn_weight: 0.1363824070131589
tc_modulator: 74.52591221665325
tc_soma: 100
td_E_kappa: 0.1015534790666469
td_E_topo: 1.836966256593435
td_I_kappa: 0.21148948209930202
td_I_topo: 1.9176564124590039
td_weight: 0.08721234785767684
