EE_kappa: 0.09861717210916948
EE_topo: 0.6522334979823787
EE_topo_mod: 7.172727036125043e-13
EI_kappa: 0.14608075164799073
EI_topo: 1.2213067162208082
EI_topo_mod: 4.9343413471550024e-14
E_bias_mean: 0.0
E_bias_std: 1.0e-12
IE_kappa: 0.2185635478672745
IE_topo: 0.610637251560546
IE_topo_mod: 8.37660129890587e-13
II_kappa: 0.22050370596553354
II_topo: 0.41980024106243596
II_topo_mod: 5.846012073401087e-13
I_bias_mean: 0.0
I_bias_std: 1.0e-12
alpha_EE: 0.026054904671351787
alpha_EI: 0.04238323502475337
alpha_II: 0.09374515637410606
dt: 20
filename: results_7705394f-20cb-4db4-a48a-f9c82340e073.pkl
init_exc: 0.2
init_inh: 0.4
init_mod: 0.1
inp_E_kappa: 0.204376005403958
inp_E_topo: 1.717174490421586
inp_I_kappa: 0.2124854347222408
inp_I_topo: 0.46542933908111905
input_weight: 0.09089839510608819
max_h_for_output: 5.0
mod_EE_weight: 0.6315922360331535
mod_EI_weight: 0.17612780304380482
mod_IE_weight: 0.4376180763815424
mod_II_weight: 0.11526229352333572
n_actions: 3
n_bottom_up: 67
n_cue_tuned: 2
n_exc: 2000
n_fix_tuned: 1
n_hidden: 2500
n_inh: 500
n_motion_tuned: 64
n_reward_levels: 3
n_top_down: 10
n_top_down_hidden: 64
noise_input_sd: 0.0
noise_rnn_sd: 0.05
nonlinear_top_down: false
restrict_output_to_exc: false
rnn_weight: 0.14971204825904566
tc_modulator: 61.67557225756943
tc_soma: 100
td_E_kappa: 0.1628058568797519
td_E_topo: 1.1970575836959196
td_I_kappa: 0.14243891279917154
td_I_topo: 1.6402928198823012
td_weight: 0.08721234785767684
