EE_kappa: 0.07925709915098994
EE_topo: 1.4925318042892193
EE_topo_mod: 4.1572308585264925e-13
EI_kappa: 0.24706618798310898
EI_topo: 0.6158899391014194
EI_topo_mod: 8.121347073734799e-13
E_bias_mean: 0.0
E_bias_std: 1.0e-12
IE_kappa: 0.1668586962391821
IE_topo: 1.0013639904520026
IE_topo_mod: 1.0049250034082301e-14
II_kappa: 0.23255324001608413
II_topo: 1.3048084278303769
II_topo_mod: 5.516541898252245e-13
I_bias_mean: 0.0
I_bias_std: 1.0e-12
alpha_EE: 0.10821862195276855
alpha_EI: 0.01618915040667629
alpha_II: 0.05458206976412997
dt: 20
filename: results_3c1a1c27-f0e7-4edf-b15a-d68ffab8335a.pkl
init_exc: 0.2
init_inh: 0.4
init_mod: 0.1
inp_E_kappa: 0.16436103104434663
inp_E_topo: 0.5871726057355637
inp_I_kappa: 0.07982163657155271
inp_I_topo: 1.7552777967300313
input_weight: 0.12000373852850708
max_h_for_output: 5.0
mod_EE_weight: 1.929599668828215
mod_EI_weight: 0.32295746230405986
mod_IE_weight: 0.7979015140405057
mod_II_weight: 1.2006189456905532
n_actions: 3
n_bottom_up: 67
n_cue_tuned: 2
n_exc: 2000
n_fix_tuned: 1
n_hidden: 2500
n_inh: 500
n_motion_tuned: 64
n_reward_levels: 3
n_top_down: 10
n_top_down_hidden: 64
noise_input_sd: 0.0
noise_rnn_sd: 0.05
nonlinear_top_down: false
restrict_output_to_exc: false
rnn_weight: 0.1601850940578911
tc_modulator: 92.0273727533956
tc_soma: 100
td_E_kappa: 0.06029941854929086
td_E_topo: 0.18187976104424664
td_I_kappa: 0.11801600051877377
td_I_topo: 1.0757056834829455
td_weight: 0.08721234785767684
