EE_kappa: 0.06002567632082503
EE_topo: 1.1389556201265008
EE_topo_mod: 7.413488656313562e-13
EI_kappa: 0.06620923330176219
EI_topo: 0.3901241669128952
EI_topo_mod: 4.086218473209403e-13
E_bias_mean: 0.0
E_bias_std: 1.0e-12
IE_kappa: 0.11890499219036432
IE_topo: 1.5230416831643507
IE_topo_mod: 3.1203148941784787e-13
II_kappa: 0.07088399736369509
II_topo: 1.551793213555708
II_topo_mod: 6.462950003765795e-13
I_bias_mean: 0.0
I_bias_std: 1.0e-12
alpha_EE: 0.27170283473376994
alpha_EI: 0.004505408643762465
alpha_II: 0.2143943771472964
dt: 20
filename: results_f54836ed-57c8-4630-8ed4-2a8641b97523.pkl
init_exc: 0.2
init_inh: 0.4
init_mod: 0.1
inp_E_kappa: 0.20957975388864186
inp_E_topo: 0.5398323251728785
inp_I_kappa: 0.15631180419176566
inp_I_topo: 0.3224338519650978
input_weight: 0.1857118463660783
max_h_for_output: 5.0
mod_EE_weight: 1.71238147340428
mod_EI_weight: 0.2253420936707553
mod_IE_weight: 1.126920289658483
mod_II_weight: 0.06720535042822284
n_actions: 3
n_bottom_up: 67
n_cue_tuned: 2
n_exc: 2000
n_fix_tuned: 1
n_hidden: 2500
n_inh: 500
n_motion_tuned: 64
n_reward_levels: 3
n_top_down: 10
n_top_down_hidden: 64
noise_input_sd: 0.0
noise_rnn_sd: 0.05
nonlinear_top_down: false
restrict_output_to_exc: false
rnn_weight: 0.14220310548223875
tc_modulator: 60.51508351298827
tc_soma: 100
td_E_kappa: 0.05775467423457166
td_E_topo: 1.24085958772194
td_I_kappa: 0.18518556914140027
td_I_topo: 0.4167966816192701
td_weight: 0.08721234785767684
