EE_kappa: 0.07895354097875679
EE_topo: 1.2747596139252124
EE_topo_mod: 7.646164059075248e-13
EI_kappa: 0.2017799339625504
EI_topo: 1.5216783313709676
EI_topo_mod: 1.7924264348526675e-13
E_bias_mean: 0.0
E_bias_std: 1.0e-12
IE_kappa: 0.09230359132246668
IE_topo: 0.5007347589304016
IE_topo_mod: 3.7971921529388776e-13
II_kappa: 0.1288386927335715
II_topo: 0.7148590003099518
II_topo_mod: 6.753260550218171e-13
I_bias_mean: 0.0
I_bias_std: 1.0e-12
alpha_EE: 0.23669248519364547
alpha_EI: 0.24885252098904367
alpha_II: 0.06028594539251386
dt: 20
filename: results_9ae40a6f-feb4-4b0c-8006-04ff8c94a800.pkl
init_exc: 0.2
init_inh: 0.4
init_mod: 0.1
inp_E_kappa: 0.11498076375154549
inp_E_topo: 0.7559485535873844
inp_I_kappa: 0.1213887712458604
inp_I_topo: 1.8981958495214255
input_weight: 0.11562427611301312
max_h_for_output: 5.0
mod_EE_weight: 0.3960148625480271
mod_EI_weight: 0.3340115339833366
mod_IE_weight: 0.5861300326598992
mod_II_weight: 0.6117631253408982
n_actions: 3
n_bottom_up: 67
n_cue_tuned: 2
n_exc: 2000
n_fix_tuned: 1
n_hidden: 2500
n_inh: 500
n_motion_tuned: 64
n_reward_levels: 3
n_top_down: 10
n_top_down_hidden: 64
noise_input_sd: 0.0
noise_rnn_sd: 0.05
nonlinear_top_down: false
restrict_output_to_exc: false
rnn_weight: 0.15391638785521694
tc_modulator: 89.18532127915566
tc_soma: 100
td_E_kappa: 0.10960882821960012
td_E_topo: 0.6627343469877094
td_I_kappa: 0.19956428073070254
td_I_topo: 0.4705299372481342
td_weight: 0.08721234785767684
