EE_kappa: 0.06490668227597352
EE_topo: 0.36908126740998703
EE_topo_mod: 9.968784702382385e-13
EI_kappa: 0.16866200750702975
EI_topo: 0.559796164456587
EI_topo_mod: 3.473229830860669e-14
E_bias_mean: 0.0
E_bias_std: 1.0e-12
IE_kappa: 0.11436550049789032
IE_topo: 0.763478184415491
IE_topo_mod: 7.849996331091183e-13
II_kappa: 0.22162603952634985
II_topo: 1.3161350677029635
II_topo_mod: 4.793437800741435e-13
I_bias_mean: 0.0
I_bias_std: 1.0e-12
alpha_EE: 0.2541640726691593
alpha_EI: 0.11859703827973882
alpha_II: 0.24217957311269603
dt: 20
filename: results_5d19554b-652c-40cb-beb9-9097c3684d9a.pkl
init_exc: 0.2
init_inh: 0.4
init_mod: 0.1
inp_E_kappa: 0.1302573577052813
inp_E_topo: 0.6049256322616701
inp_I_kappa: 0.13721325567057246
inp_I_topo: 0.42217832282275736
input_weight: 0.06852210768997653
max_h_for_output: 5.0
mod_EE_weight: 0.8762462672351077
mod_EI_weight: 1.3153079616551646
mod_IE_weight: 0.4306174887827048
mod_II_weight: 0.03592467313081138
n_actions: 3
n_bottom_up: 67
n_cue_tuned: 2
n_exc: 2000
n_fix_tuned: 1
n_hidden: 2500
n_inh: 500
n_motion_tuned: 64
n_reward_levels: 3
n_top_down: 10
n_top_down_hidden: 64
noise_input_sd: 0.0
noise_rnn_sd: 0.05
nonlinear_top_down: false
restrict_output_to_exc: false
rnn_weight: 0.17365523619740447
tc_modulator: 57.21209668844359
tc_soma: 100
td_E_kappa: 0.08323958173290266
td_E_topo: 0.11333567044916415
td_I_kappa: 0.18190046625764772
td_I_topo: 1.0593606233739232
td_weight: 0.08721234785767684
