EE_kappa: 0.11767432987626397
EE_topo: 1.226784468758397
EE_topo_mod: 5.300334240702997e-13
EI_kappa: 0.21741920830357975
EI_topo: 0.9148108162510389
EI_topo_mod: 7.37551540048031e-13
E_bias_mean: 0.0
E_bias_std: 1.0e-12
IE_kappa: 0.20071581965411328
IE_topo: 0.8723244035398383
IE_topo_mod: 9.77192512187393e-13
II_kappa: 0.20460409318473755
II_topo: 1.6789956308226688
II_topo_mod: 9.867126690689757e-13
I_bias_mean: 0.0
I_bias_std: 1.0e-12
alpha_EE: 0.29988856224174526
alpha_EI: 0.07530184933621696
alpha_II: 0.06910204463652714
dt: 20
filename: results_33e43f9b-943f-4aa2-8dcc-a871b039959f.pkl
init_exc: 0.2
init_inh: 0.4
init_mod: 0.1
inp_E_kappa: 0.16871089379238774
inp_E_topo: 0.9045568283396612
inp_I_kappa: 0.20362179392168406
inp_I_topo: 0.784973281925958
input_weight: 0.15283071413220697
max_h_for_output: 5.0
mod_EE_weight: 1.8381431737095149
mod_EI_weight: 1.2660386903008707
mod_IE_weight: 1.5919522219831963
mod_II_weight: 1.3335847490230326
n_actions: 3
n_bottom_up: 67
n_cue_tuned: 2
n_exc: 2000
n_fix_tuned: 1
n_hidden: 2500
n_inh: 500
n_motion_tuned: 64
n_reward_levels: 3
n_top_down: 10
n_top_down_hidden: 64
noise_input_sd: 0.0
noise_rnn_sd: 0.05
nonlinear_top_down: false
restrict_output_to_exc: false
rnn_weight: 0.1397850412352889
tc_modulator: 35.607681466937706
tc_soma: 100
td_E_kappa: 0.07029329659901346
td_E_topo: 0.6879225556718584
td_I_kappa: 0.16755850316342882
td_I_topo: 0.8787524933195112
td_weight: 0.08721234785767684
