EE_kappa: 0.09905868226762116
EE_topo: 0.43716125991603016
EE_topo_mod: 7.563635505799507e-13
EI_kappa: 0.1799801214745133
EI_topo: 0.7182688054429291
EI_topo_mod: 3.544867489571074e-13
E_bias_mean: 0.0
E_bias_std: 1.0e-12
IE_kappa: 0.1364087767217862
IE_topo: 0.33271643182280597
IE_topo_mod: 3.641740321622463e-13
II_kappa: 0.1667339961281663
II_topo: 1.9033046230224249
II_topo_mod: 1.9720173370257176e-13
I_bias_mean: 0.0
I_bias_std: 1.0e-12
alpha_EE: 0.25902898946638797
alpha_EI: 0.1684617026145501
alpha_II: 0.1667123259659192
dt: 20
filename: results_a98bf3ac-e110-49cf-8e5f-a85bd1b0b8b7.pkl
init_exc: 0.2
init_inh: 0.4
init_mod: 0.1
inp_E_kappa: 0.1595439629490208
inp_E_topo: 0.7097245350918113
inp_I_kappa: 0.12253159359249571
inp_I_topo: 1.4620899757388373
input_weight: 0.0742230034134528
max_h_for_output: 5.0
mod_EE_weight: 1.5809608813711364
mod_EI_weight: 0.5620474805730438
mod_IE_weight: 0.2006153959726349
mod_II_weight: 0.006335957779836088
n_actions: 3
n_bottom_up: 67
n_cue_tuned: 2
n_exc: 2000
n_fix_tuned: 1
n_hidden: 2500
n_inh: 500
n_motion_tuned: 64
n_reward_levels: 3
n_top_down: 10
n_top_down_hidden: 64
noise_input_sd: 0.0
noise_rnn_sd: 0.05
nonlinear_top_down: false
restrict_output_to_exc: false
rnn_weight: 0.19139432187823036
tc_modulator: 32.94429712408586
tc_soma: 100
td_E_kappa: 0.20177556474117725
td_E_topo: 1.3730529083198557
td_I_kappa: 0.19482221923130516
td_I_topo: 1.0976134686033572
td_weight: 0.08721234785767684
