EE_kappa: 0.11076176480191131
EE_topo: 1.9125772222323068
EE_topo_mod: 8.242577732728228e-13
EI_kappa: 0.21049046548390848
EI_topo: 1.3609981604552315
EI_topo_mod: 7.48582764440409e-13
E_bias_mean: 0.0
E_bias_std: 1.0e-12
IE_kappa: 0.24295505945525203
IE_topo: 1.7405687524490894
IE_topo_mod: 8.897942486514649e-13
II_kappa: 0.19023319156460222
II_topo: 1.305216959587998
II_topo_mod: 7.253130770041611e-13
I_bias_mean: 0.0
I_bias_std: 1.0e-12
alpha_EE: 0.04386482570087983
alpha_EI: 0.14607683642939728
alpha_II: 0.10969899714861693
dt: 20
filename: results_ff67ff1a-37b0-49f6-aa8d-a3775f03317e.pkl
init_exc: 0.2
init_inh: 0.4
init_mod: 0.1
inp_E_kappa: 0.2062076892921258
inp_E_topo: 1.3086493585855385
inp_I_kappa: 0.23633853089318896
inp_I_topo: 0.45837873033025267
input_weight: 0.19420573439669214
max_h_for_output: 5.0
mod_EE_weight: 0.6092728132136357
mod_EI_weight: 0.944268433508157
mod_IE_weight: 0.3235039882016697
mod_II_weight: 0.10888293755725598
n_actions: 3
n_bottom_up: 67
n_cue_tuned: 2
n_exc: 2000
n_fix_tuned: 1
n_hidden: 2500
n_inh: 500
n_motion_tuned: 64
n_reward_levels: 3
n_top_down: 10
n_top_down_hidden: 64
noise_input_sd: 0.0
noise_rnn_sd: 0.05
nonlinear_top_down: false
restrict_output_to_exc: false
rnn_weight: 0.13673928439453234
tc_modulator: 66.31084338187716
tc_soma: 100
td_E_kappa: 0.062169485872484304
td_E_topo: 1.1912511642258323
td_I_kappa: 0.2019048926501925
td_I_topo: 1.8745183053138472
td_weight: 0.08721234785767684
