EE_kappa: 0.06698785398884664
EE_topo: 0.6971100363546143
EE_topo_mod: 1.5917820947913652e-13
EI_kappa: 0.1774203572280877
EI_topo: 0.26482713602074726
EI_topo_mod: 2.7908500065705133e-13
E_bias_mean: 0.0
E_bias_std: 1.0e-12
IE_kappa: 0.11667643685099689
IE_topo: 0.8673571157165778
IE_topo_mod: 7.029650013377517e-13
II_kappa: 0.21702304837740954
II_topo: 0.661817106225173
II_topo_mod: 4.4160478865659615e-13
I_bias_mean: 0.0
I_bias_std: 1.0e-12
alpha_EE: 0.2665209434647799
alpha_EI: 0.2269079815967287
alpha_II: 0.2059859381666195
dt: 20
filename: results_targeted_1840588c-71bd-4ce1-9320-0a0dbcf166b2.pkl
init_exc: 0.2
init_inh: 0.4
init_mod: 0.1
inp_E_kappa: 0.17558877447013654
inp_E_topo: 1.2732794230441666
inp_I_kappa: 0.19877566710251793
inp_I_topo: 0.26224643987333507
input_weight: 0.14308765886641794
max_h_for_output: 5.0
mod_EE_weight: 0.6708546462432019
mod_EI_weight: 0.6806715954367257
mod_IE_weight: 0.41286801651779026
mod_II_weight: 0.5146011522423373
n_actions: 3
n_bottom_up: 67
n_cue_tuned: 2
n_exc: 2000
n_fix_tuned: 1
n_hidden: 2500
n_inh: 500
n_motion_tuned: 64
n_reward_levels: 3
n_top_down: 10
n_top_down_hidden: 64
noise_input_sd: 0.0
noise_rnn_sd: 0.05
nonlinear_top_down: false
restrict_output_to_exc: false
rnn_weight: 0.17249675252496605
tc_modulator: 37.909120299812244
tc_soma: 100
td_E_kappa: 0.09260648072830607
td_E_topo: 0.9140124693586593
td_I_kappa: 0.23220289979539754
td_I_topo: 1.4601577116377726
td_weight: 0.08721234785767684
