EE_kappa: 0.11110228314831674
EE_topo: 0.38553558383925646
EE_topo_mod: 7.634979269057217e-13
EI_kappa: 0.2125227450616472
EI_topo: 0.5402719744105438
EI_topo_mod: 7.449253438033771e-13
E_bias_mean: 0.0
E_bias_std: 1.0e-12
IE_kappa: 0.16342995644240071
IE_topo: 0.029362694885978202
IE_topo_mod: 7.052669640646677e-13
II_kappa: 0.19042721355784414
II_topo: 1.9001308959437504
II_topo_mod: 2.7746839592153284e-13
I_bias_mean: 0.0
I_bias_std: 1.0e-12
alpha_EE: 0.1834294419676076
alpha_EI: 0.11928379101518342
alpha_II: 0.13400544318823754
dt: 20
filename: results_5e9b6af7-d89c-46c9-9cdf-5d1595f6d436.pkl
init_exc: 0.2
init_inh: 0.4
init_mod: 0.1
inp_E_kappa: 0.08253506266437378
inp_E_topo: 1.4064026744957046
inp_I_kappa: 0.14177691826276023
inp_I_topo: 1.6014637387138886
input_weight: 0.11814034848846397
max_h_for_output: 5.0
mod_EE_weight: 0.47032474520902334
mod_EI_weight: 0.1393398924912751
mod_IE_weight: 0.41993320021732017
mod_II_weight: 0.7468797365513803
n_actions: 3
n_bottom_up: 67
n_cue_tuned: 2
n_exc: 2000
n_fix_tuned: 1
n_hidden: 2500
n_inh: 500
n_motion_tuned: 64
n_reward_levels: 3
n_top_down: 10
n_top_down_hidden: 64
noise_input_sd: 0.0
noise_rnn_sd: 0.05
nonlinear_top_down: false
restrict_output_to_exc: false
rnn_weight: 0.1966712778598655
tc_modulator: 56.120569549952634
tc_soma: 100
td_E_kappa: 0.1615825617596653
td_E_topo: 1.7619309414951838
td_I_kappa: 0.10372243610128125
td_I_topo: 0.7889641348042131
td_weight: 0.08721234785767684
