EE_kappa: 0.098598682378201
EE_topo: 0.7045957729988863
EE_topo_mod: 7.22917118862561e-13
EI_kappa: 0.2022063221641427
EI_topo: 0.5791948565181553
EI_topo_mod: 3.628798485225063e-13
E_bias_mean: 0.0
E_bias_std: 1.0e-12
IE_kappa: 0.21909640254962504
IE_topo: 0.6307786926962466
IE_topo_mod: 7.086455524147072e-13
II_kappa: 0.24683793075904265
II_topo: 1.4376011938467106
II_topo_mod: 3.2591284152093515e-13
I_bias_mean: 0.0
I_bias_std: 1.0e-12
alpha_EE: 0.09869029135056086
alpha_EI: 0.0758292783253463
alpha_II: 0.09326711816890053
dt: 20
filename: results_0e6d1e8e-a5b4-49d0-b166-7f597b128c9c.pkl
init_exc: 0.2
init_inh: 0.4
init_mod: 0.1
inp_E_kappa: 0.13184312925002095
inp_E_topo: 0.9503305752878426
inp_I_kappa: 0.0577698562882957
inp_I_topo: 1.26602910667858
input_weight: 0.16273972804392267
max_h_for_output: 5.0
mod_EE_weight: 0.2188879712569305
mod_EI_weight: 0.3627882464562675
mod_IE_weight: 0.750622072344662
mod_II_weight: 0.15464584338335152
n_actions: 3
n_bottom_up: 67
n_cue_tuned: 2
n_exc: 2000
n_fix_tuned: 1
n_hidden: 2500
n_inh: 500
n_motion_tuned: 64
n_reward_levels: 3
n_top_down: 10
n_top_down_hidden: 64
noise_input_sd: 0.0
noise_rnn_sd: 0.05
nonlinear_top_down: false
restrict_output_to_exc: false
rnn_weight: 0.19382026104535371
tc_modulator: 86.0207693935944
tc_soma: 100
td_E_kappa: 0.05786275530386329
td_E_topo: 1.2307535041985613
td_I_kappa: 0.1639970960204179
td_I_topo: 1.6028832935411204
td_weight: 0.08721234785767684
