EE_kappa: 0.09744651604166116
EE_topo: 1.2822544909671438
EE_topo_mod: 9.207097595821223e-14
EI_kappa: 0.15008997234786284
EI_topo: 1.7336891688083476
EI_topo_mod: 8.100985046323301e-13
E_bias_mean: 0.0
E_bias_std: 1.0e-12
IE_kappa: 0.18461360898935836
IE_topo: 1.544654036633596
IE_topo_mod: 1.8424602807876566e-13
II_kappa: 0.19560952849669344
II_topo: 0.13079246788558763
II_topo_mod: 5.421334533910023e-13
I_bias_mean: 0.0
I_bias_std: 1.0e-12
alpha_EE: 0.013940063470143338
alpha_EI: 0.059889092856092806
alpha_II: 0.04583406981196488
dt: 20
filename: results_targeted_d23f4168-f877-457c-9bd6-5253d23a2f37.pkl
init_exc: 0.2
init_inh: 0.4
init_mod: 0.1
inp_E_kappa: 0.12205357457101143
inp_E_topo: 0.9501286683281278
inp_I_kappa: 0.11749616633960798
inp_I_topo: 1.2496408928902059
input_weight: 0.19341155155780076
max_h_for_output: 5.0
mod_EE_weight: 0.8556227729905884
mod_EI_weight: 0.09947966078966386
mod_IE_weight: 0.294649322415814
mod_II_weight: 0.42473953002599196
n_actions: 3
n_bottom_up: 67
n_cue_tuned: 2
n_exc: 2000
n_fix_tuned: 1
n_hidden: 2500
n_inh: 500
n_motion_tuned: 64
n_reward_levels: 3
n_top_down: 10
n_top_down_hidden: 64
noise_input_sd: 0.0
noise_rnn_sd: 0.05
nonlinear_top_down: false
restrict_output_to_exc: false
rnn_weight: 0.14965376245642048
tc_modulator: 54.607782418202085
tc_soma: 100
td_E_kappa: 0.07663008697468164
td_E_topo: 0.4193376338231032
td_I_kappa: 0.2300089842416848
td_I_topo: 1.9078213037904437
td_weight: 0.08721234785767684
