EE_kappa: 0.05649206115321941
EE_topo: 1.471336110476727
EE_topo_mod: 3.8398621369392136e-13
EI_kappa: 0.09518318604553735
EI_topo: 0.7200614608721776
EI_topo_mod: 2.2264355040183835e-13
E_bias_mean: 0.0
E_bias_std: 1.0e-12
IE_kappa: 0.14909264899214947
IE_topo: 0.7821718328389766
IE_topo_mod: 9.744797478659146e-13
II_kappa: 0.20701275637383315
II_topo: 1.1894155955597887
II_topo_mod: 7.303001266762107e-13
I_bias_mean: 0.0
I_bias_std: 1.0e-12
alpha_EE: 0.13011231276308274
alpha_EI: 0.21393691957987354
alpha_II: 0.21401580091629738
dt: 20
filename: results_8026d427-efb0-4816-ad3b-dc000f846418.pkl
init_exc: 0.2
init_inh: 0.4
init_mod: 0.1
inp_E_kappa: 0.15209450967846116
inp_E_topo: 1.9185537516940805
inp_I_kappa: 0.137879050683833
inp_I_topo: 1.8746638032290055
input_weight: 0.05980753044691543
max_h_for_output: 5.0
mod_EE_weight: 0.9829803729766734
mod_EI_weight: 0.1178571023409557
mod_IE_weight: 0.8514283221696721
mod_II_weight: 0.9145622556461207
n_actions: 3
n_bottom_up: 67
n_cue_tuned: 2
n_exc: 2000
n_fix_tuned: 1
n_hidden: 2500
n_inh: 500
n_motion_tuned: 64
n_reward_levels: 3
n_top_down: 10
n_top_down_hidden: 64
noise_input_sd: 0.0
noise_rnn_sd: 0.05
nonlinear_top_down: false
restrict_output_to_exc: false
rnn_weight: 0.0896874001163682
tc_modulator: 31.825246942518408
tc_soma: 100
td_E_kappa: 0.19521975703275884
td_E_topo: 0.07534987791097225
td_I_kappa: 0.24130448925874204
td_I_topo: 1.029100762003099
td_weight: 0.08721234785767684
