EE_kappa: 0.06675743018311564
EE_topo: 1.8815983901486755
EE_topo_mod: 6.538886309508519e-13
EI_kappa: 0.1433290686001747
EI_topo: 1.1317374756699483
EI_topo_mod: 9.371710675948477e-13
E_bias_mean: 0.0
E_bias_std: 1.0e-12
IE_kappa: 0.21581761434153385
IE_topo: 0.8564830621101922
IE_topo_mod: 1.3094247402299586e-13
II_kappa: 0.18783315876800172
II_topo: 1.4122209092411064
II_topo_mod: 1.3522396668771042e-13
I_bias_mean: 0.0
I_bias_std: 1.0e-12
alpha_EE: 0.049537008953253824
alpha_EI: 0.12167429386878548
alpha_II: 0.2593850736552901
dt: 20
filename: results_f73632d0-1ba4-4807-b80c-0902fb4ef6c9.pkl
init_exc: 0.2
init_inh: 0.4
init_mod: 0.1
inp_E_kappa: 0.16987559107673816
inp_E_topo: 1.2310477863117948
inp_I_kappa: 0.10602040894381422
inp_I_topo: 1.9175645632775766
input_weight: 0.1604269440062589
max_h_for_output: 5.0
mod_EE_weight: 0.7330319727018909
mod_EI_weight: 0.7242351596461288
mod_IE_weight: 0.11383326700788188
mod_II_weight: 0.9372254107275232
n_actions: 3
n_bottom_up: 67
n_cue_tuned: 2
n_exc: 2000
n_fix_tuned: 1
n_hidden: 2500
n_inh: 500
n_motion_tuned: 64
n_reward_levels: 3
n_top_down: 10
n_top_down_hidden: 64
noise_input_sd: 0.0
noise_rnn_sd: 0.05
nonlinear_top_down: false
restrict_output_to_exc: false
rnn_weight: 0.17622929934777154
tc_modulator: 51.54442623028086
tc_soma: 100
td_E_kappa: 0.18830928890842769
td_E_topo: 0.22715835487235458
td_I_kappa: 0.16871759410836018
td_I_topo: 0.31070080865187255
td_weight: 0.08721234785767684
