EE_kappa: 0.07592389862886693
EE_topo: 0.21090103866806298
EE_topo_mod: 3.3633999953244374e-13
EI_kappa: 0.06585135788061143
EI_topo: 0.4748603956027915
EI_topo_mod: 8.10093058457896e-13
E_bias_mean: 0.0
E_bias_std: 1.0e-12
IE_kappa: 0.2330116770921119
IE_topo: 0.39129809798069437
IE_topo_mod: 9.41657664448276e-13
II_kappa: 0.10359269975152814
II_topo: 0.4295572686414242
II_topo_mod: 6.314292081121032e-13
I_bias_mean: 0.0
I_bias_std: 1.0e-12
alpha_EE: 0.26854709782103203
alpha_EI: 0.08811201383379841
alpha_II: 0.27068369915130874
dt: 20
filename: results_b5397ed2-a5da-4a1e-bc05-546a4a2aa48c.pkl
init_exc: 0.2
init_inh: 0.4
init_mod: 0.1
inp_E_kappa: 0.10714212079133888
inp_E_topo: 0.8717622853679565
inp_I_kappa: 0.1277438882518022
inp_I_topo: 0.513810788133489
input_weight: 0.1712075214193519
max_h_for_output: 5.0
mod_EE_weight: 0.24245303273188834
mod_EI_weight: 0.5877215343936737
mod_IE_weight: 0.15905452106816553
mod_II_weight: 0.031476482688897134
n_actions: 3
n_bottom_up: 67
n_cue_tuned: 2
n_exc: 2000
n_fix_tuned: 1
n_hidden: 2500
n_inh: 500
n_motion_tuned: 64
n_reward_levels: 3
n_top_down: 10
n_top_down_hidden: 64
noise_input_sd: 0.0
noise_rnn_sd: 0.05
nonlinear_top_down: false
restrict_output_to_exc: false
rnn_weight: 0.18333193554597105
tc_modulator: 32.13372184879557
tc_soma: 100
td_E_kappa: 0.20061120215898298
td_E_topo: 0.31348889320694195
td_I_kappa: 0.2330778957210871
td_I_topo: 1.2786020842697736
td_weight: 0.08721234785767684
