EE_kappa: 0.07011611447298882
EE_topo: 0.19853243904396134
EE_topo_mod: 7.590477888637274e-13
EI_kappa: 0.09932261738521182
EI_topo: 1.4427069538105601
EI_topo_mod: 4.876888591245335e-13
E_bias_mean: 0.0
E_bias_std: 1.0e-12
IE_kappa: 0.1412524392193113
IE_topo: 0.3335265526733675
IE_topo_mod: 3.5198228595805313e-13
II_kappa: 0.14517293150097232
II_topo: 0.6865177768530524
II_topo_mod: 9.715354032944385e-13
I_bias_mean: 0.0
I_bias_std: 1.0e-12
alpha_EE: 0.2771505184328664
alpha_EI: 0.03243476804127336
alpha_II: 0.29164409217441584
dt: 20
filename: results_0a8bf46f-a6dd-4a6d-96eb-770262f0c95b.pkl
init_exc: 0.2
init_inh: 0.4
init_mod: 0.1
inp_E_kappa: 0.07347117768575627
inp_E_topo: 1.8773623135297925
inp_I_kappa: 0.12889733869559022
inp_I_topo: 1.1319196678720151
input_weight: 0.1302229429284327
max_h_for_output: 5.0
mod_EE_weight: 1.6097096891808542
mod_EI_weight: 1.992763299999168
mod_IE_weight: 0.7725819785511878
mod_II_weight: 0.3976338768015799
n_actions: 3
n_bottom_up: 67
n_cue_tuned: 2
n_exc: 2000
n_fix_tuned: 1
n_hidden: 2500
n_inh: 500
n_motion_tuned: 64
n_reward_levels: 3
n_top_down: 10
n_top_down_hidden: 64
noise_input_sd: 0.0
noise_rnn_sd: 0.05
nonlinear_top_down: false
restrict_output_to_exc: false
rnn_weight: 0.15691685812820083
tc_modulator: 64.53381202426415
tc_soma: 100
td_E_kappa: 0.09223509658840064
td_E_topo: 1.2307164416961125
td_I_kappa: 0.19606709698489105
td_I_topo: 1.0205642107765729
td_weight: 0.08721234785767684
