EE_kappa: 0.08890986078140611
EE_topo: 0.5956336985858668
EE_topo_mod: 6.819052521648185e-13
EI_kappa: 0.10993701553234836
EI_topo: 0.8643639801856775
EI_topo_mod: 1.7940238739169734e-13
E_bias_mean: 0.0
E_bias_std: 1.0e-12
IE_kappa: 0.1793029212300033
IE_topo: 0.9785641780799794
IE_topo_mod: 1.584548634011258e-13
II_kappa: 0.1488843357684118
II_topo: 1.22865996587187
II_topo_mod: 4.202050271845926e-13
I_bias_mean: 0.0
I_bias_std: 1.0e-12
alpha_EE: 0.09208170184372462
alpha_EI: 0.01744133980968764
alpha_II: 0.252174342620562
dt: 20
filename: results_46321ff3-42fe-4e72-acb8-a34831658bd0.pkl
init_exc: 0.2
init_inh: 0.4
init_mod: 0.1
inp_E_kappa: 0.08118063389907096
inp_E_topo: 1.9609709459551001
inp_I_kappa: 0.20567590909796757
inp_I_topo: 0.8231922737695179
input_weight: 0.13699955295721875
max_h_for_output: 5.0
mod_EE_weight: 0.7304221252472229
mod_EI_weight: 0.7116889026877831
mod_IE_weight: 1.989655924346276
mod_II_weight: 1.5919377739620282
n_actions: 3
n_bottom_up: 67
n_cue_tuned: 2
n_exc: 2000
n_fix_tuned: 1
n_hidden: 2500
n_inh: 500
n_motion_tuned: 64
n_reward_levels: 3
n_top_down: 10
n_top_down_hidden: 64
noise_input_sd: 0.0
noise_rnn_sd: 0.05
nonlinear_top_down: false
restrict_output_to_exc: false
rnn_weight: 0.15100242909985606
tc_modulator: 88.22573601773873
tc_soma: 100
td_E_kappa: 0.07220437413008879
td_E_topo: 0.8559030305626976
td_I_kappa: 0.06233035033200305
td_I_topo: 0.9913910788365063
td_weight: 0.08721234785767684
