EE_kappa: 0.06432296159681894
EE_topo: 1.3726329733637443
EE_topo_mod: 7.602072260965683e-13
EI_kappa: 0.1765806723247355
EI_topo: 1.585496331835128
EI_topo_mod: 2.5344740154221445e-13
E_bias_mean: 0.0
E_bias_std: 1.0e-12
IE_kappa: 0.08365370422841961
IE_topo: 1.0969337486149962
IE_topo_mod: 3.0032563406336233e-13
II_kappa: 0.19178955423650773
II_topo: 1.5136658817177964
II_topo_mod: 2.4239204638408387e-13
I_bias_mean: 0.0
I_bias_std: 1.0e-12
alpha_EE: 0.14004644735986568
alpha_EI: 0.11034146936671574
alpha_II: 0.2256456265953706
dt: 20
filename: results_targeted_2922171d-2fe2-44cd-b419-9c5dfc5ee811.pkl
init_exc: 0.2
init_inh: 0.4
init_mod: 0.1
inp_E_kappa: 0.13776523263095267
inp_E_topo: 1.3445968247925413
inp_I_kappa: 0.21620640615531123
inp_I_topo: 1.8961796235404604
input_weight: 0.12492718897043796
max_h_for_output: 5.0
mod_EE_weight: 0.7573417270228524
mod_EI_weight: 0.8858553589166336
mod_IE_weight: 0.27985370609051374
mod_II_weight: 0.12342899678255903
n_actions: 3
n_bottom_up: 67
n_cue_tuned: 2
n_exc: 2000
n_fix_tuned: 1
n_hidden: 2500
n_inh: 500
n_motion_tuned: 64
n_reward_levels: 3
n_top_down: 10
n_top_down_hidden: 64
noise_input_sd: 0.0
noise_rnn_sd: 0.05
nonlinear_top_down: false
restrict_output_to_exc: false
rnn_weight: 0.11170967411565369
tc_modulator: 65.15586928719324
tc_soma: 100
td_E_kappa: 0.19670617493291648
td_E_topo: 1.506054971605985
td_I_kappa: 0.077895728315379
td_I_topo: 1.9111837093912563
td_weight: 0.08721234785767684
