EE_kappa: 0.18870498994032098
EE_topo: 0.0008669323699153075
EE_topo_mod: 6.669903860538092e-13
EI_kappa: 0.24330505439348282
EI_topo: 1.3011568555845137
EI_topo_mod: 6.804179510459414e-13
E_bias_mean: 0.0
E_bias_std: 1.0e-12
IE_kappa: 0.22191201400770844
IE_topo: 0.3704004652288626
IE_topo_mod: 2.7075985107922527e-14
II_kappa: 0.17722373870821911
II_topo: 1.1540427090241079
II_topo_mod: 6.5602067137354e-13
I_bias_mean: 0.0
I_bias_std: 1.0e-12
alpha_EE: 0.05141496854502121
alpha_EI: 0.020649228921684658
alpha_II: 0.102337926271958
dt: 20
filename: results_abe9c34a-2ac1-4500-9804-077855cdd319.pkl
init_exc: 0.2
init_inh: 0.4
init_mod: 0.1
inp_E_kappa: 0.15101932718724237
inp_E_topo: 1.1077511336032306
inp_I_kappa: 0.1879603184292853
inp_I_topo: 0.5508385897088235
input_weight: 0.15864381278166995
max_h_for_output: 5.0
mod_EE_weight: 0.9588558089402865
mod_EI_weight: 0.457181105278338
mod_IE_weight: 0.7513116994523112
mod_II_weight: 0.61205276787182
n_actions: 3
n_bottom_up: 67
n_cue_tuned: 2
n_exc: 2000
n_fix_tuned: 1
n_hidden: 2500
n_inh: 500
n_motion_tuned: 64
n_reward_levels: 3
n_top_down: 10
n_top_down_hidden: 64
noise_input_sd: 0.0
noise_rnn_sd: 0.05
nonlinear_top_down: false
restrict_output_to_exc: false
rnn_weight: 0.1440199236391711
tc_modulator: 68.83624684790507
tc_soma: 100
td_E_kappa: 0.0742649726158996
td_E_topo: 1.7110833701584562
td_I_kappa: 0.16346813937297833
td_I_topo: 1.3427307752823985
td_weight: 0.08721234785767684
