EE_kappa: 0.06812887300157269
EE_topo: 0.26521147415751845
EE_topo_mod: 6.01963745909455e-14
EI_kappa: 0.07562989696061995
EI_topo: 0.937624362803015
EI_topo_mod: 2.5533073080433645e-13
E_bias_mean: 0.0
E_bias_std: 1.0e-12
IE_kappa: 0.16531312728064107
IE_topo: 1.3055483967110857
IE_topo_mod: 6.665468750857793e-13
II_kappa: 0.17848091709197222
II_topo: 1.6526007304949712
II_topo_mod: 9.005288612864625e-13
I_bias_mean: 0.0
I_bias_std: 1.0e-12
alpha_EE: 0.0440267130134047
alpha_EI: 0.24710763142348394
alpha_II: 0.287665497520144
dt: 20
filename: results_afd39612-cf4f-445e-8dab-81a87bbc45c8.pkl
init_exc: 0.2
init_inh: 0.4
init_mod: 0.1
inp_E_kappa: 0.10056839637663276
inp_E_topo: 0.8731981475828547
inp_I_kappa: 0.22010149487457864
inp_I_topo: 0.6426374799044465
input_weight: 0.17807755525779806
max_h_for_output: 5.0
mod_EE_weight: 0.3579857475831527
mod_EI_weight: 1.5865964206725869
mod_IE_weight: 0.6193450154182303
mod_II_weight: 0.05972846354732941
n_actions: 3
n_bottom_up: 67
n_cue_tuned: 2
n_exc: 2000
n_fix_tuned: 1
n_hidden: 2500
n_inh: 500
n_motion_tuned: 64
n_reward_levels: 3
n_top_down: 10
n_top_down_hidden: 64
noise_input_sd: 0.0
noise_rnn_sd: 0.05
nonlinear_top_down: false
restrict_output_to_exc: false
rnn_weight: 0.16631537422758969
tc_modulator: 77.48312193411091
tc_soma: 100
td_E_kappa: 0.16169048899436603
td_E_topo: 1.445064489493495
td_I_kappa: 0.14914240020551797
td_I_topo: 1.8244699164547629
td_weight: 0.08721234785767684
