EE_kappa: 0.06542495644381513
EE_topo: 1.4922663684702973
EE_topo_mod: 1.0147143865480734e-13
EI_kappa: 0.07786597383854882
EI_topo: 1.6958969328931623
EI_topo_mod: 3.878301495272196e-13
E_bias_mean: 0.0
E_bias_std: 1.0e-12
IE_kappa: 0.16129841316387727
IE_topo: 0.777624915103587
IE_topo_mod: 1.0383317433345529e-13
II_kappa: 0.0692732384929416
II_topo: 0.4220910583779218
II_topo_mod: 8.489211387618053e-13
I_bias_mean: 0.0
I_bias_std: 1.0e-12
alpha_EE: 0.10303826361009179
alpha_EI: 0.008630894218288465
alpha_II: 0.08622025661737127
dt: 20
filename: results_cbda1e47-2969-4e13-b43e-a21bed2cb418.pkl
init_exc: 0.2
init_inh: 0.4
init_mod: 0.1
inp_E_kappa: 0.12056322255456867
inp_E_topo: 1.0280592264532666
inp_I_kappa: 0.16610050084827999
inp_I_topo: 1.4037308887348958
input_weight: 0.11304883143758708
max_h_for_output: 5.0
mod_EE_weight: 0.8134804821219122
mod_EI_weight: 1.8586635650482763
mod_IE_weight: 0.8486874466760443
mod_II_weight: 1.737276781465804
n_actions: 3
n_bottom_up: 67
n_cue_tuned: 2
n_exc: 2000
n_fix_tuned: 1
n_hidden: 2500
n_inh: 500
n_motion_tuned: 64
n_reward_levels: 3
n_top_down: 10
n_top_down_hidden: 64
noise_input_sd: 0.0
noise_rnn_sd: 0.05
nonlinear_top_down: false
restrict_output_to_exc: false
rnn_weight: 0.19717700974647384
tc_modulator: 46.50857446083237
tc_soma: 100
td_E_kappa: 0.2483666209608043
td_E_topo: 1.3545990105849557
td_I_kappa: 0.18677585099734223
td_I_topo: 1.9327063515013352
td_weight: 0.08721234785767684
