EE_kappa: 0.07687686316305671
EE_topo: 0.08499343538951765
EE_topo_mod: 3.6756817770694737e-13
EI_kappa: 0.08161636764215979
EI_topo: 0.4155465871755182
EI_topo_mod: 9.174225837231588e-13
E_bias_mean: 0.0
E_bias_std: 1.0e-12
IE_kappa: 0.17755132733493817
IE_topo: 1.8439588441063317
IE_topo_mod: 1.3344462651370703e-13
II_kappa: 0.16898425260344974
II_topo: 1.6759859015814813
II_topo_mod: 1.9695439001941972e-13
I_bias_mean: 0.0
I_bias_std: 1.0e-12
alpha_EE: 0.10315784783559537
alpha_EI: 0.27917702657283633
alpha_II: 0.20508848813722083
dt: 20
filename: results_da28724e-6cf3-465a-bb4c-8f83ecc2cd59.pkl
init_exc: 0.2
init_inh: 0.4
init_mod: 0.1
inp_E_kappa: 0.15044838857227832
inp_E_topo: 0.5056924043803481
inp_I_kappa: 0.24077922796013862
inp_I_topo: 0.47009861154268684
input_weight: 0.08022955459252859
max_h_for_output: 5.0
mod_EE_weight: 1.2749923629213824
mod_EI_weight: 0.39274867521705903
mod_IE_weight: 1.7281271511540344
mod_II_weight: 0.5944622549147232
n_actions: 3
n_bottom_up: 67
n_cue_tuned: 2
n_exc: 2000
n_fix_tuned: 1
n_hidden: 2500
n_inh: 500
n_motion_tuned: 64
n_reward_levels: 3
n_top_down: 10
n_top_down_hidden: 64
noise_input_sd: 0.0
noise_rnn_sd: 0.05
nonlinear_top_down: false
restrict_output_to_exc: false
rnn_weight: 0.15430424815769522
tc_modulator: 91.54943446396038
tc_soma: 100
td_E_kappa: 0.24524636936739452
td_E_topo: 0.3958592250881525
td_I_kappa: 0.1030348941658186
td_I_topo: 0.7762699499963366
td_weight: 0.08721234785767684
