EE_kappa: 0.1355620270457079
EE_topo: 0.953092421529012
EE_topo_mod: 6.865469746391356e-13
EI_kappa: 0.2390341136722413
EI_topo: 1.0971055929308478
EI_topo_mod: 2.4291495282569997e-13
E_bias_mean: 0.0
E_bias_std: 1.0e-12
IE_kappa: 0.17410612566816597
IE_topo: 0.20196202951905473
IE_topo_mod: 4.657251903410039e-13
II_kappa: 0.18807021480200387
II_topo: 1.9599753053138935
II_topo_mod: 3.099350685480554e-13
I_bias_mean: 0.0
I_bias_std: 1.0e-12
alpha_EE: 0.08539692321356405
alpha_EI: 0.08261133220261052
alpha_II: 0.07361725690733054
dt: 20
filename: results_71f3c565-8204-4a0d-831f-a4f31bd3753c.pkl
init_exc: 0.2
init_inh: 0.4
init_mod: 0.1
inp_E_kappa: 0.18213968252946483
inp_E_topo: 1.7779399878777629
inp_I_kappa: 0.18855467481851235
inp_I_topo: 1.9578681978128771
input_weight: 0.11963019184864106
max_h_for_output: 5.0
mod_EE_weight: 1.8980495338477938
mod_EI_weight: 0.4434013191912334
mod_IE_weight: 1.9397980670524755
mod_II_weight: 0.2889726554957832
n_actions: 3
n_bottom_up: 67
n_cue_tuned: 2
n_exc: 2000
n_fix_tuned: 1
n_hidden: 2500
n_inh: 500
n_motion_tuned: 64
n_reward_levels: 3
n_top_down: 10
n_top_down_hidden: 64
noise_input_sd: 0.0
noise_rnn_sd: 0.05
nonlinear_top_down: false
restrict_output_to_exc: false
rnn_weight: 0.07955258404400478
tc_modulator: 45.357964458420206
tc_soma: 100
td_E_kappa: 0.22692253299302162
td_E_topo: 1.8011439796882718
td_I_kappa: 0.13206217711958174
td_I_topo: 0.35165088863867133
td_weight: 0.08721234785767684
