EE_kappa: 0.05771362281367705
EE_topo: 0.5237705404388047
EE_topo_mod: 1.5216655317022952e-13
EI_kappa: 0.05508199242314629
EI_topo: 1.4632401719559203
EI_topo_mod: 6.185794285577901e-13
E_bias_mean: 0.0
E_bias_std: 1.0e-12
IE_kappa: 0.22294001127387492
IE_topo: 0.6749676865202168
IE_topo_mod: 9.010760837114841e-13
II_kappa: 0.24899614244810103
II_topo: 0.4674204672196587
II_topo_mod: 3.4272774714262797e-13
I_bias_mean: 0.0
I_bias_std: 1.0e-12
alpha_EE: 0.023887476526950547
alpha_EI: 0.2241830278566158
alpha_II: 0.29760871356322366
dt: 20
filename: results_c040f99d-4aa3-49fe-af18-572915b1b494.pkl
init_exc: 0.2
init_inh: 0.4
init_mod: 0.1
inp_E_kappa: 0.13558173485456043
inp_E_topo: 1.9076374450429556
inp_I_kappa: 0.13546796177663306
inp_I_topo: 1.505843002354434
input_weight: 0.13594757183285164
max_h_for_output: 5.0
mod_EE_weight: 0.6412302631015973
mod_EI_weight: 0.026651934302792113
mod_IE_weight: 0.7433679490883872
mod_II_weight: 0.6884804142506131
n_actions: 3
n_bottom_up: 67
n_cue_tuned: 2
n_exc: 2000
n_fix_tuned: 1
n_hidden: 2500
n_inh: 500
n_motion_tuned: 64
n_reward_levels: 3
n_top_down: 10
n_top_down_hidden: 64
noise_input_sd: 0.0
noise_rnn_sd: 0.05
nonlinear_top_down: false
restrict_output_to_exc: false
rnn_weight: 0.14890194153160735
tc_modulator: 69.2163486333013
tc_soma: 100
td_E_kappa: 0.06790904345187793
td_E_topo: 0.9892092223719284
td_I_kappa: 0.15389017646576397
td_I_topo: 1.989516385250393
td_weight: 0.08721234785767684
