EE_kappa: 0.07880470617612878
EE_topo: 1.483487259704751
EE_topo_mod: 5.353893287833619e-13
EI_kappa: 0.11994614521816632
EI_topo: 1.4843658601830454
EI_topo_mod: 3.4772766006725666e-13
E_bias_mean: 0.0
E_bias_std: 1.0e-12
IE_kappa: 0.13221086467520748
IE_topo: 0.9492168032657133
IE_topo_mod: 4.0050771738335497e-13
II_kappa: 0.12242847463994469
II_topo: 1.8809873125877612
II_topo_mod: 3.44443072897215e-13
I_bias_mean: 0.0
I_bias_std: 1.0e-12
alpha_EE: 0.010936976259447184
alpha_EI: 0.23817645226611323
alpha_II: 0.2559507461313082
dt: 20
filename: results_e6b85f2e-eea5-4b44-b19e-23a9b6182fed.pkl
init_exc: 0.2
init_inh: 0.4
init_mod: 0.1
inp_E_kappa: 0.10503849401378434
inp_E_topo: 1.4802704184617985
inp_I_kappa: 0.10323167404090916
inp_I_topo: 1.3658305371365016
input_weight: 0.07098381242522206
max_h_for_output: 5.0
mod_EE_weight: 0.9810315259477149
mod_EI_weight: 0.44404466094715556
mod_IE_weight: 0.860721499620483
mod_II_weight: 1.113520283709592
n_actions: 3
n_bottom_up: 67
n_cue_tuned: 2
n_exc: 2000
n_fix_tuned: 1
n_hidden: 2500
n_inh: 500
n_motion_tuned: 64
n_reward_levels: 3
n_top_down: 10
n_top_down_hidden: 64
noise_input_sd: 0.0
noise_rnn_sd: 0.05
nonlinear_top_down: false
restrict_output_to_exc: false
rnn_weight: 0.1387660351212064
tc_modulator: 65.89658656758209
tc_soma: 100
td_E_kappa: 0.1107701640567216
td_E_topo: 1.8948179258781406
td_I_kappa: 0.1808286320163126
td_I_topo: 1.2868137009236382
td_weight: 0.08721234785767684
