EE_kappa: 0.07117597171521206
EE_topo: 1.56262414243885
EE_topo_mod: 5.53025254604664e-13
EI_kappa: 0.09237336132030954
EI_topo: 1.6302233142047675
EI_topo_mod: 7.478366044790231e-13
E_bias_mean: 0.0
E_bias_std: 1.0e-12
IE_kappa: 0.2184593386975538
IE_topo: 1.5807151773614656
IE_topo_mod: 8.440469629776578e-13
II_kappa: 0.1916778678968144
II_topo: 0.9815753843937767
II_topo_mod: 9.978166816472092e-13
I_bias_mean: 0.0
I_bias_std: 1.0e-12
alpha_EE: 0.11548372252730774
alpha_EI: 0.23469949650932656
alpha_II: 0.25222580466270744
dt: 20
filename: results_e4793d46-88ec-4959-8234-e0cd1034d8ec.pkl
init_exc: 0.2
init_inh: 0.4
init_mod: 0.1
inp_E_kappa: 0.12900515450717148
inp_E_topo: 0.4089698657931
inp_I_kappa: 0.18422195342650888
inp_I_topo: 0.9930800600780951
input_weight: 0.11372016543544994
max_h_for_output: 5.0
mod_EE_weight: 0.3356072801384049
mod_EI_weight: 1.9405302570192435
mod_IE_weight: 1.8913192617380392
mod_II_weight: 1.85007750495238
n_actions: 3
n_bottom_up: 67
n_cue_tuned: 2
n_exc: 2000
n_fix_tuned: 1
n_hidden: 2500
n_inh: 500
n_motion_tuned: 64
n_reward_levels: 3
n_top_down: 10
n_top_down_hidden: 64
noise_input_sd: 0.0
noise_rnn_sd: 0.05
nonlinear_top_down: false
restrict_output_to_exc: false
rnn_weight: 0.18558946876751753
tc_modulator: 52.377735522184736
tc_soma: 100
td_E_kappa: 0.2257623925394885
td_E_topo: 0.19301318771418363
td_I_kappa: 0.16895888191168812
td_I_topo: 0.7101947439304355
td_weight: 0.08721234785767684
