EE_kappa: 0.06321664128537907
EE_topo: 0.5098255502889699
EE_topo_mod: 3.353766634041404e-13
EI_kappa: 0.1306078530369305
EI_topo: 0.1433617681809629
EI_topo_mod: 8.368275945316995e-13
E_bias_mean: 0.0
E_bias_std: 1.0e-12
IE_kappa: 0.17514636385203852
IE_topo: 0.12837714264962763
IE_topo_mod: 2.2156597152545054e-13
II_kappa: 0.1911106292195927
II_topo: 1.7073881246229745
II_topo_mod: 4.778451764345873e-13
I_bias_mean: 0.0
I_bias_std: 1.0e-12
alpha_EE: 0.07288844035229018
alpha_EI: 0.05640579144808132
alpha_II: 0.27190703781420755
dt: 20
filename: results_1ee9c16c-369b-4c28-a555-7ad1e913c899.pkl
init_exc: 0.2
init_inh: 0.4
init_mod: 0.1
inp_E_kappa: 0.10848023906926388
inp_E_topo: 0.3367222252850073
inp_I_kappa: 0.24694349135365534
inp_I_topo: 1.4025830531904624
input_weight: 0.08691460178333218
max_h_for_output: 5.0
mod_EE_weight: 1.0723482565151572
mod_EI_weight: 1.4904952426708968
mod_IE_weight: 1.6875439165450816
mod_II_weight: 0.2221417069320859
n_actions: 3
n_bottom_up: 67
n_cue_tuned: 2
n_exc: 2000
n_fix_tuned: 1
n_hidden: 2500
n_inh: 500
n_motion_tuned: 64
n_reward_levels: 3
n_top_down: 10
n_top_down_hidden: 64
noise_input_sd: 0.0
noise_rnn_sd: 0.05
nonlinear_top_down: false
restrict_output_to_exc: false
rnn_weight: 0.16296015854404666
tc_modulator: 93.16386322135057
tc_soma: 100
td_E_kappa: 0.19897231863399206
td_E_topo: 1.8997656227968291
td_I_kappa: 0.09854537652397673
td_I_topo: 0.7270463758431436
td_weight: 0.08721234785767684
