EE_kappa: 0.08956007106422766
EE_topo: 1.0723376936751252
EE_topo_mod: 2.8949571136113626e-13
EI_kappa: 0.23041642422669856
EI_topo: 1.3232749483023
EI_topo_mod: 3.599815080305194e-13
E_bias_mean: 0.0
E_bias_std: 1.0e-12
IE_kappa: 0.11404562064709552
IE_topo: 0.4921740910003951
IE_topo_mod: 1.0268780819284684e-13
II_kappa: 0.24977128909124552
II_topo: 1.3667810549316548
II_topo_mod: 1.5375836076478576e-13
I_bias_mean: 0.0
I_bias_std: 1.0e-12
alpha_EE: 0.2845100099878372
alpha_EI: 0.2698872575301971
alpha_II: 0.21694490771221694
dt: 20
filename: results_e7f88e5c-ccc7-41f4-a31b-11eb5299ecaa.pkl
init_exc: 0.2
init_inh: 0.4
init_mod: 0.1
inp_E_kappa: 0.15791413123167936
inp_E_topo: 1.0050986237478579
inp_I_kappa: 0.12758310571456333
inp_I_topo: 0.14119655023280187
input_weight: 0.17030454648324603
max_h_for_output: 5.0
mod_EE_weight: 0.8273731254648884
mod_EI_weight: 0.23421236412325386
mod_IE_weight: 0.9291703300780891
mod_II_weight: 0.3285794405863891
n_actions: 3
n_bottom_up: 67
n_cue_tuned: 2
n_exc: 2000
n_fix_tuned: 1
n_hidden: 2500
n_inh: 500
n_motion_tuned: 64
n_reward_levels: 3
n_top_down: 10
n_top_down_hidden: 64
noise_input_sd: 0.0
noise_rnn_sd: 0.05
nonlinear_top_down: false
restrict_output_to_exc: false
rnn_weight: 0.09528022617766205
tc_modulator: 67.11363783812693
tc_soma: 100
td_E_kappa: 0.0868851790508361
td_E_topo: 0.04220944406900706
td_I_kappa: 0.1544266180438187
td_I_topo: 0.6244333246481415
td_weight: 0.08721234785767684
