EE_kappa: 0.07473033328315565
EE_topo: 1.1544385401040422
EE_topo_mod: 5.558951136601221e-13
EI_kappa: 0.18389701332521136
EI_topo: 0.0032716463791970796
EI_topo_mod: 2.4216051098087487e-13
E_bias_mean: 0.0
E_bias_std: 1.0e-12
IE_kappa: 0.13354574745147596
IE_topo: 1.3358921242779067
IE_topo_mod: 5.807808992802154e-13
II_kappa: 0.21567539591120732
II_topo: 1.8805136095664636
II_topo_mod: 9.052164706019514e-13
I_bias_mean: 0.0
I_bias_std: 1.0e-12
alpha_EE: 0.03233181044327007
alpha_EI: 0.17403101921209674
alpha_II: 0.11219205671260439
dt: 20
filename: results_ef1da865-9662-49a9-bfb0-42d59882fda9.pkl
init_exc: 0.2
init_inh: 0.4
init_mod: 0.1
inp_E_kappa: 0.09153685585418217
inp_E_topo: 1.3117316265330254
inp_I_kappa: 0.21162898523357482
inp_I_topo: 0.5866107928651729
input_weight: 0.0991879245712052
max_h_for_output: 5.0
mod_EE_weight: 0.256463540643994
mod_EI_weight: 0.21994881860293136
mod_IE_weight: 0.08495580777598555
mod_II_weight: 0.22804323086925804
n_actions: 3
n_bottom_up: 67
n_cue_tuned: 2
n_exc: 2000
n_fix_tuned: 1
n_hidden: 2500
n_inh: 500
n_motion_tuned: 64
n_reward_levels: 3
n_top_down: 10
n_top_down_hidden: 64
noise_input_sd: 0.0
noise_rnn_sd: 0.05
nonlinear_top_down: false
restrict_output_to_exc: false
rnn_weight: 0.1566969654172891
tc_modulator: 25.093572394707763
tc_soma: 100
td_E_kappa: 0.08109684741922273
td_E_topo: 1.5049323290358239
td_I_kappa: 0.09981608353217297
td_I_topo: 1.015730252039713
td_weight: 0.08721234785767684
