EE_kappa: 0.056306434699514823
EE_topo: 0.2098682236774856
EE_topo_mod: 9.295854651830876e-13
EI_kappa: 0.09365894253654959
EI_topo: 0.06080517084626624
EI_topo_mod: 8.230776573360462e-13
E_bias_mean: 0.0
E_bias_std: 1.0e-12
IE_kappa: 0.17038323737696953
IE_topo: 1.7075105312205194
IE_topo_mod: 2.7226876549817445e-13
II_kappa: 0.2482653622212811
II_topo: 1.3572624523523131
II_topo_mod: 8.955790371106922e-13
I_bias_mean: 0.0
I_bias_std: 1.0e-12
alpha_EE: 0.0873422387993996
alpha_EI: 0.17178646349142565
alpha_II: 0.03444343314646285
dt: 20
filename: results_2084e07e-e4cb-47db-85c7-4bcf337cf0cc.pkl
init_exc: 0.2
init_inh: 0.4
init_mod: 0.1
inp_E_kappa: 0.13191864620777352
inp_E_topo: 1.1129838187563892
inp_I_kappa: 0.19340784271031303
inp_I_topo: 0.4911114087754296
input_weight: 0.07052538499173228
max_h_for_output: 5.0
mod_EE_weight: 0.004818331840612089
mod_EI_weight: 0.46903700391525893
mod_IE_weight: 1.572904720792653
mod_II_weight: 0.5093580016522312
n_actions: 3
n_bottom_up: 67
n_cue_tuned: 2
n_exc: 2000
n_fix_tuned: 1
n_hidden: 2500
n_inh: 500
n_motion_tuned: 64
n_reward_levels: 3
n_top_down: 10
n_top_down_hidden: 64
noise_input_sd: 0.0
noise_rnn_sd: 0.05
nonlinear_top_down: false
restrict_output_to_exc: false
rnn_weight: 0.15296571248031302
tc_modulator: 92.0652927016369
tc_soma: 100
td_E_kappa: 0.06816304249681748
td_E_topo: 1.3024519556555922
td_I_kappa: 0.2385040364589402
td_I_topo: 1.4795245525894092
td_weight: 0.08721234785767684
