EE_kappa: 0.05595167347847017
EE_topo: 1.1548760165923595
EE_topo_mod: 6.710001103130973e-13
EI_kappa: 0.2256072095191099
EI_topo: 1.6888509414537898
EI_topo_mod: 8.308279437384461e-13
E_bias_mean: 0.0
E_bias_std: 1.0e-12
IE_kappa: 0.09605523113471202
IE_topo: 1.2951236523539935
IE_topo_mod: 6.123074857355399e-13
II_kappa: 0.24237477087039438
II_topo: 1.5742695543555643
II_topo_mod: 8.709697841186491e-13
I_bias_mean: 0.0
I_bias_std: 1.0e-12
alpha_EE: 0.15667015590635275
alpha_EI: 0.03476548607751194
alpha_II: 0.24952807215968026
dt: 20
filename: results_2024e044-c0e2-42c1-98bb-21d955686d0e.pkl
init_exc: 0.2
init_inh: 0.4
init_mod: 0.1
inp_E_kappa: 0.23961093232259273
inp_E_topo: 1.4711801809499818
inp_I_kappa: 0.17307694890340403
inp_I_topo: 1.0463352202388196
input_weight: 0.12703470373376666
max_h_for_output: 5.0
mod_EE_weight: 1.3923518065773133
mod_EI_weight: 1.9279996850250711
mod_IE_weight: 1.6948383628763608
mod_II_weight: 0.7698906128346372
n_actions: 3
n_bottom_up: 67
n_cue_tuned: 2
n_exc: 2000
n_fix_tuned: 1
n_hidden: 2500
n_inh: 500
n_motion_tuned: 64
n_reward_levels: 3
n_top_down: 10
n_top_down_hidden: 64
noise_input_sd: 0.0
noise_rnn_sd: 0.05
nonlinear_top_down: false
restrict_output_to_exc: false
rnn_weight: 0.18127337751983452
tc_modulator: 71.76585057835202
tc_soma: 100
td_E_kappa: 0.2189523067650262
td_E_topo: 0.29598034224856185
td_I_kappa: 0.23922593026629818
td_I_topo: 0.38172689485816935
td_weight: 0.08721234785767684
