EE_kappa: 0.09231263853527212
EE_topo: 0.9888104874785586
EE_topo_mod: 2.1701291291270985e-13
EI_kappa: 0.08497755526569925
EI_topo: 1.3563780194425152
EI_topo_mod: 2.0781705787728442e-13
E_bias_mean: 0.0
E_bias_std: 1.0e-12
IE_kappa: 0.21316597919983615
IE_topo: 0.7522383178741572
IE_topo_mod: 8.271019454431552e-13
II_kappa: 0.12135457414354474
II_topo: 0.16844860198280354
II_topo_mod: 6.11273333191612e-13
I_bias_mean: 0.0
I_bias_std: 1.0e-12
alpha_EE: 0.14441331668662447
alpha_EI: 0.032546705654826126
alpha_II: 0.16746305034453657
dt: 20
filename: results_bf74c066-9c43-4c36-a7cc-bbe547ad8097.pkl
init_exc: 0.2
init_inh: 0.4
init_mod: 0.1
inp_E_kappa: 0.06782345943686979
inp_E_topo: 0.34451627654384187
inp_I_kappa: 0.11035340056942318
inp_I_topo: 0.26615240548225505
input_weight: 0.19396841441342688
max_h_for_output: 5.0
mod_EE_weight: 0.5822310387841229
mod_EI_weight: 0.7114811480786559
mod_IE_weight: 0.853765145646172
mod_II_weight: 0.09884081522516708
n_actions: 3
n_bottom_up: 67
n_cue_tuned: 2
n_exc: 2000
n_fix_tuned: 1
n_hidden: 2500
n_inh: 500
n_motion_tuned: 64
n_reward_levels: 3
n_top_down: 10
n_top_down_hidden: 64
noise_input_sd: 0.0
noise_rnn_sd: 0.05
nonlinear_top_down: false
restrict_output_to_exc: false
rnn_weight: 0.12253692434198456
tc_modulator: 74.60359631272432
tc_soma: 100
td_E_kappa: 0.13792580391218273
td_E_topo: 0.8656840877332921
td_I_kappa: 0.1551070287729045
td_I_topo: 0.13400108876059114
td_weight: 0.08721234785767684
