EE_kappa: 0.12232855789108064
EE_topo: 0.1472563581506019
EE_topo_mod: 5.132002771909924e-13
EI_kappa: 0.14029511803280076
EI_topo: 1.4176427692867963
EI_topo_mod: 7.74320669007789e-13
E_bias_mean: 0.0
E_bias_std: 1.0e-12
IE_kappa: 0.20401949269779335
IE_topo: 0.25190200536385654
IE_topo_mod: 4.4163460765794813e-13
II_kappa: 0.16870019259271943
II_topo: 0.9723951128079926
II_topo_mod: 5.350969463937006e-13
I_bias_mean: 0.0
I_bias_std: 1.0e-12
alpha_EE: 0.08170429069273993
alpha_EI: 0.0503963359441321
alpha_II: 0.2988231260904052
dt: 20
filename: results_bf9904de-dd12-4652-8fbb-e5975e64b160.pkl
init_exc: 0.2
init_inh: 0.4
init_mod: 0.1
inp_E_kappa: 0.14242319896548894
inp_E_topo: 0.5758151954160069
inp_I_kappa: 0.226550502315069
inp_I_topo: 0.9990192444180257
input_weight: 0.08614724209124358
max_h_for_output: 5.0
mod_EE_weight: 1.4634947658759685
mod_EI_weight: 1.298849127456149
mod_IE_weight: 1.401966913854045
mod_II_weight: 1.9918729754281244
n_actions: 3
n_bottom_up: 67
n_cue_tuned: 2
n_exc: 2000
n_fix_tuned: 1
n_hidden: 2500
n_inh: 500
n_motion_tuned: 64
n_reward_levels: 3
n_top_down: 10
n_top_down_hidden: 64
noise_input_sd: 0.0
noise_rnn_sd: 0.05
nonlinear_top_down: false
restrict_output_to_exc: false
rnn_weight: 0.17647431141226755
tc_modulator: 34.178925507284
tc_soma: 100
td_E_kappa: 0.1564154463136789
td_E_topo: 0.6764735557726695
td_I_kappa: 0.12623218551177212
td_I_topo: 1.4576114318333109
td_weight: 0.08721234785767684
