EE_kappa: 0.053073758789446916
EE_topo: 0.3853191674084855
EE_topo_mod: 9.797807485962365e-13
EI_kappa: 0.1359102954983084
EI_topo: 0.9786185247623795
EI_topo_mod: 5.244939174293362e-15
E_bias_mean: 0.0
E_bias_std: 1.0e-12
IE_kappa: 0.11157947988604536
IE_topo: 0.651029956038429
IE_topo_mod: 6.66640733318289e-13
II_kappa: 0.22372218103626085
II_topo: 1.5269149835777995
II_topo_mod: 9.441730789898618e-13
I_bias_mean: 0.0
I_bias_std: 1.0e-12
alpha_EE: 0.10875418941620199
alpha_EI: 0.26740727674083437
alpha_II: 0.11741091304718958
dt: 20
filename: results_0797e7ee-6f9d-460c-a1c2-d79382b0efeb.pkl
init_exc: 0.2
init_inh: 0.4
init_mod: 0.1
inp_E_kappa: 0.14403962761924866
inp_E_topo: 0.0011603574311964682
inp_I_kappa: 0.20192582186608254
inp_I_topo: 1.8072668161558563
input_weight: 0.15886239063302104
max_h_for_output: 5.0
mod_EE_weight: 0.1676250181090424
mod_EI_weight: 0.11976705436067758
mod_IE_weight: 0.31165745558301317
mod_II_weight: 0.4608862601889485
n_actions: 3
n_bottom_up: 67
n_cue_tuned: 2
n_exc: 2000
n_fix_tuned: 1
n_hidden: 2500
n_inh: 500
n_motion_tuned: 64
n_reward_levels: 3
n_top_down: 10
n_top_down_hidden: 64
noise_input_sd: 0.0
noise_rnn_sd: 0.05
nonlinear_top_down: false
restrict_output_to_exc: false
rnn_weight: 0.16971057867655548
tc_modulator: 28.126805613704164
tc_soma: 100
td_E_kappa: 0.20749084193187878
td_E_topo: 1.7518029238473123
td_I_kappa: 0.11713703335337433
td_I_topo: 0.2975626196150125
td_weight: 0.08721234785767684
