EE_kappa: 0.07165590557658859
EE_topo: 1.1184803858188885
EE_topo_mod: 7.71911409134806e-13
EI_kappa: 0.11036964197089012
EI_topo: 0.20666176061261177
EI_topo_mod: 1.103744529909375e-13
E_bias_mean: 0.0
E_bias_std: 1.0e-12
IE_kappa: 0.22068089693119847
IE_topo: 1.7620557510753017
IE_topo_mod: 5.620609377791304e-13
II_kappa: 0.13774894187412726
II_topo: 1.2796442622018376
II_topo_mod: 4.612177043470673e-13
I_bias_mean: 0.0
I_bias_std: 1.0e-12
alpha_EE: 0.13742266194199163
alpha_EI: 0.08078052890020396
alpha_II: 0.01597357927991446
dt: 20
filename: results_32d49970-e315-49cd-b13d-881eeb35cf12.pkl
init_exc: 0.2
init_inh: 0.4
init_mod: 0.1
inp_E_kappa: 0.17191155276856618
inp_E_topo: 1.9981305902043716
inp_I_kappa: 0.18200878063003267
inp_I_topo: 0.575141692740319
input_weight: 0.15141519883882426
max_h_for_output: 5.0
mod_EE_weight: 0.6539961311066266
mod_EI_weight: 0.4811683215142656
mod_IE_weight: 0.21439586870284078
mod_II_weight: 0.7064352674829312
n_actions: 3
n_bottom_up: 67
n_cue_tuned: 2
n_exc: 2000
n_fix_tuned: 1
n_hidden: 2500
n_inh: 500
n_motion_tuned: 64
n_reward_levels: 3
n_top_down: 10
n_top_down_hidden: 64
noise_input_sd: 0.0
noise_rnn_sd: 0.05
nonlinear_top_down: false
restrict_output_to_exc: false
rnn_weight: 0.1553864668761639
tc_modulator: 44.71054872317509
tc_soma: 100
td_E_kappa: 0.24175553973303815
td_E_topo: 1.1737757749174338
td_I_kappa: 0.17879504721885503
td_I_topo: 0.544547148774511
td_weight: 0.08721234785767684
