EE_kappa: 0.1229426286343624
EE_topo: 1.4546642661887914
EE_topo_mod: 9.1220979077529e-13
EI_kappa: 0.16574392435260232
EI_topo: 1.5092033205113828
EI_topo_mod: 5.457167792050074e-13
E_bias_mean: 0.0
E_bias_std: 1.0e-12
IE_kappa: 0.19847693259712357
IE_topo: 1.8744452001594112
IE_topo_mod: 1.194041999247787e-13
II_kappa: 0.17957230519212997
II_topo: 1.7637873395131949
II_topo_mod: 2.569317100932298e-13
I_bias_mean: 0.0
I_bias_std: 1.0e-12
alpha_EE: 0.003149006748209837
alpha_EI: 0.1058214336540209
alpha_II: 0.01950068459620018
dt: 20
filename: results_1102de2f-5217-4d27-8243-945ef03960df.pkl
init_exc: 0.2
init_inh: 0.4
init_mod: 0.1
inp_E_kappa: 0.13817579564514051
inp_E_topo: 0.38794582214443163
inp_I_kappa: 0.21474097843871282
inp_I_topo: 1.7199215235210452
input_weight: 0.18148041447814056
max_h_for_output: 5.0
mod_EE_weight: 0.42971617507719084
mod_EI_weight: 0.282585758232628
mod_IE_weight: 0.3900368459038136
mod_II_weight: 0.6325612945257143
n_actions: 3
n_bottom_up: 67
n_cue_tuned: 2
n_exc: 2000
n_fix_tuned: 1
n_hidden: 2500
n_inh: 500
n_motion_tuned: 64
n_reward_levels: 3
n_top_down: 10
n_top_down_hidden: 64
noise_input_sd: 0.0
noise_rnn_sd: 0.05
nonlinear_top_down: false
restrict_output_to_exc: false
rnn_weight: 0.1399989543970338
tc_modulator: 25.83609111366986
tc_soma: 100
td_E_kappa: 0.18003761155029202
td_E_topo: 0.7005792749082467
td_I_kappa: 0.22587239172671342
td_I_topo: 0.8567243598492491
td_weight: 0.08721234785767684
