EE_kappa: 0.0905300887863793
EE_topo: 0.23649056964992088
EE_topo_mod: 2.538869455648215e-13
EI_kappa: 0.1641889950484815
EI_topo: 0.9011534671376407
EI_topo_mod: 8.466929951553659e-13
E_bias_mean: 0.0
E_bias_std: 1.0e-12
IE_kappa: 0.10576612481522414
IE_topo: 1.7914372467769997
IE_topo_mod: 2.990145000342652e-13
II_kappa: 0.15092126483841464
II_topo: 1.3937656168596282
II_topo_mod: 6.124843707888136e-13
I_bias_mean: 0.0
I_bias_std: 1.0e-12
alpha_EE: 0.1423562300764946
alpha_EI: 0.01018621642543459
alpha_II: 0.04775338715274798
dt: 20
filename: results_5435ca6d-4b7b-4734-9c79-281491ab1cfc.pkl
init_exc: 0.2
init_inh: 0.4
init_mod: 0.1
inp_E_kappa: 0.19384191936318618
inp_E_topo: 1.662879371176129
inp_I_kappa: 0.20310944444427237
inp_I_topo: 0.5731696781084641
input_weight: 0.1370485013754623
max_h_for_output: 5.0
mod_EE_weight: 0.9124936685979654
mod_EI_weight: 0.5336134342448309
mod_IE_weight: 1.6184415187051748
mod_II_weight: 0.13567548925738082
n_actions: 3
n_bottom_up: 67
n_cue_tuned: 2
n_exc: 2000
n_fix_tuned: 1
n_hidden: 2500
n_inh: 500
n_motion_tuned: 64
n_reward_levels: 3
n_top_down: 10
n_top_down_hidden: 64
noise_input_sd: 0.0
noise_rnn_sd: 0.05
nonlinear_top_down: false
restrict_output_to_exc: false
rnn_weight: 0.15864499957672798
tc_modulator: 55.10704172862074
tc_soma: 100
td_E_kappa: 0.17399364757740957
td_E_topo: 0.5488882593098074
td_I_kappa: 0.09528895874595562
td_I_topo: 0.6460078023111011
td_weight: 0.08721234785767684
