EE_kappa: 0.07415348776815321
EE_topo: 1.0021131384867519
EE_topo_mod: 6.630211822049539e-13
EI_kappa: 0.16213589728735903
EI_topo: 1.470094301799332
EI_topo_mod: 1.7095239735961231e-13
E_bias_mean: 0.0
E_bias_std: 1.0e-12
IE_kappa: 0.11269713043772356
IE_topo: 0.13148057591532014
IE_topo_mod: 6.32939103894293e-13
II_kappa: 0.12823018950066467
II_topo: 0.3528539611959476
II_topo_mod: 1.6945006819971152e-13
I_bias_mean: 0.0
I_bias_std: 1.0e-12
alpha_EE: 0.1547209275486159
alpha_EI: 0.2687805091509661
alpha_II: 0.12176732015890704
dt: 20
filename: results_0e18aac7-bd4c-40f3-8507-ef6f5131ca0d.pkl
init_exc: 0.2
init_inh: 0.4
init_mod: 0.1
inp_E_kappa: 0.1237827596902939
inp_E_topo: 1.039869723507209
inp_I_kappa: 0.22527320051127503
inp_I_topo: 1.498498738137063
input_weight: 0.13775441214874357
max_h_for_output: 5.0
mod_EE_weight: 0.9730731824451602
mod_EI_weight: 0.14582172493648582
mod_IE_weight: 0.018611263439660686
mod_II_weight: 0.7118735270597771
n_actions: 3
n_bottom_up: 67
n_cue_tuned: 2
n_exc: 2000
n_fix_tuned: 1
n_hidden: 2500
n_inh: 500
n_motion_tuned: 64
n_reward_levels: 3
n_top_down: 10
n_top_down_hidden: 64
noise_input_sd: 0.0
noise_rnn_sd: 0.05
nonlinear_top_down: false
restrict_output_to_exc: false
rnn_weight: 0.19401524523526847
tc_modulator: 79.05833824274507
tc_soma: 100
td_E_kappa: 0.21150471709538188
td_E_topo: 0.9729523789446051
td_I_kappa: 0.183001376001524
td_I_topo: 1.1978094290043315
td_weight: 0.08721234785767684
