EE_kappa: 0.13351918117379602
EE_topo: 0.3459590834185402
EE_topo_mod: 3.3985450921518434e-13
EI_kappa: 0.1309053372156198
EI_topo: 1.8383777939669015
EI_topo_mod: 2.958475530374687e-13
E_bias_mean: 0.0
E_bias_std: 1.0e-12
IE_kappa: 0.2286135759743982
IE_topo: 1.1077683712708306
IE_topo_mod: 6.079461251040511e-13
II_kappa: 0.13149389247879656
II_topo: 1.9678354744813973
II_topo_mod: 1.0718681212448589e-13
I_bias_mean: 0.0
I_bias_std: 1.0e-12
alpha_EE: 0.13125098182960518
alpha_EI: 0.03823554078628081
alpha_II: 0.0661587941398143
dt: 20
filename: results_62fbba05-eda8-4718-8576-1318aa2e225b.pkl
init_exc: 0.2
init_inh: 0.4
init_mod: 0.1
inp_E_kappa: 0.07695178907913516
inp_E_topo: 0.451693933769731
inp_I_kappa: 0.2268910544776973
inp_I_topo: 1.6569037495716725
input_weight: 0.14554486218441903
max_h_for_output: 5.0
mod_EE_weight: 1.066883252508859
mod_EI_weight: 1.2816339353759825
mod_IE_weight: 0.20154042569181296
mod_II_weight: 0.3909804106061656
n_actions: 3
n_bottom_up: 67
n_cue_tuned: 2
n_exc: 2000
n_fix_tuned: 1
n_hidden: 2500
n_inh: 500
n_motion_tuned: 64
n_reward_levels: 3
n_top_down: 10
n_top_down_hidden: 64
noise_input_sd: 0.0
noise_rnn_sd: 0.05
nonlinear_top_down: false
restrict_output_to_exc: false
rnn_weight: 0.1675327916453242
tc_modulator: 22.473867961891134
tc_soma: 100
td_E_kappa: 0.2426155199995072
td_E_topo: 1.3759062771628383
td_I_kappa: 0.0914680983305703
td_I_topo: 1.9857093639022014
td_weight: 0.08721234785767684
