EE_kappa: 0.05265476950729362
EE_topo: 1.187858212456666
EE_topo_mod: 4.5386418613387854e-13
EI_kappa: 0.194192689249661
EI_topo: 1.2407461392571106
EI_topo_mod: 2.981257488198752e-14
E_bias_mean: 0.0
E_bias_std: 1.0e-12
IE_kappa: 0.18871966569965487
IE_topo: 1.9696685160681084
IE_topo_mod: 6.572667095273003e-13
II_kappa: 0.23700221865169874
II_topo: 0.6036373445176977
II_topo_mod: 1.0997856983858755e-13
I_bias_mean: 0.0
I_bias_std: 1.0e-12
alpha_EE: 0.28606967813980716
alpha_EI: 0.07837091832677065
alpha_II: 0.005789965948280484
dt: 20
filename: results_f8bc9183-0686-4ccf-b2d3-9987587de635.pkl
init_exc: 0.2
init_inh: 0.4
init_mod: 0.1
inp_E_kappa: 0.05156002225724865
inp_E_topo: 1.4341171203717753
inp_I_kappa: 0.2328561305825665
inp_I_topo: 1.3248228238216648
input_weight: 0.12256494980464312
max_h_for_output: 5.0
mod_EE_weight: 0.19554916767533692
mod_EI_weight: 0.17295820259905015
mod_IE_weight: 1.7239982694156053
mod_II_weight: 0.7958202161976311
n_actions: 3
n_bottom_up: 67
n_cue_tuned: 2
n_exc: 2000
n_fix_tuned: 1
n_hidden: 2500
n_inh: 500
n_motion_tuned: 64
n_reward_levels: 3
n_top_down: 10
n_top_down_hidden: 64
noise_input_sd: 0.0
noise_rnn_sd: 0.05
nonlinear_top_down: false
restrict_output_to_exc: false
rnn_weight: 0.17601961614861988
tc_modulator: 87.30459789468712
tc_soma: 100
td_E_kappa: 0.0665819548494622
td_E_topo: 1.4048607167785274
td_I_kappa: 0.0854457076059926
td_I_topo: 1.319244463751839
td_weight: 0.08721234785767684
