EE_kappa: 0.11036246861510468
EE_topo: 0.7627119588436835
EE_topo_mod: 3.84337966032587e-13
EI_kappa: 0.1133354006968667
EI_topo: 0.4251213332442554
EI_topo_mod: 4.165227203834172e-13
E_bias_mean: 0.0
E_bias_std: 1.0e-12
IE_kappa: 0.22102539172239993
IE_topo: 0.28735842820465574
IE_topo_mod: 4.5093260564777426e-13
II_kappa: 0.19055032566354518
II_topo: 0.14824741193700275
II_topo_mod: 3.436740123062054e-13
I_bias_mean: 0.0
I_bias_std: 1.0e-12
alpha_EE: 0.17724158316929764
alpha_EI: 0.20669876821360483
alpha_II: 0.12066920334435315
dt: 20
filename: results_2a78747b-3b3c-4c69-9720-34b57dc61823.pkl
init_exc: 0.2
init_inh: 0.4
init_mod: 0.1
inp_E_kappa: 0.14245343019592666
inp_E_topo: 1.824938127796729
inp_I_kappa: 0.1692296810891813
inp_I_topo: 0.42542587474548244
input_weight: 0.14199517991514798
max_h_for_output: 5.0
mod_EE_weight: 1.6112036627514115
mod_EI_weight: 0.3590695302051121
mod_IE_weight: 0.08410934634090839
mod_II_weight: 1.0102259840392083
n_actions: 3
n_bottom_up: 67
n_cue_tuned: 2
n_exc: 2000
n_fix_tuned: 1
n_hidden: 2500
n_inh: 500
n_motion_tuned: 64
n_reward_levels: 3
n_top_down: 10
n_top_down_hidden: 64
noise_input_sd: 0.0
noise_rnn_sd: 0.05
nonlinear_top_down: false
restrict_output_to_exc: false
rnn_weight: 0.1138215156095472
tc_modulator: 20.703548352256682
tc_soma: 100
td_E_kappa: 0.13739440010356868
td_E_topo: 0.5468266935688053
td_I_kappa: 0.22801297461550707
td_I_topo: 1.604178519151625
td_weight: 0.08721234785767684
