EE_kappa: 0.05004561961789211
EE_topo: 0.7283973968992838
EE_topo_mod: 2.833398118508824e-13
EI_kappa: 0.06188734492920627
EI_topo: 0.7404368672989023
EI_topo_mod: 6.060773352226017e-13
E_bias_mean: 0.0
E_bias_std: 1.0e-12
IE_kappa: 0.1993888400358173
IE_topo: 0.7777390741335373
IE_topo_mod: 1.1597614359822705e-13
II_kappa: 0.1648634521136027
II_topo: 1.63698017239793
II_topo_mod: 4.718008844391497e-14
I_bias_mean: 0.0
I_bias_std: 1.0e-12
alpha_EE: 0.22867451788268675
alpha_EI: 0.19759236723166457
alpha_II: 0.1469176075342769
dt: 20
filename: results_88c78afe-cdfb-4261-ba39-af305b84ccee.pkl
init_exc: 0.2
init_inh: 0.4
init_mod: 0.1
inp_E_kappa: 0.22627480908277392
inp_E_topo: 1.3169818761569367
inp_I_kappa: 0.08163009657054796
inp_I_topo: 1.0258720312932719
input_weight: 0.09371182108538784
max_h_for_output: 5.0
mod_EE_weight: 0.7991120081500075
mod_EI_weight: 0.7880101667479353
mod_IE_weight: 0.4691841616600243
mod_II_weight: 0.24034958620222058
n_actions: 3
n_bottom_up: 67
n_cue_tuned: 2
n_exc: 2000
n_fix_tuned: 1
n_hidden: 2500
n_inh: 500
n_motion_tuned: 64
n_reward_levels: 3
n_top_down: 10
n_top_down_hidden: 64
noise_input_sd: 0.0
noise_rnn_sd: 0.05
nonlinear_top_down: false
restrict_output_to_exc: false
rnn_weight: 0.15795352639573992
tc_modulator: 34.5200406207602
tc_soma: 100
td_E_kappa: 0.13242820966443639
td_E_topo: 1.4993380685447595
td_I_kappa: 0.06955557560296464
td_I_topo: 0.37963793431524584
td_weight: 0.08721234785767684
