EE_kappa: 0.11118613476235664
EE_topo: 1.5783109364130659
EE_topo_mod: 9.50150091974403e-13
EI_kappa: 0.19400820830126264
EI_topo: 0.40077801743485253
EI_topo_mod: 1.207563688058656e-13
E_bias_mean: 0.0
E_bias_std: 1.0e-12
IE_kappa: 0.13495605339857233
IE_topo: 1.1844404989904813
IE_topo_mod: 9.965153949486944e-13
II_kappa: 0.1296601320555506
II_topo: 0.8106904914461488
II_topo_mod: 3.3825343645568106e-13
I_bias_mean: 0.0
I_bias_std: 1.0e-12
alpha_EE: 0.2713825986755426
alpha_EI: 0.19510419393620598
alpha_II: 0.1213408571557473
dt: 20
filename: results_70b181ea-e443-4a5e-9ec5-e856b070ff2e.pkl
init_exc: 0.2
init_inh: 0.4
init_mod: 0.1
inp_E_kappa: 0.20871171996809018
inp_E_topo: 1.305744885880301
inp_I_kappa: 0.16742899412500947
inp_I_topo: 1.0740897752521514
input_weight: 0.199960367094622
max_h_for_output: 5.0
mod_EE_weight: 0.6658054216338611
mod_EI_weight: 1.7088754609090975
mod_IE_weight: 0.5259897369668667
mod_II_weight: 0.3789293113015073
n_actions: 3
n_bottom_up: 67
n_cue_tuned: 2
n_exc: 2000
n_fix_tuned: 1
n_hidden: 2500
n_inh: 500
n_motion_tuned: 64
n_reward_levels: 3
n_top_down: 10
n_top_down_hidden: 64
noise_input_sd: 0.0
noise_rnn_sd: 0.05
nonlinear_top_down: false
restrict_output_to_exc: false
rnn_weight: 0.07161329143768992
tc_modulator: 93.88112741657216
tc_soma: 100
td_E_kappa: 0.08165736655293206
td_E_topo: 0.981676263876017
td_I_kappa: 0.11797003330664897
td_I_topo: 0.1648462973731375
td_weight: 0.08721234785767684
