EE_kappa: 0.06777705199438469
EE_topo: 1.2796937627480314
EE_topo_mod: 3.581217973265576e-13
EI_kappa: 0.1891240807047987
EI_topo: 1.6710361856150193
EI_topo_mod: 1.2407410266912533e-13
E_bias_mean: 0.0
E_bias_std: 1.0e-12
IE_kappa: 0.1673813449158045
IE_topo: 1.244818259577637
IE_topo_mod: 1.222958382261642e-13
II_kappa: 0.2089569048022194
II_topo: 0.9325911044302029
II_topo_mod: 2.220986619396259e-13
I_bias_mean: 0.0
I_bias_std: 1.0e-12
alpha_EE: 0.28790805086459775
alpha_EI: 0.035977608500064415
alpha_II: 0.12670717036668244
dt: 20
filename: results_16ab5d67-2aca-49df-ba65-41e4c1f96060.pkl
init_exc: 0.2
init_inh: 0.4
init_mod: 0.1
inp_E_kappa: 0.21651315997279846
inp_E_topo: 1.630624643101677
inp_I_kappa: 0.08472517517776973
inp_I_topo: 1.05052930045806
input_weight: 0.15224867584455268
max_h_for_output: 5.0
mod_EE_weight: 1.3055955901627327
mod_EI_weight: 1.461003944131605
mod_IE_weight: 1.6326117912570184
mod_II_weight: 1.054479505335284
n_actions: 3
n_bottom_up: 67
n_cue_tuned: 2
n_exc: 2000
n_fix_tuned: 1
n_hidden: 2500
n_inh: 500
n_motion_tuned: 64
n_reward_levels: 3
n_top_down: 10
n_top_down_hidden: 64
noise_input_sd: 0.0
noise_rnn_sd: 0.05
nonlinear_top_down: false
restrict_output_to_exc: false
rnn_weight: 0.16532033234222757
tc_modulator: 28.032286383390588
tc_soma: 100
td_E_kappa: 0.24944179580765047
td_E_topo: 0.7452879792994058
td_I_kappa: 0.223837519563095
td_I_topo: 1.7831785144762906
td_weight: 0.08721234785767684
