EE_kappa: 0.05118761040677888
EE_topo: 1.6225084561641612
EE_topo_mod: 4.407531590364403e-13
EI_kappa: 0.2348504852661784
EI_topo: 1.3296918511555205
EI_topo_mod: 5.456225366450308e-13
E_bias_mean: 0.0
E_bias_std: 1.0e-12
IE_kappa: 0.13548963634543276
IE_topo: 1.4141301263086843
IE_topo_mod: 6.319290493500526e-13
II_kappa: 0.21212379251797692
II_topo: 0.5271126154432766
II_topo_mod: 3.415033468453614e-13
I_bias_mean: 0.0
I_bias_std: 1.0e-12
alpha_EE: 0.2285594963851696
alpha_EI: 0.01709329191639669
alpha_II: 0.055983199648190395
dt: 20
filename: results_fde03927-61b6-431c-be2a-e6d4d017c902.pkl
init_exc: 0.2
init_inh: 0.4
init_mod: 0.1
inp_E_kappa: 0.06235806043465584
inp_E_topo: 1.5910474056453088
inp_I_kappa: 0.10516072277112248
inp_I_topo: 0.6800131693740892
input_weight: 0.17514468293789742
max_h_for_output: 5.0
mod_EE_weight: 1.4532900054655271
mod_EI_weight: 1.1570461427556284
mod_IE_weight: 1.0791619441291704
mod_II_weight: 0.8253515704451102
n_actions: 3
n_bottom_up: 67
n_cue_tuned: 2
n_exc: 2000
n_fix_tuned: 1
n_hidden: 2500
n_inh: 500
n_motion_tuned: 64
n_reward_levels: 3
n_top_down: 10
n_top_down_hidden: 64
noise_input_sd: 0.0
noise_rnn_sd: 0.05
nonlinear_top_down: false
restrict_output_to_exc: false
rnn_weight: 0.1757155334596986
tc_modulator: 67.0655898689023
tc_soma: 100
td_E_kappa: 0.24670141086424174
td_E_topo: 0.1836525393514994
td_I_kappa: 0.13250131344364546
td_I_topo: 1.4675612587240296
td_weight: 0.08721234785767684
