EE_kappa: 0.08688591897887502
EE_topo: 0.8108328348729954
EE_topo_mod: 4.401784150107002e-13
EI_kappa: 0.1365292458696667
EI_topo: 0.3599311703202406
EI_topo_mod: 4.691994968163655e-13
E_bias_mean: 0.0
E_bias_std: 1.0e-12
IE_kappa: 0.22683595794634848
IE_topo: 1.3698486536489902
IE_topo_mod: 4.973767299172865e-13
II_kappa: 0.17022867073868625
II_topo: 1.3853110184160635
II_topo_mod: 4.445047340476239e-13
I_bias_mean: 0.0
I_bias_std: 1.0e-12
alpha_EE: 0.10220124269208233
alpha_EI: 0.15422153994442725
alpha_II: 0.14421508990287443
dt: 20
filename: results_2651fa1a-bf41-49e9-bf15-1914effd8ccb.pkl
init_exc: 0.2
init_inh: 0.4
init_mod: 0.1
inp_E_kappa: 0.19934637366385932
inp_E_topo: 1.921517207602067
inp_I_kappa: 0.15033206468613336
inp_I_topo: 1.0513616192491047
input_weight: 0.18018043101691283
max_h_for_output: 5.0
mod_EE_weight: 0.44389264865748956
mod_EI_weight: 0.59427320126819
mod_IE_weight: 0.8487259318136746
mod_II_weight: 0.4184150293272926
n_actions: 3
n_bottom_up: 67
n_cue_tuned: 2
n_exc: 2000
n_fix_tuned: 1
n_hidden: 2500
n_inh: 500
n_motion_tuned: 64
n_reward_levels: 3
n_top_down: 10
n_top_down_hidden: 64
noise_input_sd: 0.0
noise_rnn_sd: 0.05
nonlinear_top_down: false
restrict_output_to_exc: false
rnn_weight: 0.19819250073107175
tc_modulator: 51.32227736365352
tc_soma: 100
td_E_kappa: 0.1786795292853806
td_E_topo: 0.3029608838786606
td_I_kappa: 0.24260906274436617
td_I_topo: 1.2998154504144308
td_weight: 0.08721234785767684
