EE_kappa: 0.07783199277165545
EE_topo: 1.495997041240579
EE_topo_mod: 5.017348850582321e-13
EI_kappa: 0.09970227271934276
EI_topo: 0.728512667335365
EI_topo_mod: 3.03353163829051e-14
E_bias_mean: 0.0
E_bias_std: 1.0e-12
IE_kappa: 0.17368753865484426
IE_topo: 1.0270495149386993
IE_topo_mod: 9.219481153314607e-13
II_kappa: 0.1628680524620836
II_topo: 0.8583371097076926
II_topo_mod: 3.6714668723725586e-13
I_bias_mean: 0.0
I_bias_std: 1.0e-12
alpha_EE: 0.14365217472021727
alpha_EI: 0.2022825630756771
alpha_II: 0.019789758039893034
dt: 20
filename: results_622ed624-e0f3-45b3-b99c-2e6e041af2a0.pkl
init_exc: 0.2
init_inh: 0.4
init_mod: 0.1
inp_E_kappa: 0.1889964533298154
inp_E_topo: 1.2425494984141445
inp_I_kappa: 0.13247485003440096
inp_I_topo: 1.7903306495318587
input_weight: 0.13980558125236356
max_h_for_output: 5.0
mod_EE_weight: 0.7334575548525002
mod_EI_weight: 0.9015069237762737
mod_IE_weight: 0.1406610926393419
mod_II_weight: 0.8112645523711154
n_actions: 3
n_bottom_up: 67
n_cue_tuned: 2
n_exc: 2000
n_fix_tuned: 1
n_hidden: 2500
n_inh: 500
n_motion_tuned: 64
n_reward_levels: 3
n_top_down: 10
n_top_down_hidden: 64
noise_input_sd: 0.0
noise_rnn_sd: 0.05
nonlinear_top_down: false
restrict_output_to_exc: false
rnn_weight: 0.06305957477492587
tc_modulator: 38.854725735133584
tc_soma: 100
td_E_kappa: 0.10245331657448416
td_E_topo: 0.16400569229550155
td_I_kappa: 0.14848050567972984
td_I_topo: 0.050234929533353734
td_weight: 0.08721234785767684
