EE_kappa: 0.0815796456867241
EE_topo: 1.4189228080532066
EE_topo_mod: 2.13854436760474e-13
EI_kappa: 0.14291444189554842
EI_topo: 0.6210295723305237
EI_topo_mod: 3.5202919259844776e-13
E_bias_mean: 0.0
E_bias_std: 1.0e-12
IE_kappa: 0.1381011743987838
IE_topo: 0.5858489972702725
IE_topo_mod: 5.977302978303011e-13
II_kappa: 0.14303031156389673
II_topo: 0.6506612536546441
II_topo_mod: 4.593488394516411e-13
I_bias_mean: 0.0
I_bias_std: 1.0e-12
alpha_EE: 0.053786564265686655
alpha_EI: 0.005526141795287776
alpha_II: 0.10752260767556303
dt: 20
filename: results_5ff38954-2f45-4b75-85b0-3c184cf0efa6.pkl
init_exc: 0.2
init_inh: 0.4
init_mod: 0.1
inp_E_kappa: 0.07417553140126956
inp_E_topo: 1.04283685098524
inp_I_kappa: 0.21063585545554425
inp_I_topo: 1.340052498922413
input_weight: 0.15475515084057362
max_h_for_output: 5.0
mod_EE_weight: 1.7219062285236075
mod_EI_weight: 1.7976418457886956
mod_IE_weight: 1.21024125220856
mod_II_weight: 1.8316868748937267
n_actions: 3
n_bottom_up: 67
n_cue_tuned: 2
n_exc: 2000
n_fix_tuned: 1
n_hidden: 2500
n_inh: 500
n_motion_tuned: 64
n_reward_levels: 3
n_top_down: 10
n_top_down_hidden: 64
noise_input_sd: 0.0
noise_rnn_sd: 0.05
nonlinear_top_down: false
restrict_output_to_exc: false
rnn_weight: 0.1566463336912869
tc_modulator: 47.97521767445766
tc_soma: 100
td_E_kappa: 0.23352048829506944
td_E_topo: 1.3101377943947579
td_I_kappa: 0.19105255284523281
td_I_topo: 1.1971273520004784
td_weight: 0.08721234785767684
