dt: 20
tc_soma: 100.0
tc_modulator: 37.27819790159073
n_exc: 2400
n_inh: 600
n_top_down_hidden: 128
nonlinear_top_down: False
n_input: 73
n_fix: 1
n_rule: 7
n_actions: 3
n_reward_levels: 3
noise_rnn_sd: 0.05
noise_input_sd: 0.0
init_exc: 0.2
init_inh: 0.4
init_mod: 0.1
rnn_weight: 0.19751407549445021
input_weight: 0.15389224244483102
td_weight: 0.08721234785767684
EE_kappa: 0.08204804642380215
EI_kappa: 0.1659292192961066
IE_kappa: 0.08176921917477767
II_kappa: 0.11470757848181558
E_bias_mean: 0.0
E_bias_std: 1e-12
I_bias_mean: 0.0
I_bias_std: 1e-12
alpha_EI: 0.009214701453941546
alpha_EE: 0.28701742776666084
alpha_II: 0.07584996088688728
inp_E_kappa: 0.16335153908212935
inp_I_kappa: 0.10625960940771578
inp_E_topo: 0.8762412467204781
inp_I_topo: 0.8415961010822262
td_E_kappa: 0.1563582344269629
td_I_kappa: 0.13382876654599368
EE_topo: 0.41375102108294937
EI_topo: 1.6613633671271497
IE_topo: 0.3049298876048139
II_topo: 1.7238212683975391
mod_EE_weight: 0.0009257706094109743
mod_EI_weight: 0.0016970799115829237
mod_IE_weight: 0.0009292292700693586
mod_II_weight: 0.0015518417688377675
EE_topo_mod: 7.381470961123654e-13
EI_topo_mod: 7.787289884638632e-14
IE_topo_mod: 5.035781552586114e-13
II_topo_mod: 8.63561904623115e-13
n_hidden: 3000
n_bottom_up: 64
n_motion_tuned: 64
n_top_down: 9
