dt: 20
tc_soma: 100.0
tc_modulator: 82.93553781187254
n_exc: 2400
n_inh: 600
n_top_down_hidden: 128
nonlinear_top_down: False
n_input: 73
n_fix: 1
n_rule: 7
n_actions: 3
n_reward_levels: 3
noise_rnn_sd: 0.01
noise_input_sd: 0.0
init_exc: 0.2
init_inh: 0.4
init_mod: 0.1
rnn_weight: 0.13424359922699378
input_weight: 0.15845040390348641
td_weight: 0.19627730483263262
EE_kappa: 0.13045977416502996
EI_kappa: 0.19586021189753788
IE_kappa: 0.16479284067013178
II_kappa: 0.18711342478113768
E_bias_mean: 0.0
E_bias_std: 1e-12
I_bias_mean: 0.0
I_bias_std: 1e-12
alpha_EI: 0.17928154654940212
alpha_EE: 0.013417563266808302
alpha_II: 0.16147089343549892
inp_E_kappa: 0.15846877226510325
inp_I_kappa: 0.20544922662336368
inp_E_topo: 1.8489971738975126
inp_I_topo: 0.08472031191227236
td_E_kappa: 0.19219443695095245
td_I_kappa: 0.2448675009193294
EE_topo: 1.5758324837138642
EI_topo: 1.5146832945024136
IE_topo: 1.1325170642044684
II_topo: 1.2672901236056666
mod_EE_weight: 0.001267127924883686
mod_EI_weight: 0.0008982229458537582
mod_IE_weight: 0.00080421276234035
mod_II_weight: 4.236192811711005e-05
EE_topo_mod: 2.3903124285781897e-13
EI_topo_mod: 6.318981241042665e-13
IE_topo_mod: 5.229589473870202e-13
II_topo_mod: 8.127571583574909e-13
n_hidden: 3000
n_bottom_up: 64
n_motion_tuned: 64
n_top_down: 9
noise_rnn_sd: 0.05
noise_input_sd: 0.0
