EE_kappa: 0.0865199768594473
EE_topo: 0.5148774166415719
EE_topo_mod: 9.927490905268274e-13
EI_kappa: 0.2212025025666317
EI_topo: 0.9142358811534081
EI_topo_mod: 3.8644881304555036e-13
E_bias_mean: 0.0
E_bias_std: 1.0e-12
IE_kappa: 0.09584808614879603
IE_topo: 1.6362429503288818
IE_topo_mod: 3.8730888948833985e-13
II_kappa: 0.1810470320022956
II_topo: 1.3933597076404005
II_topo_mod: 7.948478230915168e-13
I_bias_mean: 0.0
I_bias_std: 1.0e-12
alpha_EE: 0.10867326598906878
alpha_EI: 0.022711653591914824
alpha_II: 0.29667993766449785
dt: 20
init_exc: 0.2
init_inh: 0.4
init_mod: 0.1
inp_E_kappa: 0.21335512090953018
inp_E_topo: 1.7600740136873128
inp_I_kappa: 0.12577044724247388
inp_I_topo: 1.9304088453738468
input_weight: 0.10897724652939174
max_h_for_output: 999.0
mod_EE_weight: 1.3234956833368265
mod_EI_weight: 1.573392735575251
mod_IE_weight: 0.6865591711322403
mod_II_weight: 1.5811593631336769
n_actions: 3
n_bottom_up: 33
n_cue_tuned: 0
n_exc: 2000
n_fix_tuned: 1
n_hidden: 2500
n_inh: 500
n_motion_tuned: 32
n_reward_levels: 3
n_top_down: 6
n_top_down_hidden: 64
noise_input_sd: 0.0
noise_rnn_sd: 0.05
nonlinear_top_down: false
rnn_weight: 0.16505403793561974
tc_modulator: 44.2887200233793
tc_soma: 100
td_E_kappa: 0.1563582344269629
td_E_topo: 0.5
td_I_kappa: 0.13382876654599368
td_I_topo: 0.5
td_weight: 0.08721234785767684
