EE_kappa: 0.09155095474674316
EE_topo: 1.2722944694484546
EE_topo_mod: 5.222863023937117e-13
EI_kappa: 0.1833954931943237
EI_topo: 0.32815524416926234
EI_topo_mod: 4.728976911029808e-13
E_bias_mean: 0.0
E_bias_std: 1.0e-12
IE_kappa: 0.1417807009502967
IE_topo: 0.05938688990873242
IE_topo_mod: 5.170803286493087e-13
II_kappa: 0.16775206513847943
II_topo: 1.8985769085592195
II_topo_mod: 5.161933347691284e-13
I_bias_mean: 0.0
I_bias_std: 1.0e-12
alpha_EE: 0.13929016376547013
alpha_EI: 0.14929938953408123
alpha_II: 0.036593242050319205
dt: 20
init_exc: 0.2
init_inh: 0.4
init_mod: 0.1
inp_E_kappa: 0.11342582187878168
inp_E_topo: 1.4620169478796383
inp_I_kappa: 0.20733891832971008
inp_I_topo: 0.9576748727923337
input_weight: 0.09516711875325685
max_h_for_output: 999.0
mod_EE_weight: 0.9421000322770228
mod_EI_weight: 0.9693908704384451
mod_IE_weight: 0.7342277476511534
mod_II_weight: 1.2000774942403325
n_actions: 3
n_bottom_up: 67
n_cue_tuned: 2
n_exc: 2000
n_fix_tuned: 1
n_hidden: 2500
n_inh: 500
n_motion_tuned: 64
n_reward_levels: 3
n_top_down: 10
n_top_down_hidden: 64
noise_input_sd: 0.0
noise_rnn_sd: 0.05
nonlinear_top_down: false
restrict_output_to_exc: false
rnn_weight: 0.11762360264279081
tc_modulator: 28.235253861696084
tc_soma: 100
td_E_kappa: 0.1416997301386499
td_E_topo: 1.7593700308215068
td_I_kappa: 0.07842237364891727
td_I_topo: 0.4722736140525394
td_weight: 0.08721234785767684
