EE_kappa: 0.07815671829263092
EE_topo: 1.9648007493076796
EE_topo_mod: 6.599201704930878e-13
EI_kappa: 0.17886516210303532
EI_topo: 0.10075472210788528
EI_topo_mod: 5.315481349024545e-13
E_bias_mean: 0.0
E_bias_std: 1.0e-12
IE_kappa: 0.17816211098867785
IE_topo: 1.2117612551147277
IE_topo_mod: 9.886775819694759e-14
II_kappa: 0.1806734691166499
II_topo: 0.1468749342837492
II_topo_mod: 8.44589751127094e-13
I_bias_mean: 0.0
I_bias_std: 1.0e-12
alpha_EE: 0.04873911802820097
alpha_EI: 0.14683721847397488
alpha_II: 0.2852990705056877
dt: 20
init_exc: 0.2
init_inh: 0.4
init_mod: 0.1
inp_E_kappa: 0.22370580166550125
inp_E_topo: 0.5646717011815305
inp_I_kappa: 0.10990053869896901
inp_I_topo: 1.828601833940025
input_weight: 0.10292381043349424
max_h_for_output: 999.0
mod_EE_weight: 0.7526629144011867
mod_EI_weight: 1.843012753423877
mod_IE_weight: 0.6013989987886652
mod_II_weight: 1.1570869207371648
n_actions: 3
n_bottom_up: 33
n_cue_tuned: 0
n_exc: 2000
n_fix_tuned: 1
n_hidden: 2500
n_inh: 500
n_motion_tuned: 32
n_reward_levels: 3
n_top_down: 6
n_top_down_hidden: 64
noise_input_sd: 0.0
noise_rnn_sd: 0.05
nonlinear_top_down: false
restrict_output_to_exc: false
rnn_weight: 0.12510502398554785
tc_modulator: 22.026200239878833
tc_soma: 100
td_E_kappa: 0.08739295500972608
td_E_topo: 0.8956307457853707
td_I_kappa: 0.09820057780778708
td_I_topo: 1.9995060244274212
td_weight: 0.08721234785767684
