EE_kappa: 0.10115808331217138
EE_topo: 0.005513394726546439
EE_topo_mod: 7.386008762862858e-13
EI_kappa: 0.23172764324967526
EI_topo: 1.4689831522471684
EI_topo_mod: 1.9558888030149923e-13
E_bias_mean: 0.0
E_bias_std: 1.0e-12
IE_kappa: 0.1591861806721009
IE_topo: 0.6966471625412571
IE_topo_mod: 4.683402203816243e-13
II_kappa: 0.22090190415310879
II_topo: 0.5307215507233469
II_topo_mod: 9.024296990783031e-13
I_bias_mean: 0.0
I_bias_std: 1.0e-12
alpha_EE: 0.12290376197177691
alpha_EI: 0.015289706299672889
alpha_II: 0.14026874039487736
dt: 20
init_exc: 0.2
init_inh: 0.4
init_mod: 0.1
inp_E_kappa: 0.22868854502524677
inp_E_topo: 0.5608828831430113
inp_I_kappa: 0.1812652459545387
inp_I_topo: 1.9810462900427064
input_weight: 0.12158527002280109
max_h_for_output: 999.0
mod_EE_weight: 1.3277831754689575
mod_EI_weight: 0.47389278187567374
mod_IE_weight: 0.0750710008064166
mod_II_weight: 0.9524693458036448
n_actions: 3
n_bottom_up: 33
n_cue_tuned: 0
n_exc: 2000
n_fix_tuned: 1
n_hidden: 2500
n_inh: 500
n_motion_tuned: 32
n_reward_levels: 3
n_top_down: 6
n_top_down_hidden: 64
noise_input_sd: 0.0
noise_rnn_sd: 0.05
nonlinear_top_down: false
restrict_output_to_exc: false
rnn_weight: 0.1948874443006558
tc_modulator: 21.16391742845682
tc_soma: 100
td_E_kappa: 0.05322238337050516
td_E_topo: 0.8573769983524595
td_I_kappa: 0.23037391801067336
td_I_topo: 1.0616266946716608
td_weight: 0.08721234785767684
