EE_kappa: 0.07868113538995265
EE_topo: 0.6531122261939502
EE_topo_mod: 1.8297013935953865e-13
EI_kappa: 0.15233860965811108
EI_topo: 1.3507971096013187
EI_topo_mod: 9.108582337228589e-13
E_bias_mean: 0.0
E_bias_std: 1.0e-12
IE_kappa: 0.12645238380851564
IE_topo: 0.34955207107531217
IE_topo_mod: 6.546768375074577e-13
II_kappa: 0.19660212616088535
II_topo: 1.712901070140875
II_topo_mod: 9.233293787765726e-13
I_bias_mean: 0.0
I_bias_std: 1.0e-12
alpha_EE: 0.10329076742982903
alpha_EI: 0.11411494499139058
alpha_II: 0.18785477678867646
dt: 20
init_exc: 0.2
init_inh: 0.4
init_mod: 0.1
inp_E_kappa: 0.17277479438150958
inp_E_topo: 1.1909180955216054
inp_I_kappa: 0.11874588453417859
inp_I_topo: 0.4040527003915404
input_weight: 0.13140524058153388
max_h_for_output: 999.0
mod_EE_weight: 1.5145641162253958
mod_EI_weight: 1.13555243368292
mod_IE_weight: 0.8491524256629244
mod_II_weight: 1.9586275667233495
n_actions: 3
n_bottom_up: 33
n_cue_tuned: 0
n_exc: 2000
n_fix_tuned: 1
n_hidden: 2500
n_inh: 500
n_motion_tuned: 32
n_reward_levels: 3
n_top_down: 6
n_top_down_hidden: 64
noise_input_sd: 0.0
noise_rnn_sd: 0.05
nonlinear_top_down: false
rnn_weight: 0.18845557556881798
tc_modulator: 20.568130933999527
tc_soma: 100
td_E_kappa: 0.1563582344269629
td_E_topo: 0.5
td_I_kappa: 0.13382876654599368
td_I_topo: 0.5
td_weight: 0.08721234785767684
