EE_kappa: 0.12861716646091642
EE_topo: 0.8615822038968792
EE_topo_mod: 6.249659868337288e-13
EI_kappa: 0.17698830417717443
EI_topo: 0.6083839504688875
EI_topo_mod: 4.420383841340909e-13
E_bias_mean: 0.0
E_bias_std: 1.0e-12
IE_kappa: 0.21604140980625747
IE_topo: 1.4811287637145742
IE_topo_mod: 4.337619458150682e-13
II_kappa: 0.2066641932195591
II_topo: 1.5502440493000926
II_topo_mod: 3.3725261871409317e-13
I_bias_mean: 0.0
I_bias_std: 1.0e-12
alpha_EE: 0.11485291753781024
alpha_EI: 0.214221075035687
alpha_II: 0.04150769283847233
dt: 20
init_exc: 0.2
init_inh: 0.4
init_mod: 0.1
inp_E_kappa: 0.1989592543523067
inp_E_topo: 0.5760579614311112
inp_I_kappa: 0.16774398837026122
inp_I_topo: 1.4057956893855672
input_weight: 0.09262025417039427
max_h_for_output: 999.0
mod_EE_weight: 1.5438631863117673
mod_EI_weight: 1.9994377502692915
mod_IE_weight: 0.08829094696015694
mod_II_weight: 0.29117675673564336
n_actions: 3
n_bottom_up: 33
n_cue_tuned: 0
n_exc: 2000
n_fix_tuned: 1
n_hidden: 2500
n_inh: 500
n_motion_tuned: 32
n_reward_levels: 3
n_top_down: 6
n_top_down_hidden: 64
noise_input_sd: 0.0
noise_rnn_sd: 0.05
nonlinear_top_down: false
restrict_output_to_exc: false
rnn_weight: 0.11984651783904478
tc_modulator: 35.25191314882826
tc_soma: 100
td_E_kappa: 0.0775958421207972
td_E_topo: 1.6268176757249717
td_I_kappa: 0.1633611550910427
td_I_topo: 1.0585421662911265
td_weight: 0.08721234785767684
