EE_kappa: 0.10081052724648468
EE_topo: 1.361382216906682
EE_topo_mod: 5.662935824538997e-13
EI_kappa: 0.24566819204999235
EI_topo: 1.4740890695943654
EI_topo_mod: 3.1082756671106604e-13
E_bias_mean: 0.0
E_bias_std: 1.0e-12
IE_kappa: 0.2237227962965922
IE_topo: 0.7159659181265488
IE_topo_mod: 7.910367168079349e-13
II_kappa: 0.20017090785678743
II_topo: 1.441259037136503
II_topo_mod: 1.249015136387316e-13
I_bias_mean: 0.0
I_bias_std: 1.0e-12
alpha_EE: 0.01066377443407258
alpha_EI: 0.05746846103819494
alpha_II: 0.27703072247932387
dt: 20
init_exc: 0.2
init_inh: 0.4
init_mod: 0.1
inp_E_kappa: 0.09468511671008047
inp_E_topo: 1.3678628259811205
inp_I_kappa: 0.18622742567093592
inp_I_topo: 0.16525390103005155
input_weight: 0.14401950243367978
max_h_for_output: 999.0
mod_EE_weight: 1.0928900399801063
mod_EI_weight: 0.1284313151701859
mod_IE_weight: 0.21387973808071625
mod_II_weight: 1.2143730302122213
n_actions: 3
n_bottom_up: 67
n_cue_tuned: 2
n_exc: 2000
n_fix_tuned: 1
n_hidden: 2500
n_inh: 500
n_motion_tuned: 64
n_reward_levels: 3
n_top_down: 10
n_top_down_hidden: 64
noise_input_sd: 0.0
noise_rnn_sd: 0.05
nonlinear_top_down: false
restrict_output_to_exc: false
rnn_weight: 0.16189637388532965
tc_modulator: 80.89940566047949
tc_soma: 100
td_E_kappa: 0.24376299517584565
td_E_topo: 0.20175018410557155
td_I_kappa: 0.17323757075799906
td_I_topo: 0.40112137761363664
td_weight: 0.08721234785767684
