EE_kappa: 0.10611697381148809
EE_topo: 1.4701750300042025
EE_topo_mod: 7.281461135535626e-13
EI_kappa: 0.15585344055524292
EI_topo: 1.3107661465884048
EI_topo_mod: 3.701049693269832e-13
E_bias_mean: 0.0
E_bias_std: 1.0e-12
IE_kappa: 0.24990924792983615
IE_topo: 1.9436662383860686
IE_topo_mod: 7.259327885116492e-13
II_kappa: 0.2164693693471768
II_topo: 1.4364022003918957
II_topo_mod: 8.644395196439018e-13
I_bias_mean: 0.0
I_bias_std: 1.0e-12
alpha_EE: 0.03206411057644053
alpha_EI: 0.0820814898354768
alpha_II: 0.08210659079857462
dt: 20
init_exc: 0.2
init_inh: 0.4
init_mod: 0.1
inp_E_kappa: 0.09540936089071045
inp_E_topo: 1.7102475353321533
inp_I_kappa: 0.1641025967032891
inp_I_topo: 1.1118726568865795
input_weight: 0.14179303845396385
max_h_for_output: 999.0
mod_EE_weight: 0.8420101730746004
mod_EI_weight: 1.1496742083248621
mod_IE_weight: 0.31577912487773885
mod_II_weight: 0.8697128846089073
n_actions: 3
n_bottom_up: 33
n_cue_tuned: 0
n_exc: 2000
n_fix_tuned: 1
n_hidden: 2500
n_inh: 500
n_motion_tuned: 32
n_reward_levels: 3
n_top_down: 6
n_top_down_hidden: 64
noise_input_sd: 0.0
noise_rnn_sd: 0.05
nonlinear_top_down: false
restrict_output_to_exc: false
rnn_weight: 0.1319090923790313
tc_modulator: 56.648051336225215
tc_soma: 100
td_E_kappa: 0.08055221438240046
td_E_topo: 1.0889979061553623
td_I_kappa: 0.11916983835564364
td_I_topo: 1.2654155521584451
td_weight: 0.08721234785767684
