EE_kappa: 0.06821111020278857
EE_topo: 0.41151228453275146
EE_topo_mod: 5.760014724628319e-13
EI_kappa: 0.1400263648027446
EI_topo: 1.316417820848132
EI_topo_mod: 3.2735618029664683e-13
E_bias_mean: 0.0
E_bias_std: 1.0e-12
IE_kappa: 0.1412272989748567
IE_topo: 0.8860188195934449
IE_topo_mod: 3.9505725657313506e-13
II_kappa: 0.20035195262351052
II_topo: 1.6254225512780733
II_topo_mod: 3.042193686680517e-14
I_bias_mean: 0.0
I_bias_std: 1.0e-12
alpha_EE: 0.23710869830609327
alpha_EI: 0.2547712635162994
alpha_II: 0.177692690413077
dt: 20
init_exc: 0.2
init_inh: 0.4
init_mod: 0.1
inp_E_kappa: 0.21414071905506676
inp_E_topo: 0.05861833733287147
inp_I_kappa: 0.23328208373276554
inp_I_topo: 1.7270355954393883
input_weight: 0.09916286973839133
max_h_for_output: 999.0
mod_EE_weight: 1.3815031859035982
mod_EI_weight: 0.6377483618375706
mod_IE_weight: 1.3019505935814606
mod_II_weight: 0.1297666920854692
n_actions: 3
n_bottom_up: 33
n_cue_tuned: 0
n_exc: 2000
n_fix_tuned: 1
n_hidden: 2500
n_inh: 500
n_motion_tuned: 32
n_reward_levels: 3
n_top_down: 6
n_top_down_hidden: 64
noise_input_sd: 0.0
noise_rnn_sd: 0.05
nonlinear_top_down: false
restrict_output_to_exc: false
rnn_weight: 0.19126809341230705
tc_modulator: 98.88256483630734
tc_soma: 100
td_E_kappa: 0.13236441984643488
td_E_topo: 0.9530102726951963
td_I_kappa: 0.10861226486959899
td_I_topo: 0.9769245244995792
td_weight: 0.08721234785767684
