EE_kappa: 0.06099192166105969
EE_topo: 0.23730580557940595
EE_topo_mod: 3.5108602517043687e-13
EI_kappa: 0.058993132654321136
EI_topo: 1.0187267310518406
EI_topo_mod: 4.04058487531315e-13
E_bias_mean: 0.0
E_bias_std: 1.0e-12
IE_kappa: 0.1893537268645652
IE_topo: 1.8961204165600731
IE_topo_mod: 3.289560290744422e-13
II_kappa: 0.1488257560264168
II_topo: 1.625452304108549
II_topo_mod: 7.154218969179038e-13
I_bias_mean: 0.0
I_bias_std: 1.0e-12
alpha_EE: 0.2522487222752175
alpha_EI: 0.13729852515310356
alpha_II: 0.09357290601311606
dt: 20
init_exc: 0.2
init_inh: 0.4
init_mod: 0.1
inp_E_kappa: 0.07292800945813982
inp_E_topo: 1.6352906240652607
inp_I_kappa: 0.19009344731288497
inp_I_topo: 1.2525441827569797
input_weight: 0.16271228395062276
max_h_for_output: 999.0
mod_EE_weight: 0.12862479717305209
mod_EI_weight: 1.1699092941618958
mod_IE_weight: 0.6282259842789688
mod_II_weight: 0.9935264674465913
n_actions: 3
n_bottom_up: 33
n_cue_tuned: 0
n_exc: 2000
n_fix_tuned: 1
n_hidden: 2500
n_inh: 500
n_motion_tuned: 32
n_reward_levels: 3
n_top_down: 6
n_top_down_hidden: 64
noise_input_sd: 0.0
noise_rnn_sd: 0.05
nonlinear_top_down: false
restrict_output_to_exc: false
rnn_weight: 0.1526515737779902
tc_modulator: 79.2603144160848
tc_soma: 100
td_E_kappa: 0.18559356962427093
td_E_topo: 0.609514678787443
td_I_kappa: 0.06624571496695855
td_I_topo: 1.8375408662118768
td_weight: 0.08721234785767684
