EE_kappa: 0.07912882867864038
EE_topo: 0.1552395546675156
EE_topo_mod: 6.569322923093056e-13
EI_kappa: 0.12088427921170042
EI_topo: 0.676752445278713
EI_topo_mod: 3.5796039036159356e-13
E_bias_mean: 0.0
E_bias_std: 1.0e-12
IE_kappa: 0.23685913100852585
IE_topo: 0.6586786170060026
IE_topo_mod: 2.655921935435874e-13
II_kappa: 0.2051606426111356
II_topo: 1.9477976526896166
II_topo_mod: 5.682384809619007e-13
I_bias_mean: 0.0
I_bias_std: 1.0e-12
alpha_EE: 0.10983152521388258
alpha_EI: 0.28678179192826164
alpha_II: 0.2910478305834781
dt: 20
init_exc: 0.2
init_inh: 0.4
init_mod: 0.1
inp_E_kappa: 0.1307565825204729
inp_E_topo: 1.3742317249955094
inp_I_kappa: 0.14267365113661096
inp_I_topo: 1.422682118224524
input_weight: 0.1961427461135835
max_h_for_output: 999.0
mod_EE_weight: 1.5028431977823398
mod_EI_weight: 0.08185756115505494
mod_IE_weight: 1.3329255907393471
mod_II_weight: 0.2508616439938254
n_actions: 3
n_bottom_up: 33
n_cue_tuned: 0
n_exc: 2000
n_fix_tuned: 1
n_hidden: 2500
n_inh: 500
n_motion_tuned: 32
n_reward_levels: 3
n_top_down: 6
n_top_down_hidden: 64
noise_input_sd: 0.0
noise_rnn_sd: 0.05
nonlinear_top_down: false
restrict_output_to_exc: false
rnn_weight: 0.17730534302736073
tc_modulator: 75.92756175528429
tc_soma: 100
td_E_kappa: 0.11700134036813872
td_E_topo: 1.0736734688617329
td_I_kappa: 0.19332522104747235
td_I_topo: 1.908609593476092
td_weight: 0.08721234785767684
