EE_kappa: 0.06516573284549301
EE_topo: 1.9916533075251737
EE_topo_mod: 4.8119015476764227e-14
EI_kappa: 0.09441890811089544
EI_topo: 1.1351642100575292
EI_topo_mod: 1.1154744785538306e-13
E_bias_mean: 0.0
E_bias_std: 1.0e-12
IE_kappa: 0.23403920657032246
IE_topo: 1.3388940299576524
IE_topo_mod: 1.7519457396033343e-13
II_kappa: 0.14177977885620122
II_topo: 1.543655270317462
II_topo_mod: 9.211182233823635e-13
I_bias_mean: 0.0
I_bias_std: 1.0e-12
alpha_EE: 0.14739793957548197
alpha_EI: 0.011204839233489227
alpha_II: 0.23418396665332797
dt: 20
init_exc: 0.2
init_inh: 0.4
init_mod: 0.1
inp_E_kappa: 0.18189212105880181
inp_E_topo: 1.099852751324638
inp_I_kappa: 0.1504274739901288
inp_I_topo: 0.6227695547333674
input_weight: 0.07894013585555339
max_h_for_output: 999.0
mod_EE_weight: 0.2415512431103184
mod_EI_weight: 0.675961547581158
mod_IE_weight: 1.3593366281020347
mod_II_weight: 1.8104876712012228
n_actions: 3
n_bottom_up: 33
n_cue_tuned: 0
n_exc: 2000
n_fix_tuned: 1
n_hidden: 2500
n_inh: 500
n_motion_tuned: 32
n_reward_levels: 3
n_top_down: 6
n_top_down_hidden: 64
noise_input_sd: 0.0
noise_rnn_sd: 0.05
nonlinear_top_down: false
restrict_output_to_exc: false
rnn_weight: 0.1381495042667514
tc_modulator: 50.69998792792606
tc_soma: 100
td_E_kappa: 0.12438117813030597
td_E_topo: 1.5060114311696913
td_I_kappa: 0.17074725921699951
td_I_topo: 0.27159835983003444
td_weight: 0.08721234785767684
