EE_kappa: 0.10861131115164845
EE_topo: 1.912431963068876
EE_topo_mod: 5.721758997162659e-13
EI_kappa: 0.22835943113586643
EI_topo: 0.8238598275422766
EI_topo_mod: 1.0769899346957611e-13
E_bias_mean: 0.0
E_bias_std: 1.0e-12
IE_kappa: 0.22387048009391336
IE_topo: 0.7956931583858309
IE_topo_mod: 2.3158217654278843e-13
II_kappa: 0.2137132599944474
II_topo: 0.9275182632155619
II_topo_mod: 8.60751202796971e-13
I_bias_mean: 0.0
I_bias_std: 1.0e-12
alpha_EE: 0.291053340734384
alpha_EI: 0.25034241308570626
alpha_II: 0.14183083167241958
dt: 20
init_exc: 0.2
init_inh: 0.4
init_mod: 0.1
inp_E_kappa: 0.24765463126822568
inp_E_topo: 1.756807910881032
inp_I_kappa: 0.11340740131544347
inp_I_topo: 1.607086566212145
input_weight: 0.1681227136638981
max_h_for_output: 999.0
mod_EE_weight: 0.1970103086884505
mod_EI_weight: 1.1412493473208551
mod_IE_weight: 0.1662772511689341
mod_II_weight: 1.736246962574413
n_actions: 3
n_bottom_up: 33
n_cue_tuned: 0
n_exc: 2000
n_fix_tuned: 1
n_hidden: 2500
n_inh: 500
n_motion_tuned: 32
n_reward_levels: 3
n_top_down: 6
n_top_down_hidden: 64
noise_input_sd: 0.0
noise_rnn_sd: 0.05
nonlinear_top_down: false
restrict_output_to_exc: false
rnn_weight: 0.06948767009500079
tc_modulator: 45.113195491993395
tc_soma: 100
td_E_kappa: 0.2073479234461006
td_E_topo: 0.3631079135206716
td_I_kappa: 0.20943249231700567
td_I_topo: 0.6371478098917358
td_weight: 0.08721234785767684
