EE_kappa: 0.05801452374270331
EE_topo: 1.6680344770960447
EE_topo_mod: 3.4058290516756015e-14
EI_kappa: 0.13640722602580824
EI_topo: 1.2898810253252508
EI_topo_mod: 6.395332811161534e-13
E_bias_mean: 0.0
E_bias_std: 1.0e-12
IE_kappa: 0.1871297273045412
IE_topo: 0.3208172650902239
IE_topo_mod: 2.0506012652304338e-14
II_kappa: 0.12341624593159638
II_topo: 0.574316600812506
II_topo_mod: 4.6010710479897356e-14
I_bias_mean: 0.0
I_bias_std: 1.0e-12
alpha_EE: 0.08377290718292432
alpha_EI: 0.1455024410957598
alpha_II: 0.09388885804882892
dt: 20
init_exc: 0.2
init_inh: 0.4
init_mod: 0.1
inp_E_kappa: 0.22923909449523155
inp_E_topo: 1.8971829838542762
inp_I_kappa: 0.15831752105530864
inp_I_topo: 1.3647692569577168
input_weight: 0.12815000595862913
max_h_for_output: 999.0
mod_EE_weight: 0.8925374185651362
mod_EI_weight: 0.10602749899763797
mod_IE_weight: 0.49396237926811426
mod_II_weight: 1.409227503387127
n_actions: 3
n_bottom_up: 33
n_cue_tuned: 0
n_exc: 2000
n_fix_tuned: 1
n_hidden: 2500
n_inh: 500
n_motion_tuned: 32
n_reward_levels: 3
n_top_down: 6
n_top_down_hidden: 64
noise_input_sd: 0.0
noise_rnn_sd: 0.05
nonlinear_top_down: false
restrict_output_to_exc: false
rnn_weight: 0.1566369855709222
tc_modulator: 73.01338529671042
tc_soma: 100
td_E_kappa: 0.18084740701162777
td_E_topo: 1.1288936731869874
td_I_kappa: 0.19058750875825353
td_I_topo: 1.1531963330312445
td_weight: 0.08721234785767684
