EE_kappa: 0.05354213564197377
EE_topo: 0.0754442024367521
EE_topo_mod: 9.1533876755051e-13
EI_kappa: 0.06143141272081505
EI_topo: 0.5424643402534925
EI_topo_mod: 3.6738387028421194e-13
E_bias_mean: 0.0
E_bias_std: 1.0e-12
IE_kappa: 0.24459952422818926
IE_topo: 0.45306992603270446
IE_topo_mod: 6.916468423272952e-13
II_kappa: 0.2267663207168642
II_topo: 1.9209717141978828
II_topo_mod: 2.2435061960046875e-13
I_bias_mean: 0.0
I_bias_std: 1.0e-12
alpha_EE: 0.22956734106650273
alpha_EI: 0.2201341203362765
alpha_II: 0.2894673742673988
dt: 20
init_exc: 0.2
init_inh: 0.4
init_mod: 0.1
inp_E_kappa: 0.1263346326570201
inp_E_topo: 0.7902159068669612
inp_I_kappa: 0.2287354506173847
inp_I_topo: 1.099860667583276
input_weight: 0.18276110570434562
max_h_for_output: 999.0
mod_EE_weight: 1.1154526184754714
mod_EI_weight: 0.7334916366353941
mod_IE_weight: 0.13458350436106215
mod_II_weight: 1.8446528257937806
n_actions: 3
n_bottom_up: 67
n_cue_tuned: 2
n_exc: 2000
n_fix_tuned: 1
n_hidden: 2500
n_inh: 500
n_motion_tuned: 64
n_reward_levels: 3
n_top_down: 10
n_top_down_hidden: 64
noise_input_sd: 0.0
noise_rnn_sd: 0.05
nonlinear_top_down: false
restrict_output_to_exc: false
rnn_weight: 0.19519771299981253
tc_modulator: 97.02285636435587
tc_soma: 100
td_E_kappa: 0.1782672270100476
td_E_topo: 0.009575865507166492
td_I_kappa: 0.060421100990476845
td_I_topo: 0.9155120602850662
td_weight: 0.08721234785767684
