EE_kappa: 0.052482090731958975
EE_topo: 1.3246776615809963
EE_topo_mod: 6.655759353567252e-13
EI_kappa: 0.10780201395958795
EI_topo: 0.5771120161134717
EI_topo_mod: 4.93420374036333e-13
E_bias_mean: 0.0
E_bias_std: 1.0e-12
IE_kappa: 0.1120613450456026
IE_topo: 1.5825783013428532
IE_topo_mod: 5.818078090832744e-13
II_kappa: 0.17881150821741626
II_topo: 0.7087919166656749
II_topo_mod: 7.530776197575579e-13
I_bias_mean: 0.0
I_bias_std: 1.0e-12
alpha_EE: 0.053849281155502235
alpha_EI: 0.1634670598614261
alpha_II: 0.29502656405168004
dt: 20
init_exc: 0.2
init_inh: 0.4
init_mod: 0.1
inp_E_kappa: 0.1794533860282826
inp_E_topo: 1.95207064595744
inp_I_kappa: 0.16273737079411416
inp_I_topo: 0.005324347705972343
input_weight: 0.10658970469976038
max_h_for_output: 999.0
mod_EE_weight: 0.36664970385811846
mod_EI_weight: 1.469939045326124
mod_IE_weight: 1.9620959546208945
mod_II_weight: 1.4840704787362213
n_actions: 3
n_bottom_up: 67
n_cue_tuned: 2
n_exc: 2000
n_fix_tuned: 1
n_hidden: 2500
n_inh: 500
n_motion_tuned: 64
n_reward_levels: 3
n_top_down: 10
n_top_down_hidden: 64
noise_input_sd: 0.0
noise_rnn_sd: 0.05
nonlinear_top_down: false
restrict_output_to_exc: false
rnn_weight: 0.1621704352591394
tc_modulator: 29.093757613136155
tc_soma: 100
td_E_kappa: 0.17322702851167318
td_E_topo: 1.021060107433886
td_I_kappa: 0.13659046427589652
td_I_topo: 0.10574401897524366
td_weight: 0.08721234785767684
