EE_kappa: 0.06813297890047006
EE_topo: 1.4597551665001558
EE_topo_mod: 0.0014599101728388153
EI_kappa: 0.14035675014249052
EI_topo: 1.9548948939316642
EI_topo_mod: 0.006653404561445859
E_bias_mean: 0.0
E_bias_std: 1.0e-12
IE_kappa: 0.16470387950062293
IE_topo: 0.9685259560815962
IE_topo_mod: 0.008526200589684783
II_kappa: 0.1726141706778489
II_topo: 0.7472162518284806
II_topo_mod: 0.0006746686725245765
I_bias_mean: 0.0
I_bias_std: 1.0e-12
alpha_EE: 0.03464275389110017
alpha_EI: 0.08381144821633447
alpha_II: 0.13710787960601178
dt: 20
init_exc: 0.2
init_inh: 0.4
init_mod: 0.1
inp_E_kappa: 0.10153469377831184
inp_E_topo: 1.6871107644477608
inp_I_kappa: 0.23178131420254572
inp_I_topo: 1.4983261551826397
input_weight: 0.13225066708581867
max_h_for_output: 999.0
mod_EE_weight: 1.0993265161747847
mod_EI_weight: 0.7493394870550723
mod_IE_weight: 1.2951542689438196
mod_II_weight: 1.4904778179290699
n_actions: 3
n_bottom_up: 67
n_cue_tuned: 2
n_exc: 2000
n_fix_tuned: 1
n_hidden: 2500
n_inh: 500
n_motion_tuned: 64
n_reward_levels: 3
n_top_down: 10
n_top_down_hidden: 64
noise_input_sd: 0.0
noise_rnn_sd: 0.05
nonlinear_top_down: false
restrict_output_to_exc: false
rnn_weight: 0.14370475743292083
tc_modulator: 57.86306081656676
tc_soma: 100
td_E_kappa: 0.12427980958839929
td_E_topo: 1.9749983084717102
td_I_kappa: 0.14555348946003202
td_I_topo: 0.6132337897482536
td_weight: 0.08721234785767684
