EE_kappa: 0.09001930609052906
EE_topo: 1.4034593294341648
EE_topo_mod: 2.7714553615053484e-13
EI_kappa: 0.05448973228728751
EI_topo: 1.302087237412808
EI_topo_mod: 8.709851671783491e-13
E_bias_mean: 0.0
E_bias_std: 1.0e-12
IE_kappa: 0.2450312545910457
IE_topo: 1.9710470955488155
IE_topo_mod: 9.39889396614001e-13
II_kappa: 0.07030963185911801
II_topo: 1.0550336585876516
II_topo_mod: 8.565170630334912e-13
I_bias_mean: 0.0
I_bias_std: 1.0e-12
alpha_EE: 0.09471297308714677
alpha_EI: 0.026476900216640953
alpha_II: 0.1870439302812207
dt: 20
init_exc: 0.2
init_inh: 0.4
init_mod: 0.1
inp_E_kappa: 0.11640524002729516
inp_E_topo: 1.872769131810536
inp_I_kappa: 0.23581512330901683
inp_I_topo: 0.828707816801449
input_weight: 0.19734472029390543
max_h_for_output: 999.0
mod_EE_weight: 1.8755168543943173
mod_EI_weight: 1.1973539060462977
mod_IE_weight: 0.5364490946954179
mod_II_weight: 1.8733261534857126
n_actions: 3
n_bottom_up: 33
n_cue_tuned: 0
n_exc: 2000
n_fix_tuned: 1
n_hidden: 2500
n_inh: 500
n_motion_tuned: 32
n_reward_levels: 3
n_top_down: 6
n_top_down_hidden: 64
noise_input_sd: 0.0
noise_rnn_sd: 0.05
nonlinear_top_down: false
restrict_output_to_exc: false
rnn_weight: 0.125031389494403
tc_modulator: 65.29321455563436
tc_soma: 100
td_E_kappa: 0.20241210677647498
td_E_topo: 0.9618684191622797
td_I_kappa: 0.16026160053664706
td_I_topo: 1.1631570186833498
td_weight: 0.08721234785767684
