EE_kappa: 0.05874409995524348
EE_topo: 1.9459973370757886
EE_topo_mod: 0.008411387847031174
EI_kappa: 0.20135086215206494
EI_topo: 0.6535939206397818
EI_topo_mod: 0.002328551545711165
E_bias_mean: 0.0
E_bias_std: 1.0e-12
IE_kappa: 0.09469157234057571
IE_topo: 1.792855474396876
IE_topo_mod: 0.001822636950154034
II_kappa: 0.1762664344410308
II_topo: 1.3720556347178314
II_topo_mod: 0.008175196921146814
I_bias_mean: 0.0
I_bias_std: 1.0e-12
alpha_EE: 0.03993208047152752
alpha_EI: 0.11354280265864518
alpha_II: 0.20006506023985496
dt: 20
init_exc: 0.2
init_inh: 0.4
init_mod: 0.1
inp_E_kappa: 0.1610083502570462
inp_E_topo: 1.0326449910164597
inp_I_kappa: 0.19566930178271663
inp_I_topo: 0.07777616992218728
input_weight: 0.1855081470668838
max_h_for_output: 999.0
mod_EE_weight: 1.4506279440095613
mod_EI_weight: 1.5563408288795157
mod_IE_weight: 1.7346387819100957
mod_II_weight: 1.987345169099344
n_actions: 3
n_bottom_up: 67
n_cue_tuned: 2
n_exc: 2000
n_fix_tuned: 1
n_hidden: 2500
n_inh: 500
n_motion_tuned: 64
n_reward_levels: 3
n_top_down: 10
n_top_down_hidden: 64
noise_input_sd: 0.0
noise_rnn_sd: 0.05
nonlinear_top_down: false
restrict_output_to_exc: false
rnn_weight: 0.1407230774141962
tc_modulator: 99.34303593957483
tc_soma: 100
td_E_kappa: 0.11782682582992261
td_E_topo: 1.535625221684631
td_I_kappa: 0.2363306530885369
td_I_topo: 1.7893955337989638
td_weight: 0.08721234785767684
