EE_kappa: 0.0713214086480495
EE_topo: 0.2052598813310227
EE_topo_mod: 0.0
EI_kappa: 0.06208689232734295
EI_topo: 1.4725247504537766
EI_topo_mod: 0.0
E_bias_mean: 0.0
E_bias_std: 1.0e-12
IE_kappa: 0.18398377271924976
IE_topo: 1.8930519393643062
IE_topo_mod: 0.0
II_kappa: 0.06310194912277137
II_topo: 0.6520615932125766
II_topo_mod: 0.0
I_bias_mean: 0.0
I_bias_std: 1.0e-12
alpha_EE: 0.17055023980382047
alpha_EI: 0.003021140635816899
alpha_II: 0.06450160206312448
dt: 20
init_exc: 0.2
init_inh: 0.4
init_mod: 0.0
inp_E_kappa: 0.05421371445294157
inp_E_topo: 1.3008062487862828
inp_I_kappa: 0.14277384109319613
inp_I_topo: 0.45896412645103846
input_weight: 0.184933454445544
max_h_for_output: 999.0
mod_EE_weight: 0.0
mod_EI_weight: 0.0
mod_IE_weight: 0.0
mod_II_weight: 0.0
n_actions: 3
n_bottom_up: 65
n_cue_tuned: 2
n_exc: 2000
n_fix_tuned: 1
n_hidden: 2500
n_inh: 500
n_motion_tuned: 64
n_reward_levels: 3
n_top_down: 10
n_top_down_hidden: 64
noise_input_sd: 0.0
noise_rnn_sd: 0.05
nonlinear_top_down: false
rnn_weight: 0.17457129821632683
tc_modulator: 97.38365978752644
tc_soma: 100
td_E_kappa: 0.23196854732255145
td_E_topo: 0.45874787133423367
td_I_kappa: 0.16568615897684347
td_I_topo: 0.34304052709043664
td_weight: 0.08721234785767684
