EE_kappa: 0.07339330857028642
EE_topo: 0.655447466894626
EE_topo_mod: 0.0043947891738548425
EI_kappa: 0.1954804803769145
EI_topo: 1.5160222815691058
EI_topo_mod: 0.001262758852467084
E_bias_mean: 0.0
E_bias_std: 1.0e-12
IE_kappa: 0.12364783624507364
IE_topo: 0.22990466755739214
IE_topo_mod: 0.0022027631883264486
II_kappa: 0.1561245184342609
II_topo: 1.7714087449716673
II_topo_mod: 0.005334078378869106
I_bias_mean: 0.0
I_bias_std: 1.0e-12
alpha_EE: 0.0008533105317938716
alpha_EI: 0.012086864523845687
alpha_II: 0.1922762424502857
dt: 20
init_exc: 0.2
init_inh: 0.4
init_mod: 0.1
inp_E_kappa: 0.23163201600965483
inp_E_topo: 1.871860259192669
inp_I_kappa: 0.19643572004801263
inp_I_topo: 0.9332338148131472
input_weight: 0.1315975977288752
max_h_for_output: 999.0
mod_EE_weight: 1.2575211029150937
mod_EI_weight: 0.7746265052584453
mod_IE_weight: 1.5044161072351458
mod_II_weight: 0.0919105113562606
n_actions: 3
n_bottom_up: 67
n_cue_tuned: 2
n_exc: 2000
n_fix_tuned: 1
n_hidden: 2500
n_inh: 500
n_motion_tuned: 64
n_reward_levels: 3
n_top_down: 10
n_top_down_hidden: 64
noise_input_sd: 0.0
noise_rnn_sd: 0.05
nonlinear_top_down: false
restrict_output_to_exc: false
rnn_weight: 0.15315977330487612
tc_modulator: 69.74698157480876
tc_soma: 100
td_E_kappa: 0.24293607096901743
td_E_topo: 0.5788518109977523
td_I_kappa: 0.17419657808792366
td_I_topo: 1.9610261631273929
td_weight: 0.08721234785767684
