EE_kappa: 0.0846275077136989
EE_topo: 0.685024358455685
EE_topo_mod: 4.224638806939476e-13
EI_kappa: 0.10787988152175582
EI_topo: 0.7015228899047652
EI_topo_mod: 3.935540828372688e-13
E_bias_mean: 0.0
E_bias_std: 1.0e-12
IE_kappa: 0.17222792789991442
IE_topo: 0.5948407625177379
IE_topo_mod: 9.15796889057573e-13
II_kappa: 0.14780066207186598
II_topo: 0.2651408723228734
II_topo_mod: 1.2412061336468661e-15
I_bias_mean: 0.0
I_bias_std: 1.0e-12
alpha_EE: 0.18683655066762567
alpha_EI: 0.03632881629737484
alpha_II: 0.0442353562118586
dt: 20
init_exc: 0.2
init_inh: 0.4
init_mod: 0.1
inp_E_kappa: 0.20550199341584025
inp_E_topo: 1.5573377853868187
inp_I_kappa: 0.18260755275967266
inp_I_topo: 0.9515474437753817
input_weight: 0.1917666837153803
max_h_for_output: 999.0
mod_EE_weight: 0.8461297849334044
mod_EI_weight: 0.31067657730764675
mod_IE_weight: 1.0336354701478758
mod_II_weight: 1.2418666024667147
n_actions: 3
n_bottom_up: 33
n_cue_tuned: 0
n_exc: 2000
n_fix_tuned: 1
n_hidden: 2500
n_inh: 500
n_motion_tuned: 32
n_reward_levels: 3
n_top_down: 6
n_top_down_hidden: 64
noise_input_sd: 0.0
noise_rnn_sd: 0.05
nonlinear_top_down: false
rnn_weight: 0.14478962815489788
tc_modulator: 29.661846276381123
tc_soma: 100
td_E_kappa: 0.1563582344269629
td_E_topo: 0.5
td_I_kappa: 0.13382876654599368
td_I_topo: 0.5
td_weight: 0.08721234785767684
