EE_kappa: 0.08349502728766706
EE_topo: 1.6998090737231706
EE_topo_mod: 7.853156724998837e-13
EI_kappa: 0.12945870947359267
EI_topo: 1.3299905486752401
EI_topo_mod: 9.513952987757292e-13
E_bias_mean: 0.0
E_bias_std: 1.0e-12
IE_kappa: 0.2319607137568238
IE_topo: 1.964532240881372
IE_topo_mod: 7.495200901623853e-13
II_kappa: 0.19726141185948792
II_topo: 1.276756253988391
II_topo_mod: 2.110165473070158e-13
I_bias_mean: 0.0
I_bias_std: 1.0e-12
alpha_EE: 0.004409910189193023
alpha_EI: 0.015134078490763014
alpha_II: 0.2808658057067618
dt: 20
init_exc: 0.2
init_inh: 0.4
init_mod: 0.1
inp_E_kappa: 0.08380310019688808
inp_E_topo: 0.8787985498926123
inp_I_kappa: 0.190219007701731
inp_I_topo: 1.445234652848128
input_weight: 0.1609008628575068
max_h_for_output: 999.0
mod_EE_weight: 0.061914870376101216
mod_EI_weight: 1.278725975588229
mod_IE_weight: 0.14907754645879767
mod_II_weight: 1.9113476694336993
n_actions: 3
n_bottom_up: 33
n_cue_tuned: 0
n_exc: 2000
n_fix_tuned: 1
n_hidden: 2500
n_inh: 500
n_motion_tuned: 32
n_reward_levels: 3
n_top_down: 6
n_top_down_hidden: 64
noise_input_sd: 0.0
noise_rnn_sd: 0.05
nonlinear_top_down: false
restrict_output_to_exc: false
rnn_weight: 0.13589690267983054
tc_modulator: 93.82331996948542
tc_soma: 100
td_E_kappa: 0.21452755964615644
td_E_topo: 1.7876218153689065
td_I_kappa: 0.05198314530401356
td_I_topo: 0.9064461580410839
td_weight: 0.08721234785767684
