EE_kappa: 0.08722275959682385
EE_topo: 0.575375004931858
EE_topo_mod: 6.811477730923021e-13
EI_kappa: 0.09800625212932651
EI_topo: 0.9312722183720772
EI_topo_mod: 8.247272574434876e-13
E_bias_mean: 0.0
E_bias_std: 1.0e-12
IE_kappa: 0.24927264141862782
IE_topo: 0.9313418388641568
IE_topo_mod: 7.548288596563993e-13
II_kappa: 0.24200228403984203
II_topo: 0.8746418846205246
II_topo_mod: 4.732522399028055e-13
I_bias_mean: 0.0
I_bias_std: 1.0e-12
alpha_EE: 0.12467298361431137
alpha_EI: 0.08628219527389772
alpha_II: 0.18321876081662503
dt: 20
init_exc: 0.2
init_inh: 0.4
init_mod: 0.1
inp_E_kappa: 0.24938322698756182
inp_E_topo: 1.723241291203265
inp_I_kappa: 0.1283132036065671
inp_I_topo: 0.46884457547032965
input_weight: 0.16149476804949153
max_h_for_output: 999.0
mod_EE_weight: 1.5918756820586666
mod_EI_weight: 1.1995493893633142
mod_IE_weight: 0.5491063812633845
mod_II_weight: 1.681398807630366
n_actions: 3
n_bottom_up: 33
n_cue_tuned: 0
n_exc: 2000
n_fix_tuned: 1
n_hidden: 2500
n_inh: 500
n_motion_tuned: 32
n_reward_levels: 3
n_top_down: 6
n_top_down_hidden: 64
noise_input_sd: 0.0
noise_rnn_sd: 0.05
nonlinear_top_down: false
rnn_weight: 0.18922095206847478
tc_modulator: 44.79714161022241
tc_soma: 100
td_E_kappa: 0.1563582344269629
td_E_topo: 0.5
td_I_kappa: 0.13382876654599368
td_I_topo: 0.5
td_weight: 0.08721234785767684
