EE_kappa: 0.06308282972175197
EE_topo: 0.3395687396371505
EE_topo_mod: 2.1412703301444425e-13
EI_kappa: 0.1762477598029356
EI_topo: 1.4193442224168762
EI_topo_mod: 9.065907282504377e-13
E_bias_mean: 0.0
E_bias_std: 1.0e-12
IE_kappa: 0.12111181169309831
IE_topo: 1.1380165483350282
IE_topo_mod: 2.9271734055273465e-13
II_kappa: 0.24559931727981188
II_topo: 1.8260224819032655
II_topo_mod: 7.488319891431133e-13
I_bias_mean: 0.0
I_bias_std: 1.0e-12
alpha_EE: 0.25589987566547134
alpha_EI: 0.0462540631717376
alpha_II: 0.14483816253697127
dt: 20
init_exc: 0.2
init_inh: 0.4
init_mod: 0.1
inp_E_kappa: 0.05526704933669362
inp_E_topo: 0.5543237285570923
inp_I_kappa: 0.11152333085891547
inp_I_topo: 1.2597366941091526
input_weight: 0.15927375166914737
max_h_for_output: 999.0
mod_EE_weight: 0.5981903615149753
mod_EI_weight: 0.4659005309107003
mod_IE_weight: 1.5620122460268366
mod_II_weight: 0.7640714986882828
n_actions: 3
n_bottom_up: 67
n_cue_tuned: 2
n_exc: 2000
n_fix_tuned: 1
n_hidden: 2500
n_inh: 500
n_motion_tuned: 64
n_reward_levels: 3
n_top_down: 10
n_top_down_hidden: 64
noise_input_sd: 0.0
noise_rnn_sd: 0.05
nonlinear_top_down: false
restrict_output_to_exc: false
rnn_weight: 0.16781851630264827
tc_modulator: 44.74762615844306
tc_soma: 100
td_E_kappa: 0.1726150936826928
td_E_topo: 1.5411954208545744
td_I_kappa: 0.22486068208857207
td_I_topo: 1.8467490980405892
td_weight: 0.08721234785767684
