EE_kappa: 0.07589949173120039
EE_topo: 0.0069569544435168496
EE_topo_mod: 0.008506783748427412
EI_kappa: 0.09382240207281763
EI_topo: 0.5745858100379999
EI_topo_mod: 0.0017697930435401788
E_bias_mean: 0.0
E_bias_std: 1.0e-12
IE_kappa: 0.19473910088463048
IE_topo: 1.6745090256724537
IE_topo_mod: 0.0010920854923864487
II_kappa: 0.18667998350407705
II_topo: 1.8875188734701105
II_topo_mod: 0.004570776617036444
I_bias_mean: 0.0
I_bias_std: 1.0e-12
alpha_EE: 0.1710191896563044
alpha_EI: 0.012113032189106464
alpha_II: 0.14103830896183503
dt: 20
init_exc: 0.2
init_inh: 0.4
init_mod: 0.1
inp_E_kappa: 0.2472143331891607
inp_E_topo: 1.2347910801188078
inp_I_kappa: 0.24782314092097218
inp_I_topo: 0.9794225045551372
input_weight: 0.1948519127712086
max_h_for_output: 999.0
mod_EE_weight: 1.481736024142883
mod_EI_weight: 0.9267569126146917
mod_IE_weight: 1.5040312613856248
mod_II_weight: 1.1044018089394227
n_actions: 3
n_bottom_up: 67
n_cue_tuned: 2
n_exc: 2000
n_fix_tuned: 1
n_hidden: 2500
n_inh: 500
n_motion_tuned: 64
n_reward_levels: 3
n_top_down: 10
n_top_down_hidden: 64
noise_input_sd: 0.0
noise_rnn_sd: 0.05
nonlinear_top_down: false
restrict_output_to_exc: false
rnn_weight: 0.19739500101611374
tc_modulator: 51.765955222092934
tc_soma: 100
td_E_kappa: 0.17618996872359166
td_E_topo: 0.5400461022530785
td_I_kappa: 0.241319005355299
td_I_topo: 0.9931002905102921
td_weight: 0.08721234785767684
