EE_kappa: 0.07957619994348618
EE_topo: 0.689646547321989
EE_topo_mod: 5.898218300660649e-13
EI_kappa: 0.0655822781953573
EI_topo: 1.9474974607184394
EI_topo_mod: 4.109422764353011e-13
E_bias_mean: 0.0
E_bias_std: 1.0e-12
IE_kappa: 0.24329303477854586
IE_topo: 0.28536036775324436
IE_topo_mod: 5.529345475465756e-13
II_kappa: 0.16965706293596267
II_topo: 0.7753575854593353
II_topo_mod: 9.96147645103484e-13
I_bias_mean: 0.0
I_bias_std: 1.0e-12
alpha_EE: 0.23837291196852184
alpha_EI: 0.10568824609250788
alpha_II: 0.037005361890000255
dt: 20
init_exc: 0.2
init_inh: 0.4
init_mod: 0.1
inp_E_kappa: 0.11580789592943873
inp_E_topo: 1.8290172977631676
inp_I_kappa: 0.15343897766171746
inp_I_topo: 1.983741623529903
input_weight: 0.16615105351366916
max_h_for_output: 999.0
mod_EE_weight: 1.867453972526586
mod_EI_weight: 0.9161109458887096
mod_IE_weight: 0.2213795328846322
mod_II_weight: 0.03295955913189408
n_actions: 3
n_bottom_up: 33
n_cue_tuned: 0
n_exc: 2000
n_fix_tuned: 1
n_hidden: 2500
n_inh: 500
n_motion_tuned: 32
n_reward_levels: 3
n_top_down: 6
n_top_down_hidden: 64
noise_input_sd: 0.0
noise_rnn_sd: 0.05
nonlinear_top_down: false
restrict_output_to_exc: false
rnn_weight: 0.19762500722315685
tc_modulator: 29.190462062747955
tc_soma: 100
td_E_kappa: 0.1225290605232857
td_E_topo: 1.8468191560444744
td_I_kappa: 0.19831540980849632
td_I_topo: 1.1601191801545512
td_weight: 0.08721234785767684
