EE_kappa: 0.05752810198508556
EE_topo: 1.1897158956329172
EE_topo_mod: 7.407174328221747e-13
EI_kappa: 0.08235456727976823
EI_topo: 1.3826747989507913
EI_topo_mod: 9.616201025647938e-13
E_bias_mean: 0.0
E_bias_std: 1.0e-12
IE_kappa: 0.1908062076994555
IE_topo: 0.2946180628949031
IE_topo_mod: 1.8985046938994243e-13
II_kappa: 0.1934079526971058
II_topo: 1.8049477695482987
II_topo_mod: 7.599053483881291e-14
I_bias_mean: 0.0
I_bias_std: 1.0e-12
alpha_EE: 0.005092382830530429
alpha_EI: 0.18469765388629092
alpha_II: 0.13677906781281865
dt: 20
init_exc: 0.2
init_inh: 0.4
init_mod: 0.1
inp_E_kappa: 0.16952574744786944
inp_E_topo: 1.4476568755679247
inp_I_kappa: 0.05276864412129534
inp_I_topo: 1.507795184487552
input_weight: 0.09421525569979866
max_h_for_output: 999.0
mod_EE_weight: 0.4880192425525003
mod_EI_weight: 0.06832088528497327
mod_IE_weight: 0.062131511245297144
mod_II_weight: 0.8367762543172579
n_actions: 3
n_bottom_up: 33
n_cue_tuned: 0
n_exc: 2000
n_fix_tuned: 1
n_hidden: 2500
n_inh: 500
n_motion_tuned: 32
n_reward_levels: 3
n_top_down: 6
n_top_down_hidden: 64
noise_input_sd: 0.0
noise_rnn_sd: 0.05
nonlinear_top_down: false
restrict_output_to_exc: false
rnn_weight: 0.12140451221447654
tc_modulator: 49.90910974421543
tc_soma: 100
td_E_kappa: 0.23973024173784635
td_E_topo: 1.953318930523578
td_I_kappa: 0.16261717909907725
td_I_topo: 1.4023728896256922
td_weight: 0.08721234785767684
