EE_kappa: 0.06663470537084111
EE_topo: 1.8652409305401332
EE_topo_mod: 1.1805004886866844e-13
EI_kappa: 0.18389755944703562
EI_topo: 0.23354404550120766
EI_topo_mod: 2.6857781074725285e-13
E_bias_mean: 0.0
E_bias_std: 1.0e-12
IE_kappa: 0.17548524919777214
IE_topo: 0.23182496825420462
IE_topo_mod: 3.7044605643878625e-13
II_kappa: 0.0895497911536074
II_topo: 0.2848987904597817
II_topo_mod: 8.650452882927432e-13
I_bias_mean: 0.0
I_bias_std: 1.0e-12
alpha_EE: 0.24219224827007935
alpha_EI: 0.013744412901993908
alpha_II: 0.07446762043551174
dt: 20
init_exc: 0.2
init_inh: 0.4
init_mod: 0.1
inp_E_kappa: 0.16828951780922097
inp_E_topo: 0.2935882728014729
inp_I_kappa: 0.2333617783513774
inp_I_topo: 1.5090386033698924
input_weight: 0.16356410443675068
max_h_for_output: 999.0
mod_EE_weight: 1.1941777861461402
mod_EI_weight: 1.9094521877539148
mod_IE_weight: 1.4518001469240331
mod_II_weight: 1.2190361355716548
n_actions: 3
n_bottom_up: 33
n_cue_tuned: 0
n_exc: 2000
n_fix_tuned: 1
n_hidden: 2500
n_inh: 500
n_motion_tuned: 32
n_reward_levels: 3
n_top_down: 6
n_top_down_hidden: 64
noise_input_sd: 0.0
noise_rnn_sd: 0.05
nonlinear_top_down: false
rnn_weight: 0.19821282026779719
tc_modulator: 56.53608202125138
tc_soma: 100
td_E_kappa: 0.1563582344269629
td_E_topo: 0.5
td_I_kappa: 0.13382876654599368
td_I_topo: 0.5
td_weight: 0.08721234785767684
