EE_kappa: 0.08646041205218241
EE_topo: 1.0409512778035672
EE_topo_mod: 3.812809991881093e-13
EI_kappa: 0.10722655115576557
EI_topo: 1.1980064148600464
EI_topo_mod: 2.4804261958086447e-13
E_bias_mean: 0.0
E_bias_std: 1.0e-12
IE_kappa: 0.18455823605890964
IE_topo: 0.21389055237984822
IE_topo_mod: 8.460660664601391e-13
II_kappa: 0.1180466235192461
II_topo: 0.2803084863414216
II_topo_mod: 5.258967374901494e-13
I_bias_mean: 0.0
I_bias_std: 1.0e-12
alpha_EE: 0.10044728704680733
alpha_EI: 0.11923460210492216
alpha_II: 0.05630445841262518
dt: 20
init_exc: 0.2
init_inh: 0.4
init_mod: 0.1
inp_E_kappa: 0.13483711525594527
inp_E_topo: 1.9435717500702367
inp_I_kappa: 0.14297822543126604
inp_I_topo: 0.5031997082062738
input_weight: 0.09575406657842114
max_h_for_output: 999.0
mod_EE_weight: 1.297196034918574
mod_EI_weight: 0.8128068633325287
mod_IE_weight: 0.3728308562027687
mod_II_weight: 0.15764116061107947
n_actions: 3
n_bottom_up: 33
n_cue_tuned: 0
n_exc: 2000
n_fix_tuned: 1
n_hidden: 2500
n_inh: 500
n_motion_tuned: 32
n_reward_levels: 3
n_top_down: 6
n_top_down_hidden: 64
noise_input_sd: 0.0
noise_rnn_sd: 0.05
nonlinear_top_down: false
rnn_weight: 0.14318424621690107
tc_modulator: 67.313332942838
tc_soma: 100
td_E_kappa: 0.1563582344269629
td_E_topo: 0.5
td_I_kappa: 0.13382876654599368
td_I_topo: 0.5
td_weight: 0.08721234785767684
