EE_kappa: 0.08071992804295212
EE_topo: 0.6155698130567542
EE_topo_mod: 4.596282840487288e-13
EI_kappa: 0.16937255537902599
EI_topo: 1.1307797711728373
EI_topo_mod: 3.9045050795262104e-14
E_bias_mean: 0.0
E_bias_std: 1.0e-12
IE_kappa: 0.11310751283295878
IE_topo: 1.711027063677461
IE_topo_mod: 2.4809550759316936e-13
II_kappa: 0.16673117254175202
II_topo: 1.1249561679626676
II_topo_mod: 3.129612864429406e-13
I_bias_mean: 0.0
I_bias_std: 1.0e-12
alpha_EE: 0.1038972660484883
alpha_EI: 0.12460190668813101
alpha_II: 0.15063189289415285
dt: 20
init_exc: 0.2
init_inh: 0.4
init_mod: 0.1
inp_E_kappa: 0.12262651702833281
inp_E_topo: 0.8101843181132125
inp_I_kappa: 0.15409806262938833
inp_I_topo: 1.899691046825831
input_weight: 0.16061686136218511
max_h_for_output: 999.0
mod_EE_weight: 1.9922803413889796
mod_EI_weight: 0.7369405448843704
mod_IE_weight: 1.906689949966517
mod_II_weight: 0.0456555632758997
n_actions: 3
n_bottom_up: 33
n_cue_tuned: 0
n_exc: 2000
n_fix_tuned: 1
n_hidden: 2500
n_inh: 500
n_motion_tuned: 32
n_reward_levels: 3
n_top_down: 6
n_top_down_hidden: 64
noise_input_sd: 0.0
noise_rnn_sd: 0.05
nonlinear_top_down: false
restrict_output_to_exc: false
rnn_weight: 0.1963261054759281
tc_modulator: 84.8851482832085
tc_soma: 100
td_E_kappa: 0.10576040518087544
td_E_topo: 1.4222142472123198
td_I_kappa: 0.15760230707507578
td_I_topo: 1.272214328607639
td_weight: 0.08721234785767684
