EE_kappa: 0.07153799042377962
EE_topo: 0.7465636070665715
EE_topo_mod: 3.7769715139363e-14
EI_kappa: 0.20049684256540817
EI_topo: 1.1729616232351068
EI_topo_mod: 8.486044863132425e-13
E_bias_mean: 0.0
E_bias_std: 1.0e-12
IE_kappa: 0.11092364238658373
IE_topo: 0.8464050539749612
IE_topo_mod: 8.474057532725879e-13
II_kappa: 0.2133899046979706
II_topo: 1.4381561768673308
II_topo_mod: 7.535947749125966e-13
I_bias_mean: 0.0
I_bias_std: 1.0e-12
alpha_EE: 0.0627804452766471
alpha_EI: 0.017819636398227045
alpha_II: 0.29845103663340583
dt: 20
init_exc: 0.2
init_inh: 0.4
init_mod: 0.1
inp_E_kappa: 0.2405416095423168
inp_E_topo: 1.835118576756253
inp_I_kappa: 0.06350010595396834
inp_I_topo: 0.2932793488189671
input_weight: 0.12460568131027454
max_h_for_output: 999.0
mod_EE_weight: 0.09993729126757644
mod_EI_weight: 0.46936186307570593
mod_IE_weight: 1.567500993314082
mod_II_weight: 1.1713052574506855
n_actions: 3
n_bottom_up: 67
n_cue_tuned: 2
n_exc: 2000
n_fix_tuned: 1
n_hidden: 2500
n_inh: 500
n_motion_tuned: 64
n_reward_levels: 3
n_top_down: 10
n_top_down_hidden: 64
noise_input_sd: 0.0
noise_rnn_sd: 0.05
nonlinear_top_down: false
restrict_output_to_exc: false
rnn_weight: 0.18251252516016186
tc_modulator: 37.191013541953126
tc_soma: 100
td_E_kappa: 0.19366530680922583
td_E_topo: 1.897095033664261
td_I_kappa: 0.2396461357486543
td_I_topo: 1.5929389278889305
td_weight: 0.08721234785767684
