EE_kappa: 0.09508192501360263
EE_topo: 1.2050769148724687
EE_topo_mod: 2.4548709993213846e-13
EI_kappa: 0.11670821921162318
EI_topo: 1.864017209565856
EI_topo_mod: 9.88543077429475e-13
E_bias_mean: 0.0
E_bias_std: 1.0e-12
IE_kappa: 0.2357410497121622
IE_topo: 0.22098692247671492
IE_topo_mod: 3.7986939275366447e-13
II_kappa: 0.08044229219479226
II_topo: 1.2936459109853926
II_topo_mod: 5.449026349445862e-14
I_bias_mean: 0.0
I_bias_std: 1.0e-12
alpha_EE: 0.1188624835317635
alpha_EI: 0.004180980120781608
alpha_II: 0.17827182937136268
dt: 20
init_exc: 0.2
init_inh: 0.4
init_mod: 0.1
inp_E_kappa: 0.10214043094694727
inp_E_topo: 1.8894302620382295
inp_I_kappa: 0.10157549748776756
inp_I_topo: 1.659345180437595
input_weight: 0.19098374430696274
max_h_for_output: 999.0
mod_EE_weight: 0.004032802348296061
mod_EI_weight: 0.4431375335750045
mod_IE_weight: 0.6693280057964877
mod_II_weight: 1.4532592252795118
n_actions: 3
n_bottom_up: 33
n_cue_tuned: 0
n_exc: 2000
n_fix_tuned: 1
n_hidden: 2500
n_inh: 500
n_motion_tuned: 32
n_reward_levels: 3
n_top_down: 6
n_top_down_hidden: 64
noise_input_sd: 0.0
noise_rnn_sd: 0.05
nonlinear_top_down: false
rnn_weight: 0.17068165003894697
tc_modulator: 76.96542409556898
tc_soma: 100
td_E_kappa: 0.1563582344269629
td_E_topo: 0.5
td_I_kappa: 0.13382876654599368
td_I_topo: 0.5
td_weight: 0.08721234785767684
