EE_kappa: 0.10570516782306988
EE_topo: 0.055987352546337465
EE_topo_mod: 2.859427915663971e-13
EI_kappa: 0.16960961081895704
EI_topo: 0.5989252324423304
EI_topo_mod: 9.135362184474074e-13
E_bias_mean: 0.0
E_bias_std: 1.0e-12
IE_kappa: 0.1668726683053561
IE_topo: 0.721132880845091
IE_topo_mod: 8.139808521085846e-13
II_kappa: 0.18641183233409248
II_topo: 1.3691231814567706
II_topo_mod: 3.5372766833792447e-13
I_bias_mean: 0.0
I_bias_std: 1.0e-12
alpha_EE: 0.22982888661127748
alpha_EI: 0.14761938884310408
alpha_II: 0.15416427265682783
dt: 20
init_exc: 0.2
init_inh: 0.4
init_mod: 0.1
inp_E_kappa: 0.10572629379867043
inp_E_topo: 1.912320800120054
inp_I_kappa: 0.1119665019094007
inp_I_topo: 1.9299123555163793
input_weight: 0.16071873455394958
max_h_for_output: 999.0
mod_EE_weight: 0.9722743936133746
mod_EI_weight: 0.15558249304947291
mod_IE_weight: 0.3602094027315288
mod_II_weight: 1.3159918097671406
n_actions: 3
n_bottom_up: 33
n_cue_tuned: 0
n_exc: 2000
n_fix_tuned: 1
n_hidden: 2500
n_inh: 500
n_motion_tuned: 32
n_reward_levels: 3
n_top_down: 6
n_top_down_hidden: 64
noise_input_sd: 0.0
noise_rnn_sd: 0.05
nonlinear_top_down: false
rnn_weight: 0.19717091907938816
tc_modulator: 67.75299390755178
tc_soma: 100
td_E_kappa: 0.1563582344269629
td_E_topo: 0.5
td_I_kappa: 0.13382876654599368
td_I_topo: 0.5
td_weight: 0.08721234785767684
