EE_kappa: 0.06876567262187101
EE_topo: 0.23217259735462314
EE_topo_mod: 9.184965901279032e-13
EI_kappa: 0.1191922362046266
EI_topo: 0.9657126241697629
EI_topo_mod: 3.4999648264147376e-13
E_bias_mean: 0.0
E_bias_std: 1.0e-12
IE_kappa: 0.19582838671790886
IE_topo: 1.3414014764257962
IE_topo_mod: 6.560336175914044e-13
II_kappa: 0.17729262016015113
II_topo: 0.9875294030866029
II_topo_mod: 5.770114651939713e-13
I_bias_mean: 0.0
I_bias_std: 1.0e-12
alpha_EE: 0.04763860797208258
alpha_EI: 0.01784218999732465
alpha_II: 0.24569915725068442
dt: 20
init_exc: 0.2
init_inh: 0.4
init_mod: 0.1
inp_E_kappa: 0.21480617724389384
inp_E_topo: 0.5266765349604832
inp_I_kappa: 0.11920285154626814
inp_I_topo: 1.3134704645926432
input_weight: 0.13473971564555354
max_h_for_output: 999.0
mod_EE_weight: 0.26237631456596544
mod_EI_weight: 1.4707063669964056
mod_IE_weight: 1.2408064080127188
mod_II_weight: 0.28238178128146885
n_actions: 3
n_bottom_up: 67
n_cue_tuned: 2
n_exc: 2000
n_fix_tuned: 1
n_hidden: 2500
n_inh: 500
n_motion_tuned: 64
n_reward_levels: 3
n_top_down: 10
n_top_down_hidden: 64
noise_input_sd: 0.0
noise_rnn_sd: 0.05
nonlinear_top_down: false
restrict_output_to_exc: false
rnn_weight: 0.17507445819995593
tc_modulator: 78.84344351513232
tc_soma: 100
td_E_kappa: 0.21501910721185113
td_E_topo: 0.04346819429841853
td_I_kappa: 0.08865704649461666
td_I_topo: 0.4783781982062434
td_weight: 0.08721234785767684
