EE_kappa: 0.06916335134132781
EE_topo: 0.13654612405126798
EE_topo_mod: 8.542271723758019e-13
EI_kappa: 0.1212871617939358
EI_topo: 1.8565220876160355
EI_topo_mod: 6.554320421692916e-14
E_bias_mean: 0.0
E_bias_std: 1.0e-12
IE_kappa: 0.16202468876779624
IE_topo: 1.5561979226878098
IE_topo_mod: 5.585275408626005e-13
II_kappa: 0.1679156322956893
II_topo: 1.698453558431142
II_topo_mod: 7.731491701004202e-13
I_bias_mean: 0.0
I_bias_std: 1.0e-12
alpha_EE: 0.051125941207449906
alpha_EI: 0.04914099163035914
alpha_II: 0.1943328744060775
dt: 20
init_exc: 0.2
init_inh: 0.4
init_mod: 0.1
inp_E_kappa: 0.21403585721633195
inp_E_topo: 0.9944479861664683
inp_I_kappa: 0.15674986751707243
inp_I_topo: 1.6186033098739736
input_weight: 0.1360477046104973
max_h_for_output: 999.0
mod_EE_weight: 0.39538893030360067
mod_EI_weight: 1.7489327800118495
mod_IE_weight: 1.5867629426333067
mod_II_weight: 0.9485920165375299
n_actions: 3
n_bottom_up: 33
n_cue_tuned: 0
n_exc: 2000
n_fix_tuned: 1
n_hidden: 2500
n_inh: 500
n_motion_tuned: 32
n_reward_levels: 3
n_top_down: 6
n_top_down_hidden: 64
noise_input_sd: 0.0
noise_rnn_sd: 0.05
nonlinear_top_down: false
restrict_output_to_exc: false
rnn_weight: 0.12728681609310522
tc_modulator: 64.93720867909448
tc_soma: 100
td_E_kappa: 0.23319334071845538
td_E_topo: 1.0290248386517693
td_I_kappa: 0.09256884929585268
td_I_topo: 0.816129974419435
td_weight: 0.08721234785767684
