EE_kappa: 0.16227757261075526
EE_topo: 0.8595239758321673
EE_topo_mod: 6.784644957560271e-14
EI_kappa: 0.21153288969268463
EI_topo: 0.13862803400476564
EI_topo_mod: 6.785499463466985e-13
E_bias_mean: 0.0
E_bias_std: 1.0e-12
IE_kappa: 0.19536948890171274
IE_topo: 1.5418255368674318
IE_topo_mod: 9.420967291024244e-13
II_kappa: 0.15578329918970968
II_topo: 1.4168861187650745
II_topo_mod: 7.639804250047655e-13
I_bias_mean: 0.0
I_bias_std: 1.0e-12
alpha_EE: 0.040482653046591856
alpha_EI: 0.019254179863911768
alpha_II: 0.20852411128463813
dt: 20
init_exc: 0.2
init_inh: 0.4
init_mod: 0.1
inp_E_kappa: 0.08114219001210575
inp_E_topo: 1.4043930013468555
inp_I_kappa: 0.14327488224557472
inp_I_topo: 1.1148346119045907
input_weight: 0.19953434675659143
max_h_for_output: 999.0
mod_EE_weight: 1.646783425091411
mod_EI_weight: 1.1396473922717831
mod_IE_weight: 0.9882005248407117
mod_II_weight: 0.8444185567601252
n_actions: 3
n_bottom_up: 67
n_cue_tuned: 2
n_exc: 2000
n_fix_tuned: 1
n_hidden: 2500
n_inh: 500
n_motion_tuned: 64
n_reward_levels: 3
n_top_down: 10
n_top_down_hidden: 64
noise_input_sd: 0.0
noise_rnn_sd: 0.05
nonlinear_top_down: false
restrict_output_to_exc: false
rnn_weight: 0.1775302399519576
tc_modulator: 24.306769274566975
tc_soma: 100
td_E_kappa: 0.20815297032780866
td_E_topo: 0.012201801467757178
td_I_kappa: 0.10066710198901019
td_I_topo: 0.9977699597281315
td_weight: 0.08721234785767684
