EE_kappa: 0.07886850368956207
EE_topo: 0.5419582742319915
EE_topo_mod: 6.830684685925266e-13
EI_kappa: 0.14952322610301555
EI_topo: 0.5990589887923148
EI_topo_mod: 3.8422137261744416e-13
E_bias_mean: 0.0
E_bias_std: 1.0e-12
IE_kappa: 0.12065089256223419
IE_topo: 1.0909200261781187
IE_topo_mod: 1.209733523210651e-13
II_kappa: 0.15381174099359413
II_topo: 1.2004492076996311
II_topo_mod: 2.562134477098503e-13
I_bias_mean: 0.0
I_bias_std: 1.0e-12
alpha_EE: 0.22302471992776726
alpha_EI: 0.02297376130613149
alpha_II: 0.0843294834180673
dt: 20
init_exc: 0.2
init_inh: 0.4
init_mod: 0.1
inp_E_kappa: 0.24924902753679634
inp_E_topo: 0.6811633139474091
inp_I_kappa: 0.23868753581826024
inp_I_topo: 0.25505358859282024
input_weight: 0.17733335916295023
max_h_for_output: 999.0
mod_EE_weight: 0.007819344826081487
mod_EI_weight: 1.6912284447470678
mod_IE_weight: 1.862891471476595
mod_II_weight: 1.609814818186294
n_actions: 3
n_bottom_up: 33
n_cue_tuned: 0
n_exc: 2000
n_fix_tuned: 1
n_hidden: 2500
n_inh: 500
n_motion_tuned: 32
n_reward_levels: 3
n_top_down: 6
n_top_down_hidden: 64
noise_input_sd: 0.0
noise_rnn_sd: 0.05
nonlinear_top_down: false
restrict_output_to_exc: false
rnn_weight: 0.1126557533169503
tc_modulator: 62.49950202362153
tc_soma: 100
td_E_kappa: 0.1699678871457328
td_E_topo: 1.7734008606013119
td_I_kappa: 0.11878100611270102
td_I_topo: 1.0764120459721216
td_weight: 0.08721234785767684
