EE_kappa: 0.08629806989379304
EE_topo: 1.3914193795252585
EE_topo_mod: 1.3861848929472475e-13
EI_kappa: 0.20038029474931152
EI_topo: 0.9652990676899647
EI_topo_mod: 8.024052957831924e-13
E_bias_mean: 0.0
E_bias_std: 1.0e-12
IE_kappa: 0.08956152868457533
IE_topo: 1.2355597285399793
IE_topo_mod: 9.839105835817156e-13
II_kappa: 0.10723112923211471
II_topo: 1.9817092164700814
II_topo_mod: 6.131159017970238e-13
I_bias_mean: 0.0
I_bias_std: 1.0e-12
alpha_EE: 0.2485279966211982
alpha_EI: 0.22107298469765396
alpha_II: 0.07172340591002481
dt: 20
init_exc: 0.2
init_inh: 0.4
init_mod: 0.1
inp_E_kappa: 0.14559734662702264
inp_E_topo: 0.845628768419844
inp_I_kappa: 0.06341063759087162
inp_I_topo: 0.2869352065030284
input_weight: 0.17367783703963174
max_h_for_output: 999.0
mod_EE_weight: 0.5524276261575962
mod_EI_weight: 0.550665125661173
mod_IE_weight: 0.6319719800631065
mod_II_weight: 0.7153728976632199
n_actions: 3
n_bottom_up: 33
n_cue_tuned: 0
n_exc: 2000
n_fix_tuned: 1
n_hidden: 2500
n_inh: 500
n_motion_tuned: 32
n_reward_levels: 3
n_top_down: 6
n_top_down_hidden: 64
noise_input_sd: 0.0
noise_rnn_sd: 0.05
nonlinear_top_down: false
restrict_output_to_exc: false
rnn_weight: 0.12290368146941714
tc_modulator: 74.96756360300235
tc_soma: 100
td_E_kappa: 0.1042624875914126
td_E_topo: 1.4633473365572167
td_I_kappa: 0.19222459117692486
td_I_topo: 0.5459415580523528
td_weight: 0.08721234785767684
