EE_kappa: 0.056006702381703515
EE_topo: 1.6184402538711513
EE_topo_mod: 4.905011846713051e-13
EI_kappa: 0.09541178829098654
EI_topo: 1.659088073508687
EI_topo_mod: 9.166439225950395e-13
E_bias_mean: 0.0
E_bias_std: 1.0e-12
IE_kappa: 0.16359443527579048
IE_topo: 1.9481623931944059
IE_topo_mod: 7.996793687354789e-13
II_kappa: 0.1388232674106049
II_topo: 0.006596834011668218
II_topo_mod: 7.404721614845037e-13
I_bias_mean: 0.0
I_bias_std: 1.0e-12
alpha_EE: 0.19472828134927422
alpha_EI: 0.00560766141027681
alpha_II: 0.11726304006128198
dt: 20
init_exc: 0.2
init_inh: 0.4
init_mod: 0.1
inp_E_kappa: 0.2187085252109513
inp_E_topo: 1.5091991852003634
inp_I_kappa: 0.1313974622507647
inp_I_topo: 0.5317379080094662
input_weight: 0.08899025634726232
max_h_for_output: 999.0
mod_EE_weight: 1.406169863858721
mod_EI_weight: 1.1091275225352366
mod_IE_weight: 1.6129984930021248
mod_II_weight: 0.5528703284606495
n_actions: 3
n_bottom_up: 67
n_cue_tuned: 2
n_exc: 2000
n_fix_tuned: 1
n_hidden: 2500
n_inh: 500
n_motion_tuned: 64
n_reward_levels: 3
n_top_down: 10
n_top_down_hidden: 64
noise_input_sd: 0.0
noise_rnn_sd: 0.05
nonlinear_top_down: false
restrict_output_to_exc: false
rnn_weight: 0.1675133259319424
tc_modulator: 53.375444809316974
tc_soma: 100
td_E_kappa: 0.09149347918762692
td_E_topo: 0.09528628148196283
td_I_kappa: 0.18313567121077734
td_I_topo: 0.6295740129322966
td_weight: 0.08721234785767684
