EE_kappa: 0.06501042511141873
EE_topo: 1.6347763705231628
EE_topo_mod: 4.1312630235692803e-13
EI_kappa: 0.1270877222788998
EI_topo: 1.7892728849127875
EI_topo_mod: 1.5121711644439372e-13
E_bias_mean: 0.0
E_bias_std: 1.0e-12
IE_kappa: 0.15361025702392486
IE_topo: 1.995266372415603
IE_topo_mod: 3.981465034573518e-13
II_kappa: 0.1814877516447227
II_topo: 1.9822188558859004
II_topo_mod: 6.48748045537032e-13
I_bias_mean: 0.0
I_bias_std: 1.0e-12
alpha_EE: 0.28160305005184755
alpha_EI: 0.09717788176585153
alpha_II: 0.07614793394008895
dt: 20
init_exc: 0.2
init_inh: 0.4
init_mod: 0.1
inp_E_kappa: 0.1591592670734248
inp_E_topo: 0.03272815065673562
inp_I_kappa: 0.18738656057052094
inp_I_topo: 1.2447346332599878
input_weight: 0.09384179345894972
max_h_for_output: 999.0
mod_EE_weight: 1.7915770277678247
mod_EI_weight: 0.9264347551943677
mod_IE_weight: 1.539378448038944
mod_II_weight: 0.042040573610776066
n_actions: 3
n_bottom_up: 33
n_cue_tuned: 0
n_exc: 2000
n_fix_tuned: 1
n_hidden: 2500
n_inh: 500
n_motion_tuned: 32
n_reward_levels: 3
n_top_down: 6
n_top_down_hidden: 64
noise_input_sd: 0.0
noise_rnn_sd: 0.05
nonlinear_top_down: false
restrict_output_to_exc: false
rnn_weight: 0.11383244020684789
tc_modulator: 41.998392577492496
tc_soma: 100
td_E_kappa: 0.19752260628591817
td_E_topo: 1.2659027017750573
td_I_kappa: 0.13314520239216524
td_I_topo: 1.60250944466836
td_weight: 0.08721234785767684
