EE_kappa: 0.08014005964585087
EE_topo: 0.22661659702841686
EE_topo_mod: 7.657524840237734e-13
EI_kappa: 0.1942726350484681
EI_topo: 0.8833038443013264
EI_topo_mod: 4.573317302323665e-14
E_bias_mean: 0.0
E_bias_std: 1.0e-12
IE_kappa: 0.1401773290403178
IE_topo: 1.0823780646720331
IE_topo_mod: 1.5668643825550087e-13
II_kappa: 0.24234955414703574
II_topo: 1.3796157580165016
II_topo_mod: 3.5611804128271096e-13
I_bias_mean: 0.0
I_bias_std: 1.0e-12
alpha_EE: 0.22725909842930692
alpha_EI: 0.1204654180831754
alpha_II: 0.21319158443464942
dt: 20
init_exc: 0.2
init_inh: 0.4
init_mod: 0.1
inp_E_kappa: 0.1902948278442162
inp_E_topo: 0.614167895780295
inp_I_kappa: 0.09642445208833353
inp_I_topo: 1.866670040926982
input_weight: 0.11998397451116039
max_h_for_output: 999.0
mod_EE_weight: 0.1970390232557906
mod_EI_weight: 1.8277650670144276
mod_IE_weight: 1.575700143936344
mod_II_weight: 1.7749592003423968
n_actions: 3
n_bottom_up: 33
n_cue_tuned: 0
n_exc: 2000
n_fix_tuned: 1
n_hidden: 2500
n_inh: 500
n_motion_tuned: 32
n_reward_levels: 3
n_top_down: 6
n_top_down_hidden: 64
noise_input_sd: 0.0
noise_rnn_sd: 0.05
nonlinear_top_down: false
restrict_output_to_exc: false
rnn_weight: 0.1515907517993736
tc_modulator: 34.47804794098084
tc_soma: 100
td_E_kappa: 0.06351199275110408
td_E_topo: 1.2381604573339897
td_I_kappa: 0.07914167082890922
td_I_topo: 1.8243012523738913
td_weight: 0.08721234785767684
