EE_kappa: 0.08162942306220296
EE_topo: 0.43554623056879893
EE_topo_mod: 0.0006869360323824747
EI_kappa: 0.12541217957269327
EI_topo: 0.918853928956451
EI_topo_mod: 0.009662400554392075
E_bias_mean: 0.0
E_bias_std: 1.0e-12
IE_kappa: 0.21275337093239505
IE_topo: 0.3004700213612477
IE_topo_mod: 0.00461938838124147
II_kappa: 0.24843568794086374
II_topo: 0.6245202253277833
II_topo_mod: 0.007497364232179571
I_bias_mean: 0.0
I_bias_std: 1.0e-12
alpha_EE: 0.10866090004726384
alpha_EI: 0.01717204055456163
alpha_II: 0.17756734680127403
dt: 20
init_exc: 0.2
init_inh: 0.4
init_mod: 0.1
inp_E_kappa: 0.24583683561723907
inp_E_topo: 1.6651727364190951
inp_I_kappa: 0.12183048710406322
inp_I_topo: 0.6943372518004371
input_weight: 0.14839130819291568
max_h_for_output: 999.0
mod_EE_weight: 0.6492369005362171
mod_EI_weight: 0.5187070921515551
mod_IE_weight: 0.08806293969916301
mod_II_weight: 0.2519119403140322
n_actions: 3
n_bottom_up: 67
n_cue_tuned: 2
n_exc: 2000
n_fix_tuned: 1
n_hidden: 2500
n_inh: 500
n_motion_tuned: 64
n_reward_levels: 3
n_top_down: 10
n_top_down_hidden: 64
noise_input_sd: 0.0
noise_rnn_sd: 0.05
nonlinear_top_down: false
restrict_output_to_exc: false
rnn_weight: 0.14145106346969988
tc_modulator: 94.34630713217479
tc_soma: 100
td_E_kappa: 0.1778870329902713
td_E_topo: 0.6169552057351784
td_I_kappa: 0.07324861668549819
td_I_topo: 0.8177618916187128
td_weight: 0.08721234785767684
