EE_kappa: 0.0676244301244867
EE_topo: 0.841627329702519
EE_topo_mod: 5.390506845670646e-13
EI_kappa: 0.19336625464667284
EI_topo: 1.808244335514437
EI_topo_mod: 8.960052335538669e-13
E_bias_mean: 0.0
E_bias_std: 1.0e-12
IE_kappa: 0.0955985914513045
IE_topo: 0.0736410555587581
IE_topo_mod: 1.5966845089451864e-13
II_kappa: 0.19655226226992223
II_topo: 1.7015954780150795
II_topo_mod: 2.036309971242256e-14
I_bias_mean: 0.0
I_bias_std: 1.0e-12
alpha_EE: 0.026822349796141207
alpha_EI: 0.11183393427355377
alpha_II: 0.11330871324951958
dt: 20
init_exc: 0.2
init_inh: 0.4
init_mod: 0.1
inp_E_kappa: 0.20075797593825256
inp_E_topo: 1.4177742340623558
inp_I_kappa: 0.11497067621557927
inp_I_topo: 1.771663798146979
input_weight: 0.17060509952018865
max_h_for_output: 999.0
mod_EE_weight: 0.8639351983301091
mod_EI_weight: 1.8585430815551631
mod_IE_weight: 0.449178452608616
mod_II_weight: 0.5698592346136293
n_actions: 3
n_bottom_up: 33
n_cue_tuned: 0
n_exc: 2000
n_fix_tuned: 1
n_hidden: 2500
n_inh: 500
n_motion_tuned: 32
n_reward_levels: 3
n_top_down: 6
n_top_down_hidden: 64
noise_input_sd: 0.0
noise_rnn_sd: 0.05
nonlinear_top_down: false
restrict_output_to_exc: false
rnn_weight: 0.17396410103913765
tc_modulator: 91.67981717545135
tc_soma: 100
td_E_kappa: 0.2342698068312522
td_E_topo: 0.5962892826273485
td_I_kappa: 0.19474518395073825
td_I_topo: 0.8554970574824419
td_weight: 0.08721234785767684
