EE_kappa: 0.08453748567931549
EE_topo: 0.9587378345261022
EE_topo_mod: 3.6445472741239857e-13
EI_kappa: 0.17380198127290108
EI_topo: 0.2598032598467006
EI_topo_mod: 7.046669796588184e-13
E_bias_mean: 0.0
E_bias_std: 1.0e-12
IE_kappa: 0.17511336535936212
IE_topo: 1.8375430298086228
IE_topo_mod: 8.00151949937869e-13
II_kappa: 0.23586440258382446
II_topo: 1.3534730629134264
II_topo_mod: 6.227853777578761e-13
I_bias_mean: 0.0
I_bias_std: 1.0e-12
alpha_EE: 0.2402885799936996
alpha_EI: 0.0455541241426881
alpha_II: 0.0007716186267584412
dt: 20
init_exc: 0.2
init_inh: 0.4
init_mod: 0.1
inp_E_kappa: 0.2065351845708565
inp_E_topo: 1.3610361030878615
inp_I_kappa: 0.07127876779765055
inp_I_topo: 0.361670535170608
input_weight: 0.1812124812161366
max_h_for_output: 999.0
mod_EE_weight: 1.9744643651678702
mod_EI_weight: 1.2454053176489353
mod_IE_weight: 0.4025053409181356
mod_II_weight: 1.1761483582022603
n_actions: 3
n_bottom_up: 33
n_cue_tuned: 0
n_exc: 2000
n_fix_tuned: 1
n_hidden: 2500
n_inh: 500
n_motion_tuned: 32
n_reward_levels: 3
n_top_down: 6
n_top_down_hidden: 64
noise_input_sd: 0.0
noise_rnn_sd: 0.05
nonlinear_top_down: false
rnn_weight: 0.13931992834258364
tc_modulator: 22.587625502602478
tc_soma: 100
td_E_kappa: 0.1563582344269629
td_E_topo: 0.5
td_I_kappa: 0.13382876654599368
td_I_topo: 0.5
td_weight: 0.08721234785767684
