EE_kappa: 0.0727749239406418
EE_topo: 1.271122872297737
EE_topo_mod: 9.307488738645282e-13
EI_kappa: 0.1349535469645348
EI_topo: 0.5006108012099628
EI_topo_mod: 2.324993676074091e-13
E_bias_mean: 0.0
E_bias_std: 1.0e-12
IE_kappa: 0.18547029623028644
IE_topo: 1.9700614096976172
IE_topo_mod: 8.483138272747445e-13
II_kappa: 0.1322807083183289
II_topo: 1.6922051304140355
II_topo_mod: 6.469454441960126e-13
I_bias_mean: 0.0
I_bias_std: 1.0e-12
alpha_EE: 0.03345936246650914
alpha_EI: 0.0453572881290911
alpha_II: 0.11250022697826015
dt: 20
init_exc: 0.2
init_inh: 0.4
init_mod: 0.1
inp_E_kappa: 0.2421922024210701
inp_E_topo: 0.7962286842289195
inp_I_kappa: 0.11174526797022347
inp_I_topo: 1.6919397023721623
input_weight: 0.10402349109465131
max_h_for_output: 999.0
mod_EE_weight: 1.3566321968302444
mod_EI_weight: 1.481712702048935
mod_IE_weight: 1.9815822933248408
mod_II_weight: 0.7908901153651016
n_actions: 3
n_bottom_up: 33
n_cue_tuned: 0
n_exc: 2000
n_fix_tuned: 1
n_hidden: 2500
n_inh: 500
n_motion_tuned: 32
n_reward_levels: 3
n_top_down: 6
n_top_down_hidden: 64
noise_input_sd: 0.0
noise_rnn_sd: 0.05
nonlinear_top_down: false
restrict_output_to_exc: false
rnn_weight: 0.19784472988145058
tc_modulator: 55.103534070343414
tc_soma: 100
td_E_kappa: 0.1947737957061097
td_E_topo: 0.5420929811804165
td_I_kappa: 0.24101369740581752
td_I_topo: 0.40006737762155264
td_weight: 0.08721234785767684
