EE_kappa: 0.06340515311765207
EE_topo: 0.9646789498560364
EE_topo_mod: 9.983778753871203e-13
EI_kappa: 0.06604380672722861
EI_topo: 1.6102526747660946
EI_topo_mod: 6.625832456403077e-13
E_bias_mean: 0.0
E_bias_std: 1.0e-12
IE_kappa: 0.12806368159660064
IE_topo: 0.3640508326012655
IE_topo_mod: 6.651626457024433e-13
II_kappa: 0.0967463764408445
II_topo: 1.1523080312756757
II_topo_mod: 3.4026963931027943e-13
I_bias_mean: 0.0
I_bias_std: 1.0e-12
alpha_EE: 0.03192976131757719
alpha_EI: 0.04202078048486597
alpha_II: 0.24113219854696583
dt: 20
init_exc: 0.2
init_inh: 0.4
init_mod: 0.1
inp_E_kappa: 0.05024246064341156
inp_E_topo: 1.3501482067048485
inp_I_kappa: 0.14041454916000312
inp_I_topo: 0.41673219512920334
input_weight: 0.1771207049667025
max_h_for_output: 999.0
mod_EE_weight: 1.1019108927218226
mod_EI_weight: 1.708186440741455
mod_IE_weight: 0.05112546098274162
mod_II_weight: 1.1354619908586645
n_actions: 3
n_bottom_up: 67
n_cue_tuned: 2
n_exc: 2000
n_fix_tuned: 1
n_hidden: 2500
n_inh: 500
n_motion_tuned: 64
n_reward_levels: 3
n_top_down: 10
n_top_down_hidden: 64
noise_input_sd: 0.0
noise_rnn_sd: 0.05
nonlinear_top_down: false
restrict_output_to_exc: false
rnn_weight: 0.15614147107556087
tc_modulator: 27.487307736329043
tc_soma: 100
td_E_kappa: 0.0928340926444392
td_E_topo: 0.8454531156326157
td_I_kappa: 0.2037372910502248
td_I_topo: 1.265921726555353
td_weight: 0.08721234785767684
