EE_kappa: 0.09799371010125227
EE_topo: 1.1576154836605617
EE_topo_mod: 7.896208729913421e-13
EI_kappa: 0.15853358587441968
EI_topo: 0.7449075487227386
EI_topo_mod: 6.711520301695095e-13
E_bias_mean: 0.0
E_bias_std: 1.0e-12
IE_kappa: 0.18913497384330685
IE_topo: 1.904302238522771
IE_topo_mod: 8.896087888120827e-13
II_kappa: 0.1631963315378322
II_topo: 1.7138640457130856
II_topo_mod: 1.0937316289071641e-13
I_bias_mean: 0.0
I_bias_std: 1.0e-12
alpha_EE: 0.21210930357366928
alpha_EI: 0.0526212284253149
alpha_II: 0.07323575101165362
dt: 20
init_exc: 0.2
init_inh: 0.4
init_mod: 0.1
inp_E_kappa: 0.20116186297967437
inp_E_topo: 1.677817090998059
inp_I_kappa: 0.16411151664843382
inp_I_topo: 1.4364929225813305
input_weight: 0.1957269880317719
max_h_for_output: 999.0
mod_EE_weight: 1.2439586421674973
mod_EI_weight: 0.7372409492289738
mod_IE_weight: 0.4224536041099529
mod_II_weight: 0.29273190866347565
n_actions: 3
n_bottom_up: 33
n_cue_tuned: 0
n_exc: 2000
n_fix_tuned: 1
n_hidden: 2500
n_inh: 500
n_motion_tuned: 32
n_reward_levels: 3
n_top_down: 6
n_top_down_hidden: 64
noise_input_sd: 0.0
noise_rnn_sd: 0.05
nonlinear_top_down: false
restrict_output_to_exc: false
rnn_weight: 0.15070528963310043
tc_modulator: 54.1790538864264
tc_soma: 100
td_E_kappa: 0.2340210122839242
td_E_topo: 0.7094820353938271
td_I_kappa: 0.14868337295609727
td_I_topo: 1.2935816245428744
td_weight: 0.08721234785767684
