EE_kappa: 0.11326134958182062
EE_topo: 1.1063400177304963
EE_topo_mod: 6.237521239516612e-13
EI_kappa: 0.17884679865330783
EI_topo: 1.8471445354151868
EI_topo_mod: 7.617065625077556e-14
E_bias_mean: 0.0
E_bias_std: 1.0e-12
IE_kappa: 0.18376973205847819
IE_topo: 1.8082750312737506
IE_topo_mod: 8.905812340086503e-13
II_kappa: 0.21443455826337338
II_topo: 0.20378887374984167
II_topo_mod: 1.3036463571047374e-14
I_bias_mean: 0.0
I_bias_std: 1.0e-12
alpha_EE: 0.031267222099982436
alpha_EI: 0.024676761762696574
alpha_II: 0.02227054559322268
dt: 20
init_exc: 0.2
init_inh: 0.4
init_mod: 0.1
inp_E_kappa: 0.0707491205549103
inp_E_topo: 1.4048228379892302
inp_I_kappa: 0.11096674400321377
inp_I_topo: 1.2207633660791373
input_weight: 0.17109649825962392
max_h_for_output: 999.0
mod_EE_weight: 1.3255281878707843
mod_EI_weight: 1.926932224536423
mod_IE_weight: 1.7153669810117806
mod_II_weight: 0.7965444874176881
n_actions: 3
n_bottom_up: 67
n_cue_tuned: 2
n_exc: 2000
n_fix_tuned: 1
n_hidden: 2500
n_inh: 500
n_motion_tuned: 64
n_reward_levels: 3
n_top_down: 10
n_top_down_hidden: 64
noise_input_sd: 0.0
noise_rnn_sd: 0.05
nonlinear_top_down: false
restrict_output_to_exc: false
rnn_weight: 0.09845492877111633
tc_modulator: 72.3696680086428
tc_soma: 100
td_E_kappa: 0.21715071153950688
td_E_topo: 0.05855180103695545
td_I_kappa: 0.18214225800701134
td_I_topo: 0.2122112692821898
td_weight: 0.08721234785767684
