EE_kappa: 0.09325907275532133
EE_topo: 0.23976206621656604
EE_topo_mod: 3.2964559787760414e-13
EI_kappa: 0.12187058961971496
EI_topo: 0.17576585061362793
EI_topo_mod: 7.699208943764485e-13
E_bias_mean: 0.0
E_bias_std: 1.0e-12
IE_kappa: 0.2014695854263558
IE_topo: 0.27683136150537235
IE_topo_mod: 8.171243467696725e-13
II_kappa: 0.160778791130537
II_topo: 0.16577503586371356
II_topo_mod: 8.587897445867436e-13
I_bias_mean: 0.0
I_bias_std: 1.0e-12
alpha_EE: 0.29763171042944925
alpha_EI: 0.07031500763765422
alpha_II: 0.00689975923919538
dt: 20
init_exc: 0.2
init_inh: 0.4
init_mod: 0.1
inp_E_kappa: 0.13233520720037167
inp_E_topo: 0.6613670699563199
inp_I_kappa: 0.19772962142185857
inp_I_topo: 1.303194061291939
input_weight: 0.1684940982853106
max_h_for_output: 999.0
mod_EE_weight: 0.701375995663907
mod_EI_weight: 1.965171069084595
mod_IE_weight: 1.6398484486695108
mod_II_weight: 1.4438968610734038
n_actions: 3
n_bottom_up: 65
n_cue_tuned: 2
n_exc: 2000
n_fix_tuned: 1
n_hidden: 2500
n_inh: 500
n_motion_tuned: 64
n_reward_levels: 3
n_top_down: 10
n_top_down_hidden: 64
noise_input_sd: 0.0
noise_rnn_sd: 0.05
nonlinear_top_down: false
rnn_weight: 0.18213240016161553
tc_modulator: 85.46218936013679
tc_soma: 100
td_E_kappa: 0.19233612482132817
td_E_topo: 1.2140962043317667
td_I_kappa: 0.2142063520969681
td_I_topo: 0.4353149780658938
td_weight: 0.08721234785767684
