EE_kappa: 0.06988933554602239
EE_topo: 0.5273041382750778
EE_topo_mod: 7.304801779066047e-13
EI_kappa: 0.07446883694235314
EI_topo: 0.9873574302890054
EI_topo_mod: 6.18937249686379e-13
E_bias_mean: 0.0
E_bias_std: 1.0e-12
IE_kappa: 0.2193232845401452
IE_topo: 0.9222296947360524
IE_topo_mod: 2.774590414881448e-13
II_kappa: 0.1590692949347695
II_topo: 1.2513074218071232
II_topo_mod: 8.383480833424213e-13
I_bias_mean: 0.0
I_bias_std: 1.0e-12
alpha_EE: 0.13633806626656408
alpha_EI: 0.024113362881943556
alpha_II: 0.2715937845146423
dt: 20
init_exc: 0.2
init_inh: 0.4
init_mod: 0.1
inp_E_kappa: 0.16055427642522738
inp_E_topo: 1.8798850789660886
inp_I_kappa: 0.06925109229592566
inp_I_topo: 0.25826765047928246
input_weight: 0.17385551937148414
max_h_for_output: 999.0
mod_EE_weight: 1.398459548871483
mod_EI_weight: 0.4179804087274859
mod_IE_weight: 1.8855960332404902
mod_II_weight: 1.2260289634957204
n_actions: 3
n_bottom_up: 33
n_cue_tuned: 0
n_exc: 2000
n_fix_tuned: 1
n_hidden: 2500
n_inh: 500
n_motion_tuned: 32
n_reward_levels: 3
n_top_down: 6
n_top_down_hidden: 64
noise_input_sd: 0.0
noise_rnn_sd: 0.05
nonlinear_top_down: false
rnn_weight: 0.13684733597979157
tc_modulator: 99.97261664723378
tc_soma: 100
td_E_kappa: 0.1563582344269629
td_E_topo: 0.5
td_I_kappa: 0.13382876654599368
td_I_topo: 0.5
td_weight: 0.08721234785767684
