EE_kappa: 0.07851279055018918
EE_topo: 0.14861987010845423
EE_topo_mod: 0.0
EI_kappa: 0.13516675842794101
EI_topo: 0.9978600947353238
EI_topo_mod: 0.0
E_bias_mean: 0.0
E_bias_std: 1.0e-12
IE_kappa: 0.1213282627165478
IE_topo: 0.6184070414609568
IE_topo_mod: 0.0
II_kappa: 0.1465230475749465
II_topo: 0.28648396501083306
II_topo_mod: 0.0
I_bias_mean: 0.0
I_bias_std: 1.0e-12
alpha_EE: 0.017947543531881903
alpha_EI: 0.018768109773944518
alpha_II: 0.2580164315092601
dt: 20
init_exc: 0.2
init_inh: 0.4
init_mod: 0.0
inp_E_kappa: 0.16987588057707498
inp_E_topo: 1.442266964633983
inp_I_kappa: 0.2088374178664933
inp_I_topo: 0.8895748233059086
input_weight: 0.1805217797261216
max_h_for_output: 999.0
mod_EE_weight: 0.0
mod_EI_weight: 0.0
mod_IE_weight: 0.0
mod_II_weight: 0.0
n_actions: 3
n_bottom_up: 65
n_cue_tuned: 2
n_exc: 2000
n_fix_tuned: 1
n_hidden: 2500
n_inh: 500
n_motion_tuned: 64
n_reward_levels: 3
n_top_down: 10
n_top_down_hidden: 64
noise_input_sd: 0.0
noise_rnn_sd: 0.05
nonlinear_top_down: false
rnn_weight: 0.1616743578618487
tc_modulator: 90.09401341705664
tc_soma: 100
td_E_kappa: 0.059428857491837954
td_E_topo: 0.6281632948251352
td_I_kappa: 0.11422053597986076
td_I_topo: 1.9529456922721176
td_weight: 0.08721234785767684
