EE_kappa: 0.08143799142475358
EE_topo: 0.18624191307521576
EE_topo_mod: 2.6294196729603046e-13
EI_kappa: 0.2076563986770783
EI_topo: 0.6210708194966916
EI_topo_mod: 2.424230302309701e-13
E_bias_mean: 0.0
E_bias_std: 1.0e-12
IE_kappa: 0.10198205794625032
IE_topo: 1.4785817558334955
IE_topo_mod: 3.448208408302459e-13
II_kappa: 0.20754966467924452
II_topo: 1.5698258970854913
II_topo_mod: 9.43272392027568e-13
I_bias_mean: 0.0
I_bias_std: 1.0e-12
alpha_EE: 0.09578503205269744
alpha_EI: 0.14244756068761502
alpha_II: 0.08902624812611694
dt: 20
init_exc: 0.2
init_inh: 0.4
init_mod: 0.1
inp_E_kappa: 0.24316895130715693
inp_E_topo: 1.913668329331132
inp_I_kappa: 0.09776839285852433
inp_I_topo: 0.053952742148620336
input_weight: 0.08900495160055746
max_h_for_output: 999.0
mod_EE_weight: 1.1538761977465704
mod_EI_weight: 1.9626477690872395
mod_IE_weight: 1.2639024310827096
mod_II_weight: 0.005131151933334577
n_actions: 3
n_bottom_up: 67
n_cue_tuned: 2
n_exc: 2000
n_fix_tuned: 1
n_hidden: 2500
n_inh: 500
n_motion_tuned: 64
n_reward_levels: 3
n_top_down: 10
n_top_down_hidden: 64
noise_input_sd: 0.0
noise_rnn_sd: 0.05
nonlinear_top_down: false
restrict_output_to_exc: false
rnn_weight: 0.19542522577640392
tc_modulator: 23.92523935396425
tc_soma: 100
td_E_kappa: 0.14799431957810105
td_E_topo: 1.3654107736349959
td_I_kappa: 0.17592163558431734
td_I_topo: 0.9477948724228991
td_weight: 0.08721234785767684
