EE_kappa: 0.06755507490950537
EE_topo: 1.3170438023879278
EE_topo_mod: 1.0909079924550247e-13
EI_kappa: 0.24072989978157938
EI_topo: 0.021437745727059365
EI_topo_mod: 6.041848040854013e-13
E_bias_mean: 0.0
E_bias_std: 1.0e-12
IE_kappa: 0.10922274703931734
IE_topo: 0.8071199195418548
IE_topo_mod: 7.784474166691635e-13
II_kappa: 0.11551706426913125
II_topo: 0.050129504882590714
II_topo_mod: 4.793138065267981e-13
I_bias_mean: 0.0
I_bias_std: 1.0e-12
alpha_EE: 0.007165926020739765
alpha_EI: 0.016816035772724936
alpha_II: 0.26164725099051755
dt: 20
init_exc: 0.2
init_inh: 0.4
init_mod: 0.1
inp_E_kappa: 0.2259591292688678
inp_E_topo: 0.8971759683714149
inp_I_kappa: 0.18007269198264386
inp_I_topo: 1.0000283621303798
input_weight: 0.12094901900304793
max_h_for_output: 999.0
mod_EE_weight: 0.7321530508087832
mod_EI_weight: 0.9149007963754725
mod_IE_weight: 0.07601415374273768
mod_II_weight: 0.8018722907194724
n_actions: 3
n_bottom_up: 67
n_cue_tuned: 2
n_exc: 2000
n_fix_tuned: 1
n_hidden: 2500
n_inh: 500
n_motion_tuned: 64
n_reward_levels: 3
n_top_down: 10
n_top_down_hidden: 64
noise_input_sd: 0.0
noise_rnn_sd: 0.05
nonlinear_top_down: false
restrict_output_to_exc: false
rnn_weight: 0.17977465484969057
tc_modulator: 68.63811111378413
tc_soma: 100
td_E_kappa: 0.19607899514086857
td_E_topo: 1.5990370594791035
td_I_kappa: 0.10831475812224836
td_I_topo: 0.3945676600060106
td_weight: 0.08721234785767684
