EE_kappa: 0.058683682452692426
EE_topo: 1.5660223934883026
EE_topo_mod: 7.181995421411454e-13
EI_kappa: 0.10074480132236963
EI_topo: 1.5491153144286285
EI_topo_mod: 6.035476512252269e-14
E_bias_mean: 0.0
E_bias_std: 1.0e-12
IE_kappa: 0.2333038450139206
IE_topo: 1.7594291839720795
IE_topo_mod: 6.452779167055937e-13
II_kappa: 0.22343001919107003
II_topo: 1.1661875161035236
II_topo_mod: 2.373498827742765e-13
I_bias_mean: 0.0
I_bias_std: 1.0e-12
alpha_EE: 0.17144077886210257
alpha_EI: 0.01587452901601497
alpha_II: 0.21235329996234778
dt: 20
init_exc: 0.2
init_inh: 0.4
init_mod: 0.1
inp_E_kappa: 0.20580655033273842
inp_E_topo: 1.4035952734208452
inp_I_kappa: 0.1587554274196631
inp_I_topo: 1.3682577358746377
input_weight: 0.06971489469122147
max_h_for_output: 999.0
mod_EE_weight: 1.727360953879215
mod_EI_weight: 0.6560712591493993
mod_IE_weight: 0.6288344308431619
mod_II_weight: 0.7696209793200066
n_actions: 3
n_bottom_up: 33
n_cue_tuned: 0
n_exc: 2000
n_fix_tuned: 1
n_hidden: 2500
n_inh: 500
n_motion_tuned: 32
n_reward_levels: 3
n_top_down: 6
n_top_down_hidden: 64
noise_input_sd: 0.0
noise_rnn_sd: 0.05
nonlinear_top_down: false
restrict_output_to_exc: false
rnn_weight: 0.10466945068507152
tc_modulator: 27.447192815762254
tc_soma: 100
td_E_kappa: 0.06410984834533982
td_E_topo: 0.09965422954476688
td_I_kappa: 0.0809102642067997
td_I_topo: 0.17315000522637858
td_weight: 0.08721234785767684
