EE_kappa: 0.08742705956487712
EE_topo: 0.8102532434909888
EE_topo_mod: 2.909732400843151e-13
EI_kappa: 0.11148541654245843
EI_topo: 1.6934890169824695
EI_topo_mod: 8.243446058470371e-13
E_bias_mean: 0.0
E_bias_std: 1.0e-12
IE_kappa: 0.16155873609839327
IE_topo: 1.2732398901974842
IE_topo_mod: 6.609616863140225e-13
II_kappa: 0.07839499451671417
II_topo: 0.6446866471169632
II_topo_mod: 9.950635525836922e-13
I_bias_mean: 0.0
I_bias_std: 1.0e-12
alpha_EE: 0.24508016013898576
alpha_EI: 0.06135209249031565
alpha_II: 0.03031007348402129
dt: 20
init_exc: 0.2
init_inh: 0.4
init_mod: 0.1
inp_E_kappa: 0.1849986568788895
inp_E_topo: 0.381293252914493
inp_I_kappa: 0.22206338943621845
inp_I_topo: 0.891291008354842
input_weight: 0.13739387760599095
max_h_for_output: 999.0
mod_EE_weight: 1.0112305937640527
mod_EI_weight: 0.011265265518527245
mod_IE_weight: 0.6881962452048822
mod_II_weight: 0.40875472841425164
n_actions: 3
n_bottom_up: 67
n_cue_tuned: 2
n_exc: 2000
n_fix_tuned: 1
n_hidden: 2500
n_inh: 500
n_motion_tuned: 64
n_reward_levels: 3
n_top_down: 10
n_top_down_hidden: 64
noise_input_sd: 0.0
noise_rnn_sd: 0.05
nonlinear_top_down: false
restrict_output_to_exc: false
rnn_weight: 0.1902207066494606
tc_modulator: 23.392875382861522
tc_soma: 100
td_E_kappa: 0.24034867266686144
td_E_topo: 1.28205313325073
td_I_kappa: 0.17505032389763264
td_I_topo: 1.6959709079763046
td_weight: 0.08721234785767684
