EE_kappa: 0.073345546455148
EE_topo: 0.11027038408859102
EE_topo_mod: 4.1143515451677146e-13
EI_kappa: 0.19652566048459058
EI_topo: 1.4293664326747433
EI_topo_mod: 7.247221537221935e-13
E_bias_mean: 0.0
E_bias_std: 1.0e-12
IE_kappa: 0.1324072189563762
IE_topo: 1.0453895545787115
IE_topo_mod: 1.4434359914421368e-13
II_kappa: 0.22196211414120376
II_topo: 1.3801857681603564
II_topo_mod: 5.942862970645802e-13
I_bias_mean: 0.0
I_bias_std: 1.0e-12
alpha_EE: 0.2941529443526449
alpha_EI: 0.16666185141583748
alpha_II: 0.25041830920849417
dt: 20
init_exc: 0.2
init_inh: 0.4
init_mod: 0.1
inp_E_kappa: 0.16070010816566416
inp_E_topo: 0.6373227281721481
inp_I_kappa: 0.10224146330355402
inp_I_topo: 0.898755415118677
input_weight: 0.10008153490198708
max_h_for_output: 999.0
mod_EE_weight: 0.4559826558814446
mod_EI_weight: 1.2531894890878694
mod_IE_weight: 0.8415074287994071
mod_II_weight: 0.5415667276444811
n_actions: 3
n_bottom_up: 33
n_cue_tuned: 0
n_exc: 2000
n_fix_tuned: 1
n_hidden: 2500
n_inh: 500
n_motion_tuned: 32
n_reward_levels: 3
n_top_down: 6
n_top_down_hidden: 64
noise_input_sd: 0.0
noise_rnn_sd: 0.05
nonlinear_top_down: false
restrict_output_to_exc: false
rnn_weight: 0.19464208418259554
tc_modulator: 36.851173254266655
tc_soma: 100
td_E_kappa: 0.17338496052556163
td_E_topo: 0.5361336868484996
td_I_kappa: 0.19581245265749975
td_I_topo: 0.7731155695496021
td_weight: 0.08721234785767684
