EE_kappa: 0.08793384845466262
EE_topo: 0.38405360127185184
EE_topo_mod: 7.601836075092039e-13
EI_kappa: 0.11939615792786161
EI_topo: 1.2842310368300136
EI_topo_mod: 9.831079802344963e-13
E_bias_mean: 0.0
E_bias_std: 1.0e-12
IE_kappa: 0.18106195332219538
IE_topo: 0.5036773118165818
IE_topo_mod: 4.921279440430237e-13
II_kappa: 0.2297657653957475
II_topo: 1.5753795818947605
II_topo_mod: 8.067984468476497e-13
I_bias_mean: 0.0
I_bias_std: 1.0e-12
alpha_EE: 0.05556118181228764
alpha_EI: 0.2152419348865691
alpha_II: 0.2503219004064118
dt: 20
init_exc: 0.2
init_inh: 0.4
init_mod: 0.1
inp_E_kappa: 0.20960396932877745
inp_E_topo: 1.2098062643109935
inp_I_kappa: 0.06154178700561355
inp_I_topo: 1.1436885728844526
input_weight: 0.14652919815720797
max_h_for_output: 999.0
mod_EE_weight: 1.9648353637101856
mod_EI_weight: 0.8774487350684717
mod_IE_weight: 0.7915797550022963
mod_II_weight: 0.11964158768974054
n_actions: 3
n_bottom_up: 33
n_cue_tuned: 0
n_exc: 2000
n_fix_tuned: 1
n_hidden: 2500
n_inh: 500
n_motion_tuned: 32
n_reward_levels: 3
n_top_down: 6
n_top_down_hidden: 64
noise_input_sd: 0.0
noise_rnn_sd: 0.05
nonlinear_top_down: false
restrict_output_to_exc: false
rnn_weight: 0.14039157033071728
tc_modulator: 30.681460548125898
tc_soma: 100
td_E_kappa: 0.2418567788185001
td_E_topo: 0.939124375262161
td_I_kappa: 0.0606418150139054
td_I_topo: 0.8497759212156764
td_weight: 0.08721234785767684
