EE_kappa: 0.07445500159159338
EE_topo: 1.055615308657517
EE_topo_mod: 0.0033787546586899666
EI_kappa: 0.2261893888102377
EI_topo: 1.717893393966236
EI_topo_mod: 0.0054644778777354535
E_bias_mean: 0.0
E_bias_std: 1.0e-12
IE_kappa: 0.1970464174568784
IE_topo: 0.21712228190367644
IE_topo_mod: 0.00879801806430783
II_kappa: 0.23895204665989817
II_topo: 0.551432308560569
II_topo_mod: 0.008458281380910202
I_bias_mean: 0.0
I_bias_std: 1.0e-12
alpha_EE: 0.13912707572954872
alpha_EI: 0.030738053287023323
alpha_II: 0.18787371467859315
dt: 20
init_exc: 0.2
init_inh: 0.4
init_mod: 0.1
inp_E_kappa: 0.21350485651586132
inp_E_topo: 1.594253544216976
inp_I_kappa: 0.24472261087768782
inp_I_topo: 1.7928693369349729
input_weight: 0.1771108522855811
max_h_for_output: 999.0
mod_EE_weight: 1.7485980590119234
mod_EI_weight: 0.957759133815383
mod_IE_weight: 0.9787418811851767
mod_II_weight: 0.6419352178396407
n_actions: 3
n_bottom_up: 67
n_cue_tuned: 2
n_exc: 2000
n_fix_tuned: 1
n_hidden: 2500
n_inh: 500
n_motion_tuned: 64
n_reward_levels: 3
n_top_down: 10
n_top_down_hidden: 64
noise_input_sd: 0.0
noise_rnn_sd: 0.05
nonlinear_top_down: false
restrict_output_to_exc: false
rnn_weight: 0.18491913726076814
tc_modulator: 53.493907292741696
tc_soma: 100
td_E_kappa: 0.1757087544117485
td_E_topo: 1.956123301131977
td_I_kappa: 0.06772121904278378
td_I_topo: 1.4611260826302808
td_weight: 0.08721234785767684
