EE_kappa: 0.1091437894456766
EE_topo: 0.832375694108727
EE_topo_mod: 6.535715754374931e-13
EI_kappa: 0.09694958477816296
EI_topo: 0.22143569860605705
EI_topo_mod: 9.861519188486614e-13
E_bias_mean: 0.0
E_bias_std: 1.0e-12
IE_kappa: 0.2264610011121666
IE_topo: 0.3477857133172684
IE_topo_mod: 3.3764924831460597e-13
II_kappa: 0.11349379068692818
II_topo: 1.3931505573155116
II_topo_mod: 7.50332827458906e-13
I_bias_mean: 0.0
I_bias_std: 1.0e-12
alpha_EE: 0.18326396722863011
alpha_EI: 0.21253955463188068
alpha_II: 0.20222553420481276
dt: 20
init_exc: 0.2
init_inh: 0.4
init_mod: 0.1
inp_E_kappa: 0.12407028271886296
inp_E_topo: 1.1181043776414599
inp_I_kappa: 0.14898039946725622
inp_I_topo: 0.4045180891425795
input_weight: 0.14445870061082153
max_h_for_output: 999.0
mod_EE_weight: 1.1675242533027783
mod_EI_weight: 1.7533631181260259
mod_IE_weight: 1.4668850257758863
mod_II_weight: 0.4594399208294426
n_actions: 3
n_bottom_up: 33
n_cue_tuned: 0
n_exc: 2000
n_fix_tuned: 1
n_hidden: 2500
n_inh: 500
n_motion_tuned: 32
n_reward_levels: 3
n_top_down: 6
n_top_down_hidden: 64
noise_input_sd: 0.0
noise_rnn_sd: 0.05
nonlinear_top_down: false
restrict_output_to_exc: false
rnn_weight: 0.17033999010867557
tc_modulator: 80.58483627540443
tc_soma: 100
td_E_kappa: 0.07754428678252681
td_E_topo: 1.4622187153542938
td_I_kappa: 0.2089859225263015
td_I_topo: 0.9189620179691729
td_weight: 0.08721234785767684
