EE_kappa: 0.10674002051137013
EE_topo: 0.13360022286575313
EE_topo_mod: 2.975707047230888e-13
EI_kappa: 0.1183914218360272
EI_topo: 0.8980944206691104
EI_topo_mod: 3.523245784923318e-13
E_bias_mean: 0.0
E_bias_std: 1.0e-12
IE_kappa: 0.23051449567814603
IE_topo: 0.7891946405916823
IE_topo_mod: 6.454120136554623e-13
II_kappa: 0.17747885069136277
II_topo: 0.4457875733023775
II_topo_mod: 5.065522979136866e-13
I_bias_mean: 0.0
I_bias_std: 1.0e-12
alpha_EE: 0.25453163878085977
alpha_EI: 0.0067481631314552535
alpha_II: 0.021306251542059805
dt: 20
init_exc: 0.2
init_inh: 0.4
init_mod: 0.1
inp_E_kappa: 0.1525340786952555
inp_E_topo: 0.5823760329422998
inp_I_kappa: 0.18526226878882762
inp_I_topo: 1.2761252879652087
input_weight: 0.19705771591679389
max_h_for_output: 999.0
mod_EE_weight: 1.1868463942789114
mod_EI_weight: 1.767112723542872
mod_IE_weight: 1.6286673913645109
mod_II_weight: 1.6950474035639351
n_actions: 3
n_bottom_up: 67
n_cue_tuned: 2
n_exc: 2000
n_fix_tuned: 1
n_hidden: 2500
n_inh: 500
n_motion_tuned: 64
n_reward_levels: 3
n_top_down: 10
n_top_down_hidden: 64
noise_input_sd: 0.0
noise_rnn_sd: 0.05
nonlinear_top_down: false
restrict_output_to_exc: false
rnn_weight: 0.18790559267124446
tc_modulator: 31.72398264964307
tc_soma: 100
td_E_kappa: 0.19606888168906733
td_E_topo: 1.0611443841715258
td_I_kappa: 0.17262360482326883
td_I_topo: 1.174433591464889
td_weight: 0.08721234785767684
