EE_kappa: 0.1002298746445953
EE_topo: 1.1393826122897304
EE_topo_mod: 0.009570741024648513
EI_kappa: 0.1007899926682344
EI_topo: 1.8665638627782766
EI_topo_mod: 0.007652331627476082
E_bias_mean: 0.0
E_bias_std: 1.0e-12
IE_kappa: 0.22935835385623204
IE_topo: 1.0005675485711614
IE_topo_mod: 0.008614680504587637
II_kappa: 0.14366349247706123
II_topo: 1.2811329968299785
II_topo_mod: 0.0062428842020468
I_bias_mean: 0.0
I_bias_std: 1.0e-12
alpha_EE: 0.04441904849836702
alpha_EI: 0.06713525394963561
alpha_II: 0.1352381462921681
dt: 20
init_exc: 0.2
init_inh: 0.4
init_mod: 0.1
inp_E_kappa: 0.241370685495145
inp_E_topo: 1.1937872966195489
inp_I_kappa: 0.051332011129687286
inp_I_topo: 0.42068856345431827
input_weight: 0.1468373942304037
max_h_for_output: 999.0
mod_EE_weight: 1.4735047971513253
mod_EI_weight: 0.3995198928383117
mod_IE_weight: 0.28413228122618195
mod_II_weight: 0.1595106660388086
n_actions: 3
n_bottom_up: 67
n_cue_tuned: 2
n_exc: 2000
n_fix_tuned: 1
n_hidden: 2500
n_inh: 500
n_motion_tuned: 64
n_reward_levels: 3
n_top_down: 10
n_top_down_hidden: 64
noise_input_sd: 0.0
noise_rnn_sd: 0.05
nonlinear_top_down: false
restrict_output_to_exc: false
rnn_weight: 0.16166388708901053
tc_modulator: 36.31541854185065
tc_soma: 100
td_E_kappa: 0.1572627512011806
td_E_topo: 0.018194944782575995
td_I_kappa: 0.0788835562976361
td_I_topo: 0.6668131922906071
td_weight: 0.08721234785767684
