EE_kappa: 0.08259080796620899
EE_topo: 0.8282473505395571
EE_topo_mod: 4.665943097354761e-13
EI_kappa: 0.15045322165534372
EI_topo: 0.5871310929411662
EI_topo_mod: 5.09490701867504e-13
E_bias_mean: 0.0
E_bias_std: 1.0e-12
IE_kappa: 0.18350731000594217
IE_topo: 1.6252230639115237
IE_topo_mod: 3.423542279149734e-13
II_kappa: 0.1591051044258145
II_topo: 1.003896864188254
II_topo_mod: 9.070816874362082e-13
I_bias_mean: 0.0
I_bias_std: 1.0e-12
alpha_EE: 0.06607185844573206
alpha_EI: 0.036441510142779576
alpha_II: 0.0018815261060524224
dt: 20
init_exc: 0.2
init_inh: 0.4
init_mod: 0.1
inp_E_kappa: 0.2178688906362295
inp_E_topo: 1.393107731667213
inp_I_kappa: 0.22408329368209767
inp_I_topo: 0.5065724125320255
input_weight: 0.1014071011800903
max_h_for_output: 999.0
mod_EE_weight: 0.36601964914316554
mod_EI_weight: 1.5023619874795944
mod_IE_weight: 1.3434368270768557
mod_II_weight: 1.2786308778433106
n_actions: 3
n_bottom_up: 33
n_cue_tuned: 0
n_exc: 2000
n_fix_tuned: 1
n_hidden: 2500
n_inh: 500
n_motion_tuned: 32
n_reward_levels: 3
n_top_down: 6
n_top_down_hidden: 64
noise_input_sd: 0.0
noise_rnn_sd: 0.05
nonlinear_top_down: false
restrict_output_to_exc: false
rnn_weight: 0.16162594893685422
tc_modulator: 64.16626037170641
tc_soma: 100
td_E_kappa: 0.12703110883927354
td_E_topo: 1.8266995503191235
td_I_kappa: 0.14221919063835087
td_I_topo: 0.827339640334535
td_weight: 0.08721234785767684
