EE_kappa: 0.05657086867405159
EE_topo: 0.6956806690706594
EE_topo_mod: 2.422297821621303e-13
EI_kappa: 0.13953390946276173
EI_topo: 1.1230433041170351
EI_topo_mod: 9.063682873376856e-13
E_bias_mean: 0.0
E_bias_std: 1.0e-12
IE_kappa: 0.053231053389052096
IE_topo: 1.1602062444353491
IE_topo_mod: 2.8062092884617583e-13
II_kappa: 0.08894649403481834
II_topo: 1.883782106347576
II_topo_mod: 5.799486586607983e-13
I_bias_mean: 0.0
I_bias_std: 1.0e-12
alpha_EE: 0.2911011216586614
alpha_EI: 0.10368066803240857
alpha_II: 0.18842991122305602
dt: 20
init_exc: 0.2
init_inh: 0.4
init_mod: 0.1
inp_E_kappa: 0.1604022610190764
inp_E_topo: 1.2597505919525134
inp_I_kappa: 0.19257345388222102
inp_I_topo: 0.9567616524031162
input_weight: 0.14061092155009597
max_h_for_output: 999.0
mod_EE_weight: 1.54986884176375
mod_EI_weight: 1.315284421444328
mod_IE_weight: 0.5692406080631929
mod_II_weight: 1.3699324164498288
n_actions: 3
n_bottom_up: 33
n_cue_tuned: 0
n_exc: 2000
n_fix_tuned: 1
n_hidden: 2500
n_inh: 500
n_motion_tuned: 32
n_reward_levels: 3
n_top_down: 6
n_top_down_hidden: 64
noise_input_sd: 0.0
noise_rnn_sd: 0.05
nonlinear_top_down: false
rnn_weight: 0.19643258194209506
tc_modulator: 68.92740065210897
tc_soma: 100
td_E_kappa: 0.1563582344269629
td_E_topo: 0.5
td_I_kappa: 0.13382876654599368
td_I_topo: 0.5
td_weight: 0.08721234785767684
