EE_kappa: 0.06530642749583349
EE_topo: 0.6782215936494633
EE_topo_mod: 6.456637671541845e-13
EI_kappa: 0.14874198570408942
EI_topo: 0.06206313750460568
EI_topo_mod: 2.8413721159809323e-13
E_bias_mean: 0.0
E_bias_std: 1.0e-12
IE_kappa: 0.17054877451914024
IE_topo: 0.22688569167586414
IE_topo_mod: 9.725551721833822e-13
II_kappa: 0.20883758306273675
II_topo: 0.8295041207240441
II_topo_mod: 5.427474779756325e-14
I_bias_mean: 0.0
I_bias_std: 1.0e-12
alpha_EE: 0.27238610258876167
alpha_EI: 0.10403500670172634
alpha_II: 0.13125005928919223
dt: 20
init_exc: 0.2
init_inh: 0.4
init_mod: 0.1
inp_E_kappa: 0.22114141872976434
inp_E_topo: 0.9181794555353551
inp_I_kappa: 0.13743415470837275
inp_I_topo: 0.3489491120704822
input_weight: 0.07899090776630129
max_h_for_output: 999.0
mod_EE_weight: 1.5057107122278717
mod_EI_weight: 0.15808882324462004
mod_IE_weight: 0.13431968893227064
mod_II_weight: 1.431912101777252
n_actions: 3
n_bottom_up: 65
n_cue_tuned: 2
n_exc: 2000
n_fix_tuned: 1
n_hidden: 2500
n_inh: 500
n_motion_tuned: 64
n_reward_levels: 3
n_top_down: 10
n_top_down_hidden: 64
noise_input_sd: 0.0
noise_rnn_sd: 0.05
nonlinear_top_down: false
rnn_weight: 0.16277253249834517
tc_modulator: 25.360892653751392
tc_soma: 100
td_E_kappa: 0.11235327251819466
td_E_topo: 1.5368370176155455
td_I_kappa: 0.13390480534227772
td_I_topo: 0.02071219503507793
td_weight: 0.08721234785767684
