EE_kappa: 0.0723107128306964
EE_topo: 0.33752834792436937
EE_topo_mod: 3.6327554808236517e-13
EI_kappa: 0.08225593394153755
EI_topo: 0.4720136912739732
EI_topo_mod: 9.18560649889738e-14
E_bias_mean: 0.0
E_bias_std: 1.0e-12
IE_kappa: 0.12311402586363634
IE_topo: 0.3317205243375201
IE_topo_mod: 6.125720756993557e-13
II_kappa: 0.1185055882975149
II_topo: 1.1275275485644671
II_topo_mod: 7.320995073413366e-13
I_bias_mean: 0.0
I_bias_std: 1.0e-12
alpha_EE: 0.10081477083469978
alpha_EI: 0.15048977261180677
alpha_II: 0.21202439951582017
dt: 20
init_exc: 0.2
init_inh: 0.4
init_mod: 0.1
inp_E_kappa: 0.15925017252585044
inp_E_topo: 1.8527128233688641
inp_I_kappa: 0.15635068977510724
inp_I_topo: 0.5092158909718087
input_weight: 0.15827581694399695
max_h_for_output: 999.0
mod_EE_weight: 1.794696573338939
mod_EI_weight: 0.5856428087633163
mod_IE_weight: 0.5115884296042348
mod_II_weight: 0.8583535565727773
n_actions: 3
n_bottom_up: 33
n_cue_tuned: 0
n_exc: 2000
n_fix_tuned: 1
n_hidden: 2500
n_inh: 500
n_motion_tuned: 32
n_reward_levels: 3
n_top_down: 6
n_top_down_hidden: 64
noise_input_sd: 0.0
noise_rnn_sd: 0.05
nonlinear_top_down: false
restrict_output_to_exc: false
rnn_weight: 0.18265267512993083
tc_modulator: 30.70173050324361
tc_soma: 100
td_E_kappa: 0.13273141562595014
td_E_topo: 0.6443266325029564
td_I_kappa: 0.08177846917905018
td_I_topo: 1.3084160236403606
td_weight: 0.08721234785767684
