EE_kappa: 0.1533838536298513
EE_topo: 1.6415806771131023
EE_topo_mod: 8.750777270305399e-13
EI_kappa: 0.23412393154950334
EI_topo: 1.0942339233472511
EI_topo_mod: 4.586339353251408e-13
E_bias_mean: 0.0
E_bias_std: 1.0e-12
IE_kappa: 0.2440478687769096
IE_topo: 1.635840449233701
IE_topo_mod: 7.475896497386788e-13
II_kappa: 0.22905942918002392
II_topo: 0.43176824323880925
II_topo_mod: 8.461743471276727e-14
I_bias_mean: 0.0
I_bias_std: 1.0e-12
alpha_EE: 0.14624637542616784
alpha_EI: 0.018052239133566073
alpha_II: 0.03676064309200809
dt: 20
init_exc: 0.2
init_inh: 0.4
init_mod: 0.1
inp_E_kappa: 0.11660558639024812
inp_E_topo: 1.2694997290015388
inp_I_kappa: 0.17374827818804
inp_I_topo: 1.8980940957201715
input_weight: 0.18040195003562298
max_h_for_output: 999.0
mod_EE_weight: 0.12275357803940756
mod_EI_weight: 1.965972030841666
mod_IE_weight: 1.623544274497687
mod_II_weight: 0.1379491591116131
n_actions: 3
n_bottom_up: 33
n_cue_tuned: 0
n_exc: 2000
n_fix_tuned: 1
n_hidden: 2500
n_inh: 500
n_motion_tuned: 32
n_reward_levels: 3
n_top_down: 6
n_top_down_hidden: 64
noise_input_sd: 0.0
noise_rnn_sd: 0.05
nonlinear_top_down: false
restrict_output_to_exc: false
rnn_weight: 0.11143533380197376
tc_modulator: 91.14109602124313
tc_soma: 100
td_E_kappa: 0.20361402817113344
td_E_topo: 1.288944240496153
td_I_kappa: 0.15353598249939904
td_I_topo: 0.18616557973895254
td_weight: 0.08721234785767684
