EE_kappa: 0.06758136460922622
EE_topo: 1.6030143562474322
EE_topo_mod: 1.5337532083207027e-13
EI_kappa: 0.22911442514066227
EI_topo: 1.7550138234121528
EI_topo_mod: 5.456545509958611e-13
E_bias_mean: 0.0
E_bias_std: 1.0e-12
IE_kappa: 0.19649013551479605
IE_topo: 1.3620163961985026
IE_topo_mod: 9.947104826415795e-13
II_kappa: 0.1581303838426911
II_topo: 1.0170274156248962
II_topo_mod: 6.074044562725746e-13
I_bias_mean: 0.0
I_bias_std: 1.0e-12
alpha_EE: 0.2649774869925829
alpha_EI: 0.019952419644960327
alpha_II: 0.2746215517113184
dt: 20
init_exc: 0.2
init_inh: 0.4
init_mod: 0.1
inp_E_kappa: 0.18373129888842882
inp_E_topo: 0.879642670910445
inp_I_kappa: 0.12347670432494601
inp_I_topo: 1.688078343556391
input_weight: 0.14641928219709244
max_h_for_output: 999.0
mod_EE_weight: 0.30083512290013936
mod_EI_weight: 0.23361662030082986
mod_IE_weight: 0.8405515208646548
mod_II_weight: 0.6635512593163873
n_actions: 3
n_bottom_up: 33
n_cue_tuned: 0
n_exc: 2000
n_fix_tuned: 1
n_hidden: 2500
n_inh: 500
n_motion_tuned: 32
n_reward_levels: 3
n_top_down: 6
n_top_down_hidden: 64
noise_input_sd: 0.0
noise_rnn_sd: 0.05
nonlinear_top_down: false
restrict_output_to_exc: false
rnn_weight: 0.17600223443893187
tc_modulator: 93.6593416337663
tc_soma: 100
td_E_kappa: 0.2017052659782349
td_E_topo: 1.672864412713925
td_I_kappa: 0.16231898810685202
td_I_topo: 0.6998527162057044
td_weight: 0.08721234785767684
