EE_kappa: 0.08988942898735997
EE_topo: 1.010896503474126
EE_topo_mod: 0.0
EI_kappa: 0.2234837444151389
EI_topo: 1.9264945101130948
EI_topo_mod: 0.0
E_bias_mean: 0.0
E_bias_std: 1.0e-12
IE_kappa: 0.15892749548911148
IE_topo: 0.37411019507091403
IE_topo_mod: 0.0
II_kappa: 0.23636871521071523
II_topo: 0.044142252425153794
II_topo_mod: 0.0
I_bias_mean: 0.0
I_bias_std: 1.0e-12
alpha_EE: 0.06170281343748348
alpha_EI: 0.2066825867990053
alpha_II: 0.03964926974106797
dt: 20
init_exc: 0.2
init_inh: 0.4
init_mod: 0.0
inp_E_kappa: 0.2388486881805577
inp_E_topo: 0.9256869960450251
inp_I_kappa: 0.2226780012089093
inp_I_topo: 0.5043228657334655
input_weight: 0.11179856937888952
max_h_for_output: 999.0
mod_EE_weight: 0.0
mod_EI_weight: 0.0
mod_IE_weight: 0.0
mod_II_weight: 0.0
n_actions: 3
n_bottom_up: 65
n_cue_tuned: 2
n_exc: 2000
n_fix_tuned: 1
n_hidden: 2500
n_inh: 500
n_motion_tuned: 64
n_reward_levels: 3
n_top_down: 10
n_top_down_hidden: 64
noise_input_sd: 0.0
noise_rnn_sd: 0.05
nonlinear_top_down: false
rnn_weight: 0.1643392445331372
tc_modulator: 84.61101219769218
tc_soma: 100
td_E_kappa: 0.07579883609049785
td_E_topo: 1.075552336934442
td_I_kappa: 0.13923999344811622
td_I_topo: 1.9870549325087514
td_weight: 0.08721234785767684
