EE_kappa: 0.07926670050222868
EE_topo: 0.3379205917842747
EE_topo_mod: 0.0034228731351672627
EI_kappa: 0.18296179862766876
EI_topo: 1.5140483797114521
EI_topo_mod: 0.007971545805819567
E_bias_mean: 0.0
E_bias_std: 1.0e-12
IE_kappa: 0.08849356433802472
IE_topo: 1.4058460409969626
IE_topo_mod: 0.005771431715468143
II_kappa: 0.1576047042152715
II_topo: 1.7901004843683432
II_topo_mod: 0.009207614285520263
I_bias_mean: 0.0
I_bias_std: 1.0e-12
alpha_EE: 0.2007059190554274
alpha_EI: 0.17308125523566306
alpha_II: 0.13276157724362506
dt: 20
init_exc: 0.2
init_inh: 0.4
init_mod: 0.1
inp_E_kappa: 0.15627458109959347
inp_E_topo: 0.28878389699612406
inp_I_kappa: 0.2084887443154892
inp_I_topo: 0.42636079932977755
input_weight: 0.14834815152535635
max_h_for_output: 999.0
mod_EE_weight: 0.5099911494502447
mod_EI_weight: 0.5850598920809185
mod_IE_weight: 1.768396434043313
mod_II_weight: 1.730395434645405
n_actions: 3
n_bottom_up: 67
n_cue_tuned: 2
n_exc: 2000
n_fix_tuned: 1
n_hidden: 2500
n_inh: 500
n_motion_tuned: 64
n_reward_levels: 3
n_top_down: 10
n_top_down_hidden: 64
noise_input_sd: 0.0
noise_rnn_sd: 0.05
nonlinear_top_down: false
restrict_output_to_exc: false
rnn_weight: 0.18233263931704957
tc_modulator: 33.393833913761284
tc_soma: 100
td_E_kappa: 0.11299707618283111
td_E_topo: 0.1701441831751005
td_I_kappa: 0.17799335760259322
td_I_topo: 1.6900993464248963
td_weight: 0.08721234785767684
