EE_kappa: 0.053591438492280034
EE_topo: 1.6388998679841487
EE_topo_mod: 2.1096256546427994e-13
EI_kappa: 0.10993018266711399
EI_topo: 1.2594148323858907
EI_topo_mod: 3.2548818563277525e-13
E_bias_mean: 0.0
E_bias_std: 1.0e-12
IE_kappa: 0.21488399405795
IE_topo: 1.13509780824123
IE_topo_mod: 5.193893674127879e-13
II_kappa: 0.18619045599675083
II_topo: 1.4875643907198808
II_topo_mod: 3.884618149265847e-13
I_bias_mean: 0.0
I_bias_std: 1.0e-12
alpha_EE: 0.18419284107369316
alpha_EI: 0.01866165910643894
alpha_II: 0.17973070162803972
dt: 20
init_exc: 0.2
init_inh: 0.4
init_mod: 0.1
inp_E_kappa: 0.17963206256504471
inp_E_topo: 1.1679075150298726
inp_I_kappa: 0.21026063962365488
inp_I_topo: 1.1334099292567918
input_weight: 0.11131311816616044
max_h_for_output: 999.0
mod_EE_weight: 0.6741833923395386
mod_EI_weight: 0.777182254598618
mod_IE_weight: 0.035847148015450525
mod_II_weight: 0.00930446566199028
n_actions: 3
n_bottom_up: 33
n_cue_tuned: 0
n_exc: 2000
n_fix_tuned: 1
n_hidden: 2500
n_inh: 500
n_motion_tuned: 32
n_reward_levels: 3
n_top_down: 6
n_top_down_hidden: 64
noise_input_sd: 0.0
noise_rnn_sd: 0.05
nonlinear_top_down: false
restrict_output_to_exc: false
rnn_weight: 0.11519169121893684
tc_modulator: 77.71898920910282
tc_soma: 100
td_E_kappa: 0.0874811028424773
td_E_topo: 1.47454161789063
td_I_kappa: 0.05326848777545681
td_I_topo: 1.7133515038815532
td_weight: 0.08721234785767684
