EE_kappa: 0.06885107851266835
EE_topo: 1.6605824710091925
EE_topo_mod: 8.274630318081584e-13
EI_kappa: 0.11576883876221432
EI_topo: 1.0063624589891844
EI_topo_mod: 2.9668578113130903e-13
E_bias_mean: 0.0
E_bias_std: 1.0e-12
IE_kappa: 0.10637313594710376
IE_topo: 1.6687744060228886
IE_topo_mod: 9.669436439891259e-13
II_kappa: 0.12888224182327934
II_topo: 0.5652797368265332
II_topo_mod: 2.784418901335839e-13
I_bias_mean: 0.0
I_bias_std: 1.0e-12
alpha_EE: 0.16320951780720547
alpha_EI: 0.15144056474261733
alpha_II: 0.043804993672968306
dt: 20
init_exc: 0.2
init_inh: 0.4
init_mod: 0.1
inp_E_kappa: 0.24140095291247016
inp_E_topo: 1.297967828736362
inp_I_kappa: 0.15433944987317344
inp_I_topo: 0.23906558546965329
input_weight: 0.14015736687390742
max_h_for_output: 999.0
mod_EE_weight: 1.361294672630862
mod_EI_weight: 1.1812131018646024
mod_IE_weight: 0.7606163071925327
mod_II_weight: 0.21395909790750411
n_actions: 3
n_bottom_up: 33
n_cue_tuned: 0
n_exc: 2000
n_fix_tuned: 1
n_hidden: 2500
n_inh: 500
n_motion_tuned: 32
n_reward_levels: 3
n_top_down: 6
n_top_down_hidden: 64
noise_input_sd: 0.0
noise_rnn_sd: 0.05
nonlinear_top_down: false
restrict_output_to_exc: false
rnn_weight: 0.1063810646535472
tc_modulator: 29.450956299315187
tc_soma: 100
td_E_kappa: 0.08699854496052506
td_E_topo: 1.5628211153991363
td_I_kappa: 0.0685919633169696
td_I_topo: 0.15894520407923807
td_weight: 0.08721234785767684
