EE_kappa: 0.138753091741544
EE_topo: 0.5801561767717098
EE_topo_mod: 9.86068496228744e-13
EI_kappa: 0.1929456160084655
EI_topo: 0.3885034859809864
EI_topo_mod: 4.396749628141537e-13
E_bias_mean: 0.0
E_bias_std: 1.0e-12
IE_kappa: 0.21681024842465185
IE_topo: 0.23597183592466342
IE_topo_mod: 2.041858706184212e-13
II_kappa: 0.19021857949487236
II_topo: 1.957640547079561
II_topo_mod: 4.994133114071542e-13
I_bias_mean: 0.0
I_bias_std: 1.0e-12
alpha_EE: 0.19088886069043104
alpha_EI: 0.26285147694056393
alpha_II: 0.2492742779949202
dt: 20
init_exc: 0.2
init_inh: 0.4
init_mod: 0.1
inp_E_kappa: 0.22820262799608
inp_E_topo: 0.639386785784481
inp_I_kappa: 0.10878299275870117
inp_I_topo: 1.6524017727402218
input_weight: 0.1552172525894952
max_h_for_output: 999.0
mod_EE_weight: 1.7263714705946192
mod_EI_weight: 0.4699192429777017
mod_IE_weight: 1.0028906489902827
mod_II_weight: 1.119533745016848
n_actions: 3
n_bottom_up: 33
n_cue_tuned: 0
n_exc: 2000
n_fix_tuned: 1
n_hidden: 2500
n_inh: 500
n_motion_tuned: 32
n_reward_levels: 3
n_top_down: 6
n_top_down_hidden: 64
noise_input_sd: 0.0
noise_rnn_sd: 0.05
nonlinear_top_down: false
restrict_output_to_exc: false
rnn_weight: 0.14888538318604153
tc_modulator: 29.579749275307996
tc_soma: 100
td_E_kappa: 0.09046172848497241
td_E_topo: 1.0884812946287523
td_I_kappa: 0.11361965402383484
td_I_topo: 1.8117737938969556
td_weight: 0.08721234785767684
