EE_kappa: 0.05479004460812225
EE_topo: 0.11377429676580997
EE_topo_mod: 4.08283641211159e-14
EI_kappa: 0.20444962946305728
EI_topo: 0.2987327083021245
EI_topo_mod: 7.878992407068782e-13
E_bias_mean: 0.0
E_bias_std: 1.0e-12
IE_kappa: 0.09052458327543791
IE_topo: 0.48814677262514916
IE_topo_mod: 9.614868894041657e-13
II_kappa: 0.21871402283322988
II_topo: 0.4249992785272658
II_topo_mod: 5.390108381326707e-13
I_bias_mean: 0.0
I_bias_std: 1.0e-12
alpha_EE: 0.2288459020642932
alpha_EI: 0.05128991251627358
alpha_II: 0.08143788112986301
dt: 20
init_exc: 0.2
init_inh: 0.4
init_mod: 0.1
inp_E_kappa: 0.12422267375499496
inp_E_topo: 1.3018103051184087
inp_I_kappa: 0.09797084583877286
inp_I_topo: 1.0819612972722856
input_weight: 0.1243313894159842
max_h_for_output: 999.0
mod_EE_weight: 1.7074388861054373
mod_EI_weight: 1.9691010404396645
mod_IE_weight: 1.2402371211174126
mod_II_weight: 0.41464271345220305
n_actions: 3
n_bottom_up: 67
n_cue_tuned: 2
n_exc: 2000
n_fix_tuned: 1
n_hidden: 2500
n_inh: 500
n_motion_tuned: 64
n_reward_levels: 3
n_top_down: 10
n_top_down_hidden: 64
noise_input_sd: 0.0
noise_rnn_sd: 0.05
nonlinear_top_down: false
restrict_output_to_exc: false
rnn_weight: 0.164139553452439
tc_modulator: 70.27841286284031
tc_soma: 100
td_E_kappa: 0.15284192103551947
td_E_topo: 1.1740332837637169
td_I_kappa: 0.1328211235398053
td_I_topo: 0.03682936945663817
td_weight: 0.08721234785767684
