EE_kappa: 0.08034064002158044
EE_topo: 1.140192825141219
EE_topo_mod: 9.603066552344974e-14
EI_kappa: 0.18482820207346073
EI_topo: 0.7618980081211393
EI_topo_mod: 8.400686319943006e-13
E_bias_mean: 0.0
E_bias_std: 1.0e-12
IE_kappa: 0.16280514548758518
IE_topo: 0.13242083463993426
IE_topo_mod: 1.9157862058249487e-13
II_kappa: 0.20808329875066456
II_topo: 0.8466590914553835
II_topo_mod: 5.305572146371058e-13
I_bias_mean: 0.0
I_bias_std: 1.0e-12
alpha_EE: 0.194208843243338
alpha_EI: 0.255810213809612
alpha_II: 0.29719542422858064
dt: 20
init_exc: 0.2
init_inh: 0.4
init_mod: 0.1
inp_E_kappa: 0.23878189598770289
inp_E_topo: 1.3859811302715157
inp_I_kappa: 0.2416721449556335
inp_I_topo: 1.1663591801064461
input_weight: 0.1947732217901451
max_h_for_output: 999.0
mod_EE_weight: 0.6337284436897637
mod_EI_weight: 1.596544741490112
mod_IE_weight: 1.3437746672699529
mod_II_weight: 1.0938321808537634
n_actions: 3
n_bottom_up: 33
n_cue_tuned: 0
n_exc: 2000
n_fix_tuned: 1
n_hidden: 2500
n_inh: 500
n_motion_tuned: 32
n_reward_levels: 3
n_top_down: 6
n_top_down_hidden: 64
noise_input_sd: 0.0
noise_rnn_sd: 0.05
nonlinear_top_down: false
restrict_output_to_exc: false
rnn_weight: 0.13998676889261763
tc_modulator: 63.4582227817793
tc_soma: 100
td_E_kappa: 0.19561547034757182
td_E_topo: 1.4742506235948492
td_I_kappa: 0.15296085574807788
td_I_topo: 0.777866873235542
td_weight: 0.08721234785767684
