EE_kappa: 0.059279578640331065
EE_topo: 0.7855406493526433
EE_topo_mod: 7.041043196254161e-13
EI_kappa: 0.055941907518145276
EI_topo: 0.6323985949583486
EI_topo_mod: 2.3730171134473065e-14
E_bias_mean: 0.0
E_bias_std: 1.0e-12
IE_kappa: 0.20158495942074578
IE_topo: 1.90998206942908
IE_topo_mod: 7.14136158484169e-13
II_kappa: 0.15829082784189968
II_topo: 1.6335929941924203
II_topo_mod: 6.246074463348161e-14
I_bias_mean: 0.0
I_bias_std: 1.0e-12
alpha_EE: 0.1166349448124945
alpha_EI: 0.026741576623080607
alpha_II: 0.00044456137825322757
dt: 20
init_exc: 0.2
init_inh: 0.4
init_mod: 0.1
inp_E_kappa: 0.14381959220287638
inp_E_topo: 1.5329666323306221
inp_I_kappa: 0.23797926739743364
inp_I_topo: 0.35749675625033417
input_weight: 0.06773913792493415
max_h_for_output: 999.0
mod_EE_weight: 1.7074282416558217
mod_EI_weight: 1.2651612273064274
mod_IE_weight: 1.0970211864930173
mod_II_weight: 0.1774424766892464
n_actions: 3
n_bottom_up: 33
n_cue_tuned: 0
n_exc: 2000
n_fix_tuned: 1
n_hidden: 2500
n_inh: 500
n_motion_tuned: 32
n_reward_levels: 3
n_top_down: 6
n_top_down_hidden: 64
noise_input_sd: 0.0
noise_rnn_sd: 0.05
nonlinear_top_down: false
restrict_output_to_exc: false
rnn_weight: 0.13081256997105017
tc_modulator: 77.19037969626459
tc_soma: 100
td_E_kappa: 0.10475214784160701
td_E_topo: 1.5707766242237156
td_I_kappa: 0.24205867958985838
td_I_topo: 0.3143027175619124
td_weight: 0.08721234785767684
