EE_kappa: 0.10735258100245337
EE_topo: 0.8918055952139221
EE_topo_mod: 2.2982524677859173e-13
EI_kappa: 0.22882506745175635
EI_topo: 0.378298626899761
EI_topo_mod: 6.067255151292421e-13
E_bias_mean: 0.0
E_bias_std: 1.0e-12
IE_kappa: 0.12116835171612626
IE_topo: 1.173586504352183
IE_topo_mod: 8.6115368504522e-13
II_kappa: 0.15559432129324668
II_topo: 1.4019224905879344
II_topo_mod: 1.2978645750142182e-13
I_bias_mean: 0.0
I_bias_std: 1.0e-12
alpha_EE: 0.22845162402125202
alpha_EI: 0.07689400526600268
alpha_II: 0.15791568897061298
dt: 20
init_exc: 0.2
init_inh: 0.4
init_mod: 0.1
inp_E_kappa: 0.19884021313620875
inp_E_topo: 1.035947744515081
inp_I_kappa: 0.09199461562948891
inp_I_topo: 0.7178405045367473
input_weight: 0.0903806721207584
max_h_for_output: 999.0
mod_EE_weight: 0.18741868308082466
mod_EI_weight: 0.11784399243154975
mod_IE_weight: 1.6241088035817883
mod_II_weight: 0.3681302250611622
n_actions: 3
n_bottom_up: 33
n_cue_tuned: 0
n_exc: 2000
n_fix_tuned: 1
n_hidden: 2500
n_inh: 500
n_motion_tuned: 32
n_reward_levels: 3
n_top_down: 6
n_top_down_hidden: 64
noise_input_sd: 0.0
noise_rnn_sd: 0.05
nonlinear_top_down: false
restrict_output_to_exc: false
rnn_weight: 0.1188793162462032
tc_modulator: 43.75978945677505
tc_soma: 100
td_E_kappa: 0.11312022715417042
td_E_topo: 1.1470634351042377
td_I_kappa: 0.12209220205505766
td_I_topo: 1.1378980291345737
td_weight: 0.08721234785767684
