EE_kappa: 0.06951798421537048
EE_topo: 1.5065983786996313
EE_topo_mod: 3.0018898748412436e-13
EI_kappa: 0.1082569615876599
EI_topo: 1.3140144039650525
EI_topo_mod: 2.2234342077481373e-13
E_bias_mean: 0.0
E_bias_std: 1.0e-12
IE_kappa: 0.1981406284177804
IE_topo: 0.4633097535723101
IE_topo_mod: 2.649851110028388e-13
II_kappa: 0.22083537934195563
II_topo: 0.04062782098664486
II_topo_mod: 6.944528324157502e-13
I_bias_mean: 0.0
I_bias_std: 1.0e-12
alpha_EE: 0.10043992675472119
alpha_EI: 0.17984825017747544
alpha_II: 0.11035321524692154
dt: 20
init_exc: 0.2
init_inh: 0.4
init_mod: 0.1
inp_E_kappa: 0.16895261694086008
inp_E_topo: 1.1455412306174126
inp_I_kappa: 0.1587463129282556
inp_I_topo: 0.5416554145206798
input_weight: 0.1665165377204624
max_h_for_output: 999.0
mod_EE_weight: 0.4737741733776213
mod_EI_weight: 0.3195483331995772
mod_IE_weight: 1.6814740239832306
mod_II_weight: 0.7392548140846331
n_actions: 3
n_bottom_up: 33
n_cue_tuned: 0
n_exc: 2000
n_fix_tuned: 1
n_hidden: 2500
n_inh: 500
n_motion_tuned: 32
n_reward_levels: 3
n_top_down: 6
n_top_down_hidden: 64
noise_input_sd: 0.0
noise_rnn_sd: 0.05
nonlinear_top_down: false
restrict_output_to_exc: false
rnn_weight: 0.1343679272872014
tc_modulator: 23.561016059327393
tc_soma: 100
td_E_kappa: 0.19275918587079688
td_E_topo: 0.9178548745804593
td_I_kappa: 0.08223162430220127
td_I_topo: 0.9994983379510529
td_weight: 0.08721234785767684
