EE_kappa: 0.06759178018829798
EE_topo: 0.3151085543360561
EE_topo_mod: 0.0007935031857808528
EI_kappa: 0.08679780288154537
EI_topo: 0.9450280103987687
EI_topo_mod: 0.0006389110912836527
E_bias_mean: 0.0
E_bias_std: 1.0e-12
IE_kappa: 0.16994729802054165
IE_topo: 1.9655173404022923
IE_topo_mod: 0.0033971419603462762
II_kappa: 0.14651065111818512
II_topo: 0.5140796886489916
II_topo_mod: 0.007214884773249726
I_bias_mean: 0.0
I_bias_std: 1.0e-12
alpha_EE: 0.2530583442251624
alpha_EI: 0.009133640431793943
alpha_II: 0.26837810254255223
dt: 20
init_exc: 0.2
init_inh: 0.4
init_mod: 0.1
inp_E_kappa: 0.12568427098174534
inp_E_topo: 1.337387609200965
inp_I_kappa: 0.1755937979274137
inp_I_topo: 1.8870807526275426
input_weight: 0.17468696744434872
max_h_for_output: 999.0
mod_EE_weight: 1.1619203753241831
mod_EI_weight: 0.8460143689762862
mod_IE_weight: 0.7044599221099315
mod_II_weight: 1.7658946315115558
n_actions: 3
n_bottom_up: 67
n_cue_tuned: 2
n_exc: 2000
n_fix_tuned: 1
n_hidden: 2500
n_inh: 500
n_motion_tuned: 64
n_reward_levels: 3
n_top_down: 10
n_top_down_hidden: 64
noise_input_sd: 0.0
noise_rnn_sd: 0.05
nonlinear_top_down: false
restrict_output_to_exc: false
rnn_weight: 0.14960637194226398
tc_modulator: 20.4591609561707
tc_soma: 100
td_E_kappa: 0.21236377820094643
td_E_topo: 1.0800624397482648
td_I_kappa: 0.1280427253687118
td_I_topo: 0.4245369055136907
td_weight: 0.08721234785767684
