EE_kappa: 0.07248249831229299
EE_topo: 0.11336664698140253
EE_topo_mod: 0.006077023006936463
EI_kappa: 0.24490978314983697
EI_topo: 0.8128609484192513
EI_topo_mod: 0.003015271917494856
E_bias_mean: 0.0
E_bias_std: 1.0e-12
IE_kappa: 0.06756263092199793
IE_topo: 0.562114781847739
IE_topo_mod: 6.375762303203359e-05
II_kappa: 0.23417477601679154
II_topo: 0.5290735111053921
II_topo_mod: 0.0019494581962055714
I_bias_mean: 0.0
I_bias_std: 1.0e-12
alpha_EE: 0.23124087770840251
alpha_EI: 0.1996852183658838
alpha_II: 0.2704871141802865
dt: 20
init_exc: 0.2
init_inh: 0.4
init_mod: 0.1
inp_E_kappa: 0.1245830166056896
inp_E_topo: 1.3388640420058737
inp_I_kappa: 0.17983279891947768
inp_I_topo: 1.3863554739776873
input_weight: 0.19051647908051145
max_h_for_output: 999.0
mod_EE_weight: 0.1198948063326144
mod_EI_weight: 1.479785540584551
mod_IE_weight: 1.443193229792874
mod_II_weight: 1.1023607344635233
n_actions: 3
n_bottom_up: 67
n_cue_tuned: 2
n_exc: 2000
n_fix_tuned: 1
n_hidden: 2500
n_inh: 500
n_motion_tuned: 64
n_reward_levels: 3
n_top_down: 10
n_top_down_hidden: 64
noise_input_sd: 0.0
noise_rnn_sd: 0.05
nonlinear_top_down: false
restrict_output_to_exc: false
rnn_weight: 0.17072304762667387
tc_modulator: 46.93987257083509
tc_soma: 100
td_E_kappa: 0.21521231159661008
td_E_topo: 1.7126966451862198
td_I_kappa: 0.16087671704899187
td_I_topo: 0.6232603612205732
td_weight: 0.08721234785767684
