EE_kappa: 0.08204119514727466
EE_topo: 0.48559966300495194
EE_topo_mod: 7.138556888232453e-13
EI_kappa: 0.19287197055707445
EI_topo: 0.478586810690949
EI_topo_mod: 6.641155577263902e-13
E_bias_mean: 0.0
E_bias_std: 1.0e-12
IE_kappa: 0.13959370192926523
IE_topo: 0.5785150113353876
IE_topo_mod: 1.6260625234370884e-14
II_kappa: 0.18158537042707934
II_topo: 0.48288989316235686
II_topo_mod: 8.43060820918921e-13
I_bias_mean: 0.0
I_bias_std: 1.0e-12
alpha_EE: 0.1355542116792983
alpha_EI: 0.03301471164840386
alpha_II: 0.2746679000433985
dt: 20
init_exc: 0.2
init_inh: 0.4
init_mod: 0.1
inp_E_kappa: 0.1912551745311089
inp_E_topo: 0.414640815821824
inp_I_kappa: 0.05586639875698423
inp_I_topo: 0.40835203229423467
input_weight: 0.16558381575933784
max_h_for_output: 999.0
mod_EE_weight: 1.8970574683848425
mod_EI_weight: 1.6624082028084524
mod_IE_weight: 0.569509082792637
mod_II_weight: 1.1266584251991325
n_actions: 3
n_bottom_up: 33
n_cue_tuned: 0
n_exc: 2000
n_fix_tuned: 1
n_hidden: 2500
n_inh: 500
n_motion_tuned: 32
n_reward_levels: 3
n_top_down: 6
n_top_down_hidden: 64
noise_input_sd: 0.0
noise_rnn_sd: 0.05
nonlinear_top_down: false
restrict_output_to_exc: false
rnn_weight: 0.19515862573266873
tc_modulator: 35.22019611492999
tc_soma: 100
td_E_kappa: 0.21121277718010883
td_E_topo: 0.299240209058526
td_I_kappa: 0.1211346694598719
td_I_topo: 0.3679013428487341
td_weight: 0.08721234785767684
