EE_kappa: 0.05596939333927169
EE_topo: 1.7171341218239216
EE_topo_mod: 9.504874405583073e-13
EI_kappa: 0.11925140884016978
EI_topo: 0.4629724814272691
EI_topo_mod: 8.731560603420248e-13
E_bias_mean: 0.0
E_bias_std: 1.0e-12
IE_kappa: 0.24298389903521117
IE_topo: 0.8898181670751397
IE_topo_mod: 5.116099742419236e-13
II_kappa: 0.20826662936389978
II_topo: 0.04605720698214322
II_topo_mod: 7.228824397593048e-14
I_bias_mean: 0.0
I_bias_std: 1.0e-12
alpha_EE: 0.1372765128425092
alpha_EI: 0.08382262117670584
alpha_II: 0.21023335281080283
dt: 20
init_exc: 0.2
init_inh: 0.4
init_mod: 0.1
inp_E_kappa: 0.13948598885268954
inp_E_topo: 0.4221118027770365
inp_I_kappa: 0.17089375450992497
inp_I_topo: 1.1569313206928769
input_weight: 0.15381857565730134
max_h_for_output: 999.0
mod_EE_weight: 1.9851402672620109
mod_EI_weight: 0.9432448734035024
mod_IE_weight: 0.7094645701918123
mod_II_weight: 0.962482735128078
n_actions: 3
n_bottom_up: 33
n_cue_tuned: 0
n_exc: 2000
n_fix_tuned: 1
n_hidden: 2500
n_inh: 500
n_motion_tuned: 32
n_reward_levels: 3
n_top_down: 6
n_top_down_hidden: 64
noise_input_sd: 0.0
noise_rnn_sd: 0.05
nonlinear_top_down: false
rnn_weight: 0.15006074961639487
tc_modulator: 30.58237426731905
tc_soma: 100
td_E_kappa: 0.1563582344269629
td_E_topo: 0.5
td_I_kappa: 0.13382876654599368
td_I_topo: 0.5
td_weight: 0.08721234785767684
