EE_kappa: 0.06327085698583841
EE_topo: 0.15540089089419862
EE_topo_mod: 5.258851814829518e-13
EI_kappa: 0.09742064205158213
EI_topo: 0.923837450910105
EI_topo_mod: 5.39088966788574e-13
E_bias_mean: 0.0
E_bias_std: 1.0e-12
IE_kappa: 0.10261469062372719
IE_topo: 1.3672590759747785
IE_topo_mod: 8.942038697524763e-13
II_kappa: 0.11712507190555627
II_topo: 1.8453489363780837
II_topo_mod: 3.0152950692440296e-13
I_bias_mean: 0.0
I_bias_std: 1.0e-12
alpha_EE: 0.10486970629161287
alpha_EI: 0.05202660737868798
alpha_II: 0.1008275851402679
dt: 20
init_exc: 0.2
init_inh: 0.4
init_mod: 0.1
inp_E_kappa: 0.1508316526857053
inp_E_topo: 1.3673243967239623
inp_I_kappa: 0.11324831889683362
inp_I_topo: 0.7188284029426562
input_weight: 0.16758323433539696
max_h_for_output: 999.0
mod_EE_weight: 1.7728426187789905
mod_EI_weight: 1.5674183952912468
mod_IE_weight: 1.9745618890284624
mod_II_weight: 1.1192239650458402
n_actions: 3
n_bottom_up: 33
n_cue_tuned: 0
n_exc: 2000
n_fix_tuned: 1
n_hidden: 2500
n_inh: 500
n_motion_tuned: 32
n_reward_levels: 3
n_top_down: 6
n_top_down_hidden: 64
noise_input_sd: 0.0
noise_rnn_sd: 0.05
nonlinear_top_down: false
rnn_weight: 0.1885428120493438
tc_modulator: 79.8033297345918
tc_soma: 100
td_E_kappa: 0.1563582344269629
td_E_topo: 0.5
td_I_kappa: 0.13382876654599368
td_I_topo: 0.5
td_weight: 0.08721234785767684
