EE_kappa: 0.08030096170622408
EE_topo: 1.950506591125973
EE_topo_mod: 1.4389339378429899e-13
EI_kappa: 0.12707605620666013
EI_topo: 1.278350380964551
EI_topo_mod: 8.656418547674322e-13
E_bias_mean: 0.0
E_bias_std: 1.0e-12
IE_kappa: 0.2396866475519524
IE_topo: 0.4867386025605027
IE_topo_mod: 1.5886088492483208e-13
II_kappa: 0.119210697154466
II_topo: 0.850686011422235
II_topo_mod: 5.813365894581401e-13
I_bias_mean: 0.0
I_bias_std: 1.0e-12
alpha_EE: 0.13439443677086807
alpha_EI: 0.024925771508685822
alpha_II: 0.19669280596868285
dt: 20
init_exc: 0.2
init_inh: 0.4
init_mod: 0.1
inp_E_kappa: 0.2160177698086675
inp_E_topo: 1.009524079210507
inp_I_kappa: 0.15860026636351357
inp_I_topo: 1.1304100410789977
input_weight: 0.10170590718811265
max_h_for_output: 999.0
mod_EE_weight: 0.824220450016284
mod_EI_weight: 1.8008194325234685
mod_IE_weight: 1.5980371842750514
mod_II_weight: 0.4682176258432251
n_actions: 3
n_bottom_up: 33
n_cue_tuned: 0
n_exc: 2000
n_fix_tuned: 1
n_hidden: 2500
n_inh: 500
n_motion_tuned: 32
n_reward_levels: 3
n_top_down: 6
n_top_down_hidden: 64
noise_input_sd: 0.0
noise_rnn_sd: 0.05
nonlinear_top_down: false
restrict_output_to_exc: false
rnn_weight: 0.12434048739896005
tc_modulator: 87.51541347798786
tc_soma: 100
td_E_kappa: 0.23217407904135262
td_E_topo: 1.7679072889872376
td_I_kappa: 0.22500347596468356
td_I_topo: 1.2455149836299206
td_weight: 0.08721234785767684
