EE_kappa: 0.05548710831712398
EE_topo: 1.3900191165552378
EE_topo_mod: 8.45224034329044e-13
EI_kappa: 0.1296097894786324
EI_topo: 0.725791100219852
EI_topo_mod: 1.8491714035498207e-13
E_bias_mean: 0.0
E_bias_std: 1.0e-12
IE_kappa: 0.12407349895935259
IE_topo: 1.9809020812903615
IE_topo_mod: 5.756895487082577e-13
II_kappa: 0.2151488334482189
II_topo: 1.7905767012589928
II_topo_mod: 2.259747719856534e-13
I_bias_mean: 0.0
I_bias_std: 1.0e-12
alpha_EE: 0.058743816444580654
alpha_EI: 0.18144678026373726
alpha_II: 0.1508975906486158
dt: 20
init_exc: 0.2
init_inh: 0.4
init_mod: 0.1
inp_E_kappa: 0.16523072663589067
inp_E_topo: 1.9583366732426921
inp_I_kappa: 0.15642871652010654
inp_I_topo: 0.4708963588352977
input_weight: 0.08030881343286343
max_h_for_output: 999.0
mod_EE_weight: 1.92278043398605
mod_EI_weight: 0.5259929772872798
mod_IE_weight: 1.6488615741676644
mod_II_weight: 1.9029156527750852
n_actions: 3
n_bottom_up: 33
n_cue_tuned: 0
n_exc: 2000
n_fix_tuned: 1
n_hidden: 2500
n_inh: 500
n_motion_tuned: 32
n_reward_levels: 3
n_top_down: 6
n_top_down_hidden: 64
noise_input_sd: 0.0
noise_rnn_sd: 0.05
nonlinear_top_down: false
rnn_weight: 0.14523837630954406
tc_modulator: 59.23022403524533
tc_soma: 100
td_E_kappa: 0.1563582344269629
td_E_topo: 0.5
td_I_kappa: 0.13382876654599368
td_I_topo: 0.5
td_weight: 0.08721234785767684
