EE_kappa: 0.09051549444673773
EE_topo: 0.3780386668947404
EE_topo_mod: 3.3418304836203425e-13
EI_kappa: 0.11823825320346448
EI_topo: 0.5961924806989927
EI_topo_mod: 3.700194974237995e-13
E_bias_mean: 0.0
E_bias_std: 1.0e-12
IE_kappa: 0.2312927332982479
IE_topo: 0.7977938296239304
IE_topo_mod: 9.586807832941426e-13
II_kappa: 0.13419269957543514
II_topo: 1.1970559257669438
II_topo_mod: 3.22726516015412e-13
I_bias_mean: 0.0
I_bias_std: 1.0e-12
alpha_EE: 0.2424803528105679
alpha_EI: 0.08117412473523651
alpha_II: 0.2063723708051791
dt: 20
init_exc: 0.2
init_inh: 0.4
init_mod: 0.1
inp_E_kappa: 0.1698163268187965
inp_E_topo: 1.2570513602926334
inp_I_kappa: 0.12348759276760737
inp_I_topo: 0.9174919018899814
input_weight: 0.1433010830936093
max_h_for_output: 999.0
mod_EE_weight: 0.8988627948310282
mod_EI_weight: 1.827744395289296
mod_IE_weight: 0.3926448969819747
mod_II_weight: 0.5057148269433465
n_actions: 3
n_bottom_up: 33
n_cue_tuned: 0
n_exc: 2000
n_fix_tuned: 1
n_hidden: 2500
n_inh: 500
n_motion_tuned: 32
n_reward_levels: 3
n_top_down: 6
n_top_down_hidden: 64
noise_input_sd: 0.0
noise_rnn_sd: 0.05
nonlinear_top_down: false
restrict_output_to_exc: false
rnn_weight: 0.1799881121402228
tc_modulator: 27.945851919264353
tc_soma: 100
td_E_kappa: 0.18726060356104185
td_E_topo: 1.0523800806442583
td_I_kappa: 0.08569803257330047
td_I_topo: 1.841290385999055
td_weight: 0.08721234785767684
