EE_kappa: 0.05350657572148572
EE_topo: 0.24142394885084628
EE_topo_mod: 6.994180730753884e-13
EI_kappa: 0.11494892491959355
EI_topo: 1.0516569510951106
EI_topo_mod: 1.2694792957692803e-13
E_bias_mean: 0.0
E_bias_std: 1.0e-12
IE_kappa: 0.16189366514389014
IE_topo: 0.6828749824848568
IE_topo_mod: 4.3814523713638564e-13
II_kappa: 0.16600908079846388
II_topo: 0.9070677103576386
II_topo_mod: 2.0525518287070277e-14
I_bias_mean: 0.0
I_bias_std: 1.0e-12
alpha_EE: 0.12946329861415126
alpha_EI: 0.04192993998311368
alpha_II: 0.17875689508603393
dt: 20
init_exc: 0.2
init_inh: 0.4
init_mod: 0.1
inp_E_kappa: 0.17647565669434656
inp_E_topo: 0.018037294120740954
inp_I_kappa: 0.1400254740035652
inp_I_topo: 1.9103509394856804
input_weight: 0.18433711442472556
max_h_for_output: 999.0
mod_EE_weight: 1.958414208318655
mod_EI_weight: 0.7293541962537975
mod_IE_weight: 1.0354538842161867
mod_II_weight: 0.3038892293357338
n_actions: 3
n_bottom_up: 33
n_cue_tuned: 0
n_exc: 2000
n_fix_tuned: 1
n_hidden: 2500
n_inh: 500
n_motion_tuned: 32
n_reward_levels: 3
n_top_down: 6
n_top_down_hidden: 64
noise_input_sd: 0.0
noise_rnn_sd: 0.05
nonlinear_top_down: false
restrict_output_to_exc: false
rnn_weight: 0.17895798883270442
tc_modulator: 30.62373093504756
tc_soma: 100
td_E_kappa: 0.15379407419897984
td_E_topo: 0.9628307414959154
td_I_kappa: 0.09498788001911387
td_I_topo: 1.340617606640199
td_weight: 0.08721234785767684
