EE_kappa: 0.07352878252385758
EE_topo: 1.6581509024444283
EE_topo_mod: 7.600146432871676e-13
EI_kappa: 0.1884575536450459
EI_topo: 1.2437224485494074
EI_topo_mod: 5.426159746647417e-13
E_bias_mean: 0.0
E_bias_std: 1.0e-12
IE_kappa: 0.16936402540368772
IE_topo: 1.2688403101031023
IE_topo_mod: 9.070157660813244e-13
II_kappa: 0.21821159489717873
II_topo: 0.8727718237140762
II_topo_mod: 1.9527985887803666e-13
I_bias_mean: 0.0
I_bias_std: 1.0e-12
alpha_EE: 0.12620867537655459
alpha_EI: 0.13236522259876624
alpha_II: 0.20705805178111658
dt: 20
init_exc: 0.2
init_inh: 0.4
init_mod: 0.1
inp_E_kappa: 0.052616318182509385
inp_E_topo: 1.3126877970585495
inp_I_kappa: 0.1565468280542957
inp_I_topo: 0.9625073833424398
input_weight: 0.18465329896262134
max_h_for_output: 999.0
mod_EE_weight: 1.1088321660084315
mod_EI_weight: 1.1009633909703842
mod_IE_weight: 0.5017187446003231
mod_II_weight: 1.6805926888438674
n_actions: 3
n_bottom_up: 33
n_cue_tuned: 0
n_exc: 2000
n_fix_tuned: 1
n_hidden: 2500
n_inh: 500
n_motion_tuned: 32
n_reward_levels: 3
n_top_down: 6
n_top_down_hidden: 64
noise_input_sd: 0.0
noise_rnn_sd: 0.05
nonlinear_top_down: false
restrict_output_to_exc: false
rnn_weight: 0.15974641247609922
tc_modulator: 72.36349309128924
tc_soma: 100
td_E_kappa: 0.055399327048691084
td_E_topo: 1.6515480931147948
td_I_kappa: 0.21374634352918243
td_I_topo: 0.5934546865181662
td_weight: 0.08721234785767684
