EE_kappa: 0.090260270045742
EE_topo: 0.06708490701315895
EE_topo_mod: 0.0
EI_kappa: 0.2037751045075053
EI_topo: 1.812416628189351
EI_topo_mod: 0.0
E_bias_mean: 0.0
E_bias_std: 1.0e-12
IE_kappa: 0.18952283234596579
IE_topo: 1.9834497419947847
IE_topo_mod: 0.0
II_kappa: 0.24804311924412026
II_topo: 0.8079513960783824
II_topo_mod: 0.0
I_bias_mean: 0.0
I_bias_std: 1.0e-12
alpha_EE: 0.25828181683200235
alpha_EI: 0.05848617854061395
alpha_II: 0.2559270706775389
dt: 20
init_exc: 0.2
init_inh: 0.4
init_mod: 0.0
inp_E_kappa: 0.15708042075705533
inp_E_topo: 0.3934425085336617
inp_I_kappa: 0.18360016884600366
inp_I_topo: 0.2947825213725679
input_weight: 0.1101435770326068
max_h_for_output: 999.0
mod_EE_weight: 0.0
mod_EI_weight: 0.0
mod_IE_weight: 0.0
mod_II_weight: 0.0
n_actions: 3
n_bottom_up: 65
n_cue_tuned: 2
n_exc: 2000
n_fix_tuned: 1
n_hidden: 2500
n_inh: 500
n_motion_tuned: 64
n_reward_levels: 3
n_top_down: 10
n_top_down_hidden: 64
noise_input_sd: 0.0
noise_rnn_sd: 0.05
nonlinear_top_down: false
rnn_weight: 0.1934998819677205
tc_modulator: 98.35463243444137
tc_soma: 100
td_E_kappa: 0.09545886258879077
td_E_topo: 0.42747375150831735
td_I_kappa: 0.21857857147043275
td_I_topo: 0.5775655135698776
td_weight: 0.08721234785767684
