EE_kappa: 0.13977563418373046
EE_topo: 0.16831129764862984
EE_topo_mod: 2.6596607692173457e-13
EI_kappa: 0.20113144409387845
EI_topo: 1.3131304569113327
EI_topo_mod: 6.54577094490205e-13
E_bias_mean: 0.0
E_bias_std: 1.0e-12
IE_kappa: 0.2206390843943124
IE_topo: 1.2518769053247172
IE_topo_mod: 9.405253971606016e-13
II_kappa: 0.15990177819805323
II_topo: 1.4976579454050314
II_topo_mod: 3.416767608905588e-13
I_bias_mean: 0.0
I_bias_std: 1.0e-12
alpha_EE: 0.27498697494051133
alpha_EI: 0.029353759622635145
alpha_II: 0.18309572294900428
dt: 20
init_exc: 0.2
init_inh: 0.4
init_mod: 0.1
inp_E_kappa: 0.11706003007691178
inp_E_topo: 1.001992963584278
inp_I_kappa: 0.06628642937347103
inp_I_topo: 0.13415977546999103
input_weight: 0.17524518093492958
max_h_for_output: 999.0
mod_EE_weight: 0.009101676281167537
mod_EI_weight: 1.7802573677905371
mod_IE_weight: 0.07600006570883466
mod_II_weight: 1.0583167839700502
n_actions: 3
n_bottom_up: 33
n_cue_tuned: 0
n_exc: 2000
n_fix_tuned: 1
n_hidden: 2500
n_inh: 500
n_motion_tuned: 32
n_reward_levels: 3
n_top_down: 6
n_top_down_hidden: 64
noise_input_sd: 0.0
noise_rnn_sd: 0.05
nonlinear_top_down: false
restrict_output_to_exc: false
rnn_weight: 0.14162992264051355
tc_modulator: 68.13189896852546
tc_soma: 100
td_E_kappa: 0.1783218061426211
td_E_topo: 1.4287722809335848
td_I_kappa: 0.24242573303384995
td_I_topo: 1.9968455222948716
td_weight: 0.08721234785767684
