EE_kappa: 0.0995482507412435
EE_topo: 0.7264691473258087
EE_topo_mod: 5.003211508390415e-14
EI_kappa: 0.1612114955800556
EI_topo: 1.3834840823501098
EI_topo_mod: 1.2897773016581782e-13
E_bias_mean: 0.0
E_bias_std: 1.0e-12
IE_kappa: 0.17307078424114497
IE_topo: 1.852794767790195
IE_topo_mod: 3.7769113015335786e-13
II_kappa: 0.18795766644098055
II_topo: 0.8405834385717956
II_topo_mod: 1.7566577392215643e-13
I_bias_mean: 0.0
I_bias_std: 1.0e-12
alpha_EE: 0.2644523856885505
alpha_EI: 0.0820672194658401
alpha_II: 0.17286117360817058
dt: 20
init_exc: 0.2
init_inh: 0.4
init_mod: 0.1
inp_E_kappa: 0.15075584436801065
inp_E_topo: 0.3429912979015042
inp_I_kappa: 0.0790215338640393
inp_I_topo: 0.4113757235114688
input_weight: 0.14628303422408653
max_h_for_output: 999.0
mod_EE_weight: 1.5067063734132937
mod_EI_weight: 1.3615441143686782
mod_IE_weight: 0.8434777114864858
mod_II_weight: 1.6584300608627764
n_actions: 3
n_bottom_up: 33
n_cue_tuned: 0
n_exc: 2000
n_fix_tuned: 1
n_hidden: 2500
n_inh: 500
n_motion_tuned: 32
n_reward_levels: 3
n_top_down: 6
n_top_down_hidden: 64
noise_input_sd: 0.0
noise_rnn_sd: 0.05
nonlinear_top_down: false
restrict_output_to_exc: false
rnn_weight: 0.14874074199846954
tc_modulator: 46.43002737636731
tc_soma: 100
td_E_kappa: 0.14181837275150005
td_E_topo: 1.6261914255993069
td_I_kappa: 0.1063558930076794
td_I_topo: 0.961438294281417
td_weight: 0.08721234785767684
