EE_kappa: 0.06314894642191866
EE_topo: 0.9952539524527806
EE_topo_mod: 4.303130142710665e-13
EI_kappa: 0.15667868099418736
EI_topo: 0.29912993500088003
EI_topo_mod: 2.8242647155015266e-13
E_bias_mean: 0.0
E_bias_std: 1.0e-12
IE_kappa: 0.0934398653148094
IE_topo: 1.1693868302021948
IE_topo_mod: 8.767001317818027e-13
II_kappa: 0.16260083959252042
II_topo: 0.14047538258862402
II_topo_mod: 1.8720586941737694e-13
I_bias_mean: 0.0
I_bias_std: 1.0e-12
alpha_EE: 0.08090702364304161
alpha_EI: 0.03608059658884558
alpha_II: 0.08916091260219598
dt: 20
init_exc: 0.2
init_inh: 0.4
init_mod: 0.1
inp_E_kappa: 0.17412976327426338
inp_E_topo: 1.6556398530316214
inp_I_kappa: 0.09909295494504806
inp_I_topo: 0.8334799074918438
input_weight: 0.09934914492444293
max_h_for_output: 999.0
mod_EE_weight: 0.2169706183352471
mod_EI_weight: 0.5232948659231178
mod_IE_weight: 1.3447167812225602
mod_II_weight: 1.0350542102605138
n_actions: 3
n_bottom_up: 33
n_cue_tuned: 0
n_exc: 2000
n_fix_tuned: 1
n_hidden: 2500
n_inh: 500
n_motion_tuned: 32
n_reward_levels: 3
n_top_down: 6
n_top_down_hidden: 64
noise_input_sd: 0.0
noise_rnn_sd: 0.05
nonlinear_top_down: false
rnn_weight: 0.1413697580776953
tc_modulator: 91.53814400193869
tc_soma: 100
td_E_kappa: 0.1563582344269629
td_E_topo: 0.5
td_I_kappa: 0.13382876654599368
td_I_topo: 0.5
td_weight: 0.08721234785767684
