EE_kappa: 0.1079513147424932
EE_topo: 0.25805341123066805
EE_topo_mod: 1.324854955600744e-13
EI_kappa: 0.18465621281950523
EI_topo: 0.43974137324725926
EI_topo_mod: 3.2070078914776536e-14
E_bias_mean: 0.0
E_bias_std: 1.0e-12
IE_kappa: 0.19952347314591967
IE_topo: 0.1004970339239124
IE_topo_mod: 1.1131710221346902e-13
II_kappa: 0.20812329616102182
II_topo: 1.7438868395711071
II_topo_mod: 1.312285524446888e-13
I_bias_mean: 0.0
I_bias_std: 1.0e-12
alpha_EE: 0.044661618434181545
alpha_EI: 0.0038051740854071034
alpha_II: 0.2746220277135285
dt: 20
init_exc: 0.2
init_inh: 0.4
init_mod: 0.1
inp_E_kappa: 0.20803431426039898
inp_E_topo: 1.6227030931349231
inp_I_kappa: 0.14032025890341804
inp_I_topo: 1.4800009356850539
input_weight: 0.18085649418886274
max_h_for_output: 999.0
mod_EE_weight: 1.1602769369116426
mod_EI_weight: 0.8646491880626772
mod_IE_weight: 0.09157940436308687
mod_II_weight: 1.4154232532912037
n_actions: 3
n_bottom_up: 33
n_cue_tuned: 0
n_exc: 2000
n_fix_tuned: 1
n_hidden: 2500
n_inh: 500
n_motion_tuned: 32
n_reward_levels: 3
n_top_down: 6
n_top_down_hidden: 64
noise_input_sd: 0.0
noise_rnn_sd: 0.05
nonlinear_top_down: false
restrict_output_to_exc: false
rnn_weight: 0.11958857560223617
tc_modulator: 43.94068859458186
tc_soma: 100
td_E_kappa: 0.17439427074843367
td_E_topo: 0.357425691459732
td_I_kappa: 0.2163860731354153
td_I_topo: 1.5834115952524854
td_weight: 0.08721234785767684
