EE_kappa: 0.05714242366553826
EE_topo: 0.36790918901105596
EE_topo_mod: 2.1054729542781026e-13
EI_kappa: 0.0738226994115056
EI_topo: 0.5603557715019098
EI_topo_mod: 7.564967566590166e-13
E_bias_mean: 0.0
E_bias_std: 1.0e-12
IE_kappa: 0.19082871973232207
IE_topo: 1.3714359154799505
IE_topo_mod: 5.736055506051632e-13
II_kappa: 0.20683295169077798
II_topo: 1.6137072897437263
II_topo_mod: 1.4084117037763644e-13
I_bias_mean: 0.0
I_bias_std: 1.0e-12
alpha_EE: 0.2969657610542503
alpha_EI: 0.22210121279115722
alpha_II: 0.11412172068448115
dt: 20
init_exc: 0.2
init_inh: 0.4
init_mod: 0.1
inp_E_kappa: 0.22690180792051862
inp_E_topo: 0.2541679964649346
inp_I_kappa: 0.08121940579796338
inp_I_topo: 1.0068114472463183
input_weight: 0.19681387611357876
max_h_for_output: 999.0
mod_EE_weight: 1.9058473862008316
mod_EI_weight: 0.3190832924470399
mod_IE_weight: 1.9564688873303795
mod_II_weight: 1.1900690614623723
n_actions: 3
n_bottom_up: 65
n_cue_tuned: 2
n_exc: 2000
n_fix_tuned: 1
n_hidden: 2500
n_inh: 500
n_motion_tuned: 64
n_reward_levels: 3
n_top_down: 10
n_top_down_hidden: 64
noise_input_sd: 0.0
noise_rnn_sd: 0.05
nonlinear_top_down: false
rnn_weight: 0.19002611826994625
tc_modulator: 58.45497754023363
tc_soma: 100
td_E_kappa: 0.052427274946772996
td_E_topo: 1.6482275242667965
td_I_kappa: 0.12325748506168617
td_I_topo: 1.5922815727324902
td_weight: 0.08721234785767684
