EE_kappa: 0.05065672633518503
EE_topo: 0.9743260015750264
EE_topo_mod: 0.0
EI_kappa: 0.14695923557500007
EI_topo: 0.41544032009913767
EI_topo_mod: 0.0
E_bias_mean: 0.0
E_bias_std: 1.0e-12
IE_kappa: 0.12413855282222015
IE_topo: 0.5156118830862337
IE_topo_mod: 0.0
II_kappa: 0.22368304460513921
II_topo: 1.5280413890285947
II_topo_mod: 0.0
I_bias_mean: 0.0
I_bias_std: 1.0e-12
alpha_EE: 0.11975128354962465
alpha_EI: 0.2809741563202292
alpha_II: 0.07382397046213093
dt: 20
init_exc: 0.2
init_inh: 0.4
init_mod: 0.0
inp_E_kappa: 0.12108320090405428
inp_E_topo: 1.0640935702057979
inp_I_kappa: 0.07598927362383825
inp_I_topo: 1.6531258990007551
input_weight: 0.18232933663686085
max_h_for_output: 999.0
mod_EE_weight: 0.0
mod_EI_weight: 0.0
mod_IE_weight: 0.0
mod_II_weight: 0.0
n_actions: 3
n_bottom_up: 65
n_cue_tuned: 2
n_exc: 2000
n_fix_tuned: 1
n_hidden: 2500
n_inh: 500
n_motion_tuned: 64
n_reward_levels: 3
n_top_down: 10
n_top_down_hidden: 64
noise_input_sd: 0.0
noise_rnn_sd: 0.05
nonlinear_top_down: false
rnn_weight: 0.18898202731976133
tc_modulator: 44.52786061245249
tc_soma: 100
td_E_kappa: 0.17112482914665755
td_E_topo: 1.3759638463859205
td_I_kappa: 0.21579978289841206
td_I_topo: 1.8023880433918333
td_weight: 0.08721234785767684
