EE_kappa: 0.06820985969882012
EE_topo: 1.3350492067255901
EE_topo_mod: 0.002690075769242808
EI_kappa: 0.13541586804304787
EI_topo: 1.790709425132833
EI_topo_mod: 0.005468339721924046
E_bias_mean: 0.0
E_bias_std: 1.0e-12
IE_kappa: 0.2071613550534368
IE_topo: 1.7185036447656048
IE_topo_mod: 0.008570742450002692
II_kappa: 0.21312560205920644
II_topo: 1.7181161466986237
II_topo_mod: 0.004306333342904771
I_bias_mean: 0.0
I_bias_std: 1.0e-12
alpha_EE: 0.06483741042328602
alpha_EI: 0.04937092139839944
alpha_II: 0.1451942201654492
dt: 20
init_exc: 0.2
init_inh: 0.4
init_mod: 0.1
inp_E_kappa: 0.15837631547056422
inp_E_topo: 0.7553738710679139
inp_I_kappa: 0.05268686839828647
inp_I_topo: 0.46673754548678215
input_weight: 0.12738226152284265
max_h_for_output: 999.0
mod_EE_weight: 1.9168677281090525
mod_EI_weight: 1.5120135358207905
mod_IE_weight: 1.6942474324894556
mod_II_weight: 0.2208882405110404
n_actions: 3
n_bottom_up: 67
n_cue_tuned: 2
n_exc: 2000
n_fix_tuned: 1
n_hidden: 2500
n_inh: 500
n_motion_tuned: 64
n_reward_levels: 3
n_top_down: 10
n_top_down_hidden: 64
noise_input_sd: 0.0
noise_rnn_sd: 0.05
nonlinear_top_down: false
restrict_output_to_exc: false
rnn_weight: 0.18694146694707825
tc_modulator: 73.74354341639047
tc_soma: 100
td_E_kappa: 0.23668459972873168
td_E_topo: 0.8499048315741367
td_I_kappa: 0.09916772386371767
td_I_topo: 0.6158224438979976
td_weight: 0.08721234785767684
