EE_kappa: 0.08937963971680934
EE_topo: 0.04501410472758849
EE_topo_mod: 0.00669141992428512
EI_kappa: 0.13401240022257843
EI_topo: 0.4369386661816821
EI_topo_mod: 0.007412585425837197
E_bias_mean: 0.0
E_bias_std: 1.0e-12
IE_kappa: 0.1997798306262728
IE_topo: 0.3310658225479286
IE_topo_mod: 0.0039740688258802
II_kappa: 0.20489211572702865
II_topo: 0.14772321441574343
II_topo_mod: 0.0018535717303447142
I_bias_mean: 0.0
I_bias_std: 1.0e-12
alpha_EE: 0.2556291641972756
alpha_EI: 0.013822549408865126
alpha_II: 0.2920278994249915
dt: 20
init_exc: 0.2
init_inh: 0.4
init_mod: 0.1
inp_E_kappa: 0.24397493616421234
inp_E_topo: 1.8394381548343846
inp_I_kappa: 0.11280447133710736
inp_I_topo: 1.4052448144147804
input_weight: 0.1794107685093842
max_h_for_output: 999.0
mod_EE_weight: 0.8035823442471697
mod_EI_weight: 0.2819205175368025
mod_IE_weight: 0.903779231969345
mod_II_weight: 0.7368775060586723
n_actions: 3
n_bottom_up: 67
n_cue_tuned: 2
n_exc: 2000
n_fix_tuned: 1
n_hidden: 2500
n_inh: 500
n_motion_tuned: 64
n_reward_levels: 3
n_top_down: 10
n_top_down_hidden: 64
noise_input_sd: 0.0
noise_rnn_sd: 0.05
nonlinear_top_down: false
restrict_output_to_exc: false
rnn_weight: 0.1610522113875073
tc_modulator: 23.706403825716347
tc_soma: 100
td_E_kappa: 0.1633112634861721
td_E_topo: 1.139330334236043
td_I_kappa: 0.10649041386048581
td_I_topo: 1.3058385484559012
td_weight: 0.08721234785767684
