EE_kappa: 0.08929617624671982
EE_topo: 1.2800440787933354
EE_topo_mod: 7.786229622070206e-15
EI_kappa: 0.12570756040399594
EI_topo: 1.9964378074034355
EI_topo_mod: 7.816994837112186e-13
E_bias_mean: 0.0
E_bias_std: 1.0e-12
IE_kappa: 0.15357148893711425
IE_topo: 1.8146259513118719
IE_topo_mod: 9.08844558035184e-13
II_kappa: 0.08165153603888164
II_topo: 1.127198058506822
II_topo_mod: 8.501907521868723e-14
I_bias_mean: 0.0
I_bias_std: 1.0e-12
alpha_EE: 0.15532424643386086
alpha_EI: 0.04388385878247285
alpha_II: 0.11621753614880798
dt: 20
init_exc: 0.2
init_inh: 0.4
init_mod: 0.1
inp_E_kappa: 0.21988611101875677
inp_E_topo: 1.679122645231586
inp_I_kappa: 0.23754917910709705
inp_I_topo: 0.35268448662797836
input_weight: 0.17874012091852992
max_h_for_output: 999.0
mod_EE_weight: 1.031225449968825
mod_EI_weight: 1.4681129592506297
mod_IE_weight: 1.7042775819114064
mod_II_weight: 1.9356587437495603
n_actions: 3
n_bottom_up: 33
n_cue_tuned: 0
n_exc: 2000
n_fix_tuned: 1
n_hidden: 2500
n_inh: 500
n_motion_tuned: 32
n_reward_levels: 3
n_top_down: 6
n_top_down_hidden: 64
noise_input_sd: 0.0
noise_rnn_sd: 0.05
nonlinear_top_down: false
rnn_weight: 0.1860188096536144
tc_modulator: 37.89367686833118
tc_soma: 100
td_E_kappa: 0.1563582344269629
td_E_topo: 0.5
td_I_kappa: 0.13382876654599368
td_I_topo: 0.5
td_weight: 0.08721234785767684
