EE_kappa: 0.11395226208450907
EE_topo: 0.7604637736114732
EE_topo_mod: 9.304441001718195e-13
EI_kappa: 0.1229220508840693
EI_topo: 0.2497820371680699
EI_topo_mod: 5.197202464179633e-13
E_bias_mean: 0.0
E_bias_std: 1.0e-12
IE_kappa: 0.2342360225005628
IE_topo: 0.19773498388067368
IE_topo_mod: 1.1137750939682467e-13
II_kappa: 0.1059546340757752
II_topo: 0.46212565432294195
II_topo_mod: 1.3507748168787425e-13
I_bias_mean: 0.0
I_bias_std: 1.0e-12
alpha_EE: 0.17096184596569705
alpha_EI: 0.036377915391740574
alpha_II: 0.25255403787619024
dt: 20
init_exc: 0.2
init_inh: 0.4
init_mod: 0.1
inp_E_kappa: 0.14317941123267852
inp_E_topo: 1.28373650743095
inp_I_kappa: 0.15460189403795044
inp_I_topo: 0.07064562599435642
input_weight: 0.16712422884714256
max_h_for_output: 999.0
mod_EE_weight: 0.23639094167909147
mod_EI_weight: 0.8182236051488818
mod_IE_weight: 1.7502797400522003
mod_II_weight: 0.32254658407638326
n_actions: 3
n_bottom_up: 33
n_cue_tuned: 0
n_exc: 2000
n_fix_tuned: 1
n_hidden: 2500
n_inh: 500
n_motion_tuned: 32
n_reward_levels: 3
n_top_down: 6
n_top_down_hidden: 64
noise_input_sd: 0.0
noise_rnn_sd: 0.05
nonlinear_top_down: false
rnn_weight: 0.15278086258462176
tc_modulator: 40.85252171405229
tc_soma: 100
td_E_kappa: 0.1563582344269629
td_E_topo: 0.5
td_I_kappa: 0.13382876654599368
td_I_topo: 0.5
td_weight: 0.08721234785767684
