EE_kappa: 0.16202738706748243
EE_topo: 1.1737999212060302
EE_topo_mod: 9.216132496170325e-13
EI_kappa: 0.20804488323021697
EI_topo: 0.8273362665677828
EI_topo_mod: 9.764462470896244e-13
E_bias_mean: 0.0
E_bias_std: 1.0e-12
IE_kappa: 0.2055202543798429
IE_topo: 1.2010720382091453
IE_topo_mod: 4.3897216960248665e-13
II_kappa: 0.1443096541169811
II_topo: 1.0009180985142982
II_topo_mod: 2.61817742214123e-13
I_bias_mean: 0.0
I_bias_std: 1.0e-12
alpha_EE: 0.13829263286484392
alpha_EI: 0.03778065934663722
alpha_II: 0.011858261969941485
dt: 20
init_exc: 0.2
init_inh: 0.4
init_mod: 0.1
inp_E_kappa: 0.1400724221101566
inp_E_topo: 1.6143595715712655
inp_I_kappa: 0.20517884782560797
inp_I_topo: 0.8911517011254089
input_weight: 0.11390995488860281
max_h_for_output: 999.0
mod_EE_weight: 1.8136389950264626
mod_EI_weight: 1.2934833292387728
mod_IE_weight: 0.07735388313875702
mod_II_weight: 0.0987317750348009
n_actions: 3
n_bottom_up: 33
n_cue_tuned: 0
n_exc: 2000
n_fix_tuned: 1
n_hidden: 2500
n_inh: 500
n_motion_tuned: 32
n_reward_levels: 3
n_top_down: 6
n_top_down_hidden: 64
noise_input_sd: 0.0
noise_rnn_sd: 0.05
nonlinear_top_down: false
restrict_output_to_exc: false
rnn_weight: 0.1184628575198499
tc_modulator: 56.11757118851529
tc_soma: 100
td_E_kappa: 0.21034525243457786
td_E_topo: 0.30624984665191635
td_I_kappa: 0.20178051257381496
td_I_topo: 1.8276633181568354
td_weight: 0.08721234785767684
