EE_kappa: 0.10684977097950527
EE_topo: 1.1116363930806477
EE_topo_mod: 9.90312559649126e-13
EI_kappa: 0.16941176061216118
EI_topo: 1.0863134413561613
EI_topo_mod: 9.448215321845312e-13
E_bias_mean: 0.0
E_bias_std: 1.0e-12
IE_kappa: 0.15634231510156094
IE_topo: 0.7077101437400886
IE_topo_mod: 3.8633258917334043e-14
II_kappa: 0.20389009095852234
II_topo: 0.542537651739539
II_topo_mod: 7.051503415753984e-13
I_bias_mean: 0.0
I_bias_std: 1.0e-12
alpha_EE: 0.1419860485790523
alpha_EI: 0.22574542854319954
alpha_II: 0.26339886439133803
dt: 20
init_exc: 0.2
init_inh: 0.4
init_mod: 0.1
inp_E_kappa: 0.07277769818552988
inp_E_topo: 1.3289207480958274
inp_I_kappa: 0.12468217205600894
inp_I_topo: 0.5191878707040667
input_weight: 0.15237430562478657
max_h_for_output: 999.0
mod_EE_weight: 1.7378962972285557
mod_EI_weight: 1.6914515356150979
mod_IE_weight: 0.9363276675700105
mod_II_weight: 0.7433927043716384
n_actions: 3
n_bottom_up: 33
n_cue_tuned: 0
n_exc: 2000
n_fix_tuned: 1
n_hidden: 2500
n_inh: 500
n_motion_tuned: 32
n_reward_levels: 3
n_top_down: 6
n_top_down_hidden: 64
noise_input_sd: 0.0
noise_rnn_sd: 0.05
nonlinear_top_down: false
restrict_output_to_exc: false
rnn_weight: 0.12000136121602065
tc_modulator: 24.969835817469537
tc_soma: 100
td_E_kappa: 0.1965247849379237
td_E_topo: 1.6221101827509228
td_I_kappa: 0.08486305044292475
td_I_topo: 0.10443944408773853
td_weight: 0.08721234785767684
