EE_kappa: 0.0832019891941725
EE_topo: 0.781674255292294
EE_topo_mod: 8.135617570655221e-13
EI_kappa: 0.12837137123997336
EI_topo: 1.984029810051436
EI_topo_mod: 1.8331234189483257e-13
E_bias_mean: 0.0
E_bias_std: 1.0e-12
IE_kappa: 0.12895203948001854
IE_topo: 1.5603593277911636
IE_topo_mod: 2.912158676947274e-14
II_kappa: 0.15598712463057063
II_topo: 1.753651353955693
II_topo_mod: 1.712150386455744e-13
I_bias_mean: 0.0
I_bias_std: 1.0e-12
alpha_EE: 0.10331098897332691
alpha_EI: 0.19953003765139601
alpha_II: 0.27177289289298406
dt: 20
init_exc: 0.2
init_inh: 0.4
init_mod: 0.1
inp_E_kappa: 0.09058150372576437
inp_E_topo: 1.1978001990428224
inp_I_kappa: 0.1541687132406352
inp_I_topo: 1.6576994615631908
input_weight: 0.1668179219468583
max_h_for_output: 999.0
mod_EE_weight: 1.1463278645001949
mod_EI_weight: 0.19551355043757668
mod_IE_weight: 1.3531911739499942
mod_II_weight: 1.1888752114312244
n_actions: 3
n_bottom_up: 33
n_cue_tuned: 0
n_exc: 2000
n_fix_tuned: 1
n_hidden: 2500
n_inh: 500
n_motion_tuned: 32
n_reward_levels: 3
n_top_down: 6
n_top_down_hidden: 64
noise_input_sd: 0.0
noise_rnn_sd: 0.05
nonlinear_top_down: false
restrict_output_to_exc: false
rnn_weight: 0.12674265275146077
tc_modulator: 57.185562091343925
tc_soma: 100
td_E_kappa: 0.05522421535904403
td_E_topo: 0.8820806998316384
td_I_kappa: 0.15868196936703977
td_I_topo: 0.34157725605516087
td_weight: 0.08721234785767684
