EE_kappa: 0.07806644011781652
EE_topo: 0.667514967148436
EE_topo_mod: 6.918192712936857e-13
EI_kappa: 0.23787666930084467
EI_topo: 0.2736244228006377
EI_topo_mod: 6.998354694241677e-13
E_bias_mean: 0.0
E_bias_std: 1.0e-12
IE_kappa: 0.17340356651158875
IE_topo: 0.09208677589303838
IE_topo_mod: 4.72619860059568e-13
II_kappa: 0.24371951775569362
II_topo: 1.9870018281228257
II_topo_mod: 3.409262620265976e-13
I_bias_mean: 0.0
I_bias_std: 1.0e-12
alpha_EE: 0.17726641401462703
alpha_EI: 0.062119107385750535
alpha_II: 0.2899824466063547
dt: 20
init_exc: 0.2
init_inh: 0.4
init_mod: 0.1
inp_E_kappa: 0.21275169247777154
inp_E_topo: 0.34655656114626154
inp_I_kappa: 0.21817631528878811
inp_I_topo: 1.34121955598014
input_weight: 0.14829936030677698
max_h_for_output: 999.0
mod_EE_weight: 1.6388453191223933
mod_EI_weight: 1.0666733931018628
mod_IE_weight: 0.35283505028613926
mod_II_weight: 0.18477082483500862
n_actions: 3
n_bottom_up: 33
n_cue_tuned: 0
n_exc: 2000
n_fix_tuned: 1
n_hidden: 2500
n_inh: 500
n_motion_tuned: 32
n_reward_levels: 3
n_top_down: 6
n_top_down_hidden: 64
noise_input_sd: 0.0
noise_rnn_sd: 0.05
nonlinear_top_down: false
restrict_output_to_exc: false
rnn_weight: 0.13959168069043915
tc_modulator: 42.54969696669531
tc_soma: 100
td_E_kappa: 0.17483776578405477
td_E_topo: 1.5400121736186767
td_I_kappa: 0.09249066835767723
td_I_topo: 0.999782833014923
td_weight: 0.08721234785767684
