EE_kappa: 0.06171244105510914
EE_topo: 0.7949452560954393
EE_topo_mod: 0.007353050585665329
EI_kappa: 0.10859706312444306
EI_topo: 0.5431189908615486
EI_topo_mod: 0.006869522876289679
E_bias_mean: 0.0
E_bias_std: 1.0e-12
IE_kappa: 0.14599368212767044
IE_topo: 0.0834433925071747
IE_topo_mod: 0.0008143257236416002
II_kappa: 0.15936256255693643
II_topo: 1.6887787635395124
II_topo_mod: 0.00010614792284024178
I_bias_mean: 0.0
I_bias_std: 1.0e-12
alpha_EE: 0.2482478266276228
alpha_EI: 0.28936260233773053
alpha_II: 0.1618087200877015
dt: 20
init_exc: 0.2
init_inh: 0.4
init_mod: 0.1
inp_E_kappa: 0.14413592995266003
inp_E_topo: 1.4660398988553573
inp_I_kappa: 0.17590139461689874
inp_I_topo: 0.12934754149009642
input_weight: 0.14714165456163109
max_h_for_output: 999.0
mod_EE_weight: 1.7189629830131068
mod_EI_weight: 1.869721763579289
mod_IE_weight: 1.2461495139100718
mod_II_weight: 0.15085836213035342
n_actions: 3
n_bottom_up: 67
n_cue_tuned: 2
n_exc: 2000
n_fix_tuned: 1
n_hidden: 2500
n_inh: 500
n_motion_tuned: 64
n_reward_levels: 3
n_top_down: 10
n_top_down_hidden: 64
noise_input_sd: 0.0
noise_rnn_sd: 0.05
nonlinear_top_down: false
restrict_output_to_exc: false
rnn_weight: 0.19862929643107174
tc_modulator: 62.760309040133336
tc_soma: 100
td_E_kappa: 0.13045540249709434
td_E_topo: 1.7261653800017134
td_I_kappa: 0.18370074245729268
td_I_topo: 1.3706825866398977
td_weight: 0.08721234785767684
