EE_kappa: 0.13001872020600752
EE_topo: 1.272930994480267
EE_topo_mod: 3.470998166630093e-13
EI_kappa: 0.18694146090216557
EI_topo: 1.5400196160146873
EI_topo_mod: 8.096608231749388e-13
E_bias_mean: 0.0
E_bias_std: 1.0e-12
IE_kappa: 0.15152504515906884
IE_topo: 1.170269848839609
IE_topo_mod: 6.595485098146902e-13
II_kappa: 0.14401347120076982
II_topo: 1.7773960440930594
II_topo_mod: 3.1443508813390496e-13
I_bias_mean: 0.0
I_bias_std: 1.0e-12
alpha_EE: 0.25455800628309744
alpha_EI: 0.1614196468411337
alpha_II: 0.2778405859932364
dt: 20
init_exc: 0.2
init_inh: 0.4
init_mod: 0.1
inp_E_kappa: 0.20502721468919066
inp_E_topo: 1.6248334310351078
inp_I_kappa: 0.1722871351564466
inp_I_topo: 0.898500110038335
input_weight: 0.16923996843615852
max_h_for_output: 999.0
mod_EE_weight: 1.7478971925475641
mod_EI_weight: 1.9617597857802491
mod_IE_weight: 0.41950665054766945
mod_II_weight: 1.6159473281315273
n_actions: 3
n_bottom_up: 65
n_cue_tuned: 2
n_exc: 2000
n_fix_tuned: 1
n_hidden: 2500
n_inh: 500
n_motion_tuned: 64
n_reward_levels: 3
n_top_down: 10
n_top_down_hidden: 64
noise_input_sd: 0.0
noise_rnn_sd: 0.05
nonlinear_top_down: false
rnn_weight: 0.12011714938210873
tc_modulator: 45.36563668669329
tc_soma: 100
td_E_kappa: 0.16148558339219812
td_E_topo: 0.11277282552362489
td_I_kappa: 0.1767829078010919
td_I_topo: 1.9349992728908878
td_weight: 0.08721234785767684
