EE_kappa: 0.06007566443473009
EE_topo: 0.611158770696028
EE_topo_mod: 5.409259201926275e-14
EI_kappa: 0.1251986859862076
EI_topo: 1.4856601642012093
EI_topo_mod: 5.712227917087852e-13
E_bias_mean: 0.0
E_bias_std: 1.0e-12
IE_kappa: 0.13754121859258323
IE_topo: 1.9276970075146287
IE_topo_mod: 5.223854007285056e-13
II_kappa: 0.14423830737685964
II_topo: 1.6506094500505741
II_topo_mod: 6.150116764589844e-13
I_bias_mean: 0.0
I_bias_std: 1.0e-12
alpha_EE: 0.06362151017833034
alpha_EI: 0.06607083053730065
alpha_II: 0.023553666664950568
dt: 20
init_exc: 0.2
init_inh: 0.4
init_mod: 0.1
inp_E_kappa: 0.23647589705361582
inp_E_topo: 0.3420602768018881
inp_I_kappa: 0.09161290205683457
inp_I_topo: 1.1773589956939414
input_weight: 0.17290357662351047
max_h_for_output: 999.0
mod_EE_weight: 1.20882685528152
mod_EI_weight: 1.4006156812615573
mod_IE_weight: 1.4270149414820947
mod_II_weight: 1.7527485651430659
n_actions: 3
n_bottom_up: 33
n_cue_tuned: 0
n_exc: 2000
n_fix_tuned: 1
n_hidden: 2500
n_inh: 500
n_motion_tuned: 32
n_reward_levels: 3
n_top_down: 6
n_top_down_hidden: 64
noise_input_sd: 0.0
noise_rnn_sd: 0.05
nonlinear_top_down: false
restrict_output_to_exc: false
rnn_weight: 0.16143996526057475
tc_modulator: 37.54727988960702
tc_soma: 100
td_E_kappa: 0.09833102381619432
td_E_topo: 1.0372609388796192
td_I_kappa: 0.15210463642477767
td_I_topo: 0.18138872966192454
td_weight: 0.08721234785767684
