EE_kappa: 0.06518687733435878
EE_topo: 1.1598667140000278
EE_topo_mod: 4.130286156239915e-14
EI_kappa: 0.09304242318542136
EI_topo: 1.3075027980667222
EI_topo_mod: 5.907071955393985e-13
E_bias_mean: 0.0
E_bias_std: 1.0e-12
IE_kappa: 0.219849765762342
IE_topo: 0.9104496576125458
IE_topo_mod: 3.1283650766614756e-13
II_kappa: 0.14056935941879822
II_topo: 0.4320427183878124
II_topo_mod: 6.822163692854345e-13
I_bias_mean: 0.0
I_bias_std: 1.0e-12
alpha_EE: 0.2593993882091019
alpha_EI: 0.008059420514845983
alpha_II: 0.18232517077057112
dt: 20
init_exc: 0.2
init_inh: 0.4
init_mod: 0.1
inp_E_kappa: 0.213857848214333
inp_E_topo: 0.25530585098677605
inp_I_kappa: 0.19032182110663176
inp_I_topo: 1.122523319050403
input_weight: 0.16162331818631798
max_h_for_output: 999.0
mod_EE_weight: 0.038935170610937764
mod_EI_weight: 1.7826062436423658
mod_IE_weight: 1.3260908054518181
mod_II_weight: 1.0187460467474798
n_actions: 3
n_bottom_up: 33
n_cue_tuned: 0
n_exc: 2000
n_fix_tuned: 1
n_hidden: 2500
n_inh: 500
n_motion_tuned: 32
n_reward_levels: 3
n_top_down: 6
n_top_down_hidden: 64
noise_input_sd: 0.0
noise_rnn_sd: 0.05
nonlinear_top_down: false
rnn_weight: 0.13089774081603472
tc_modulator: 22.694093788628898
tc_soma: 100
td_E_kappa: 0.1563582344269629
td_E_topo: 0.5
td_I_kappa: 0.13382876654599368
td_I_topo: 0.5
td_weight: 0.08721234785767684
