EE_kappa: 0.0734218206839795
EE_topo: 0.6709750124216303
EE_topo_mod: 0.0
EI_kappa: 0.16920357656675034
EI_topo: 0.6847070117694014
EI_topo_mod: 0.0
E_bias_mean: 0.0
E_bias_std: 1.0e-12
IE_kappa: 0.08875068652676364
IE_topo: 1.1196375723734249
IE_topo_mod: 0.0
II_kappa: 0.1570137448674005
II_topo: 1.5929956018488274
II_topo_mod: 0.0
I_bias_mean: 0.0
I_bias_std: 1.0e-12
alpha_EE: 0.2218257844902807
alpha_EI: 0.08330535857364842
alpha_II: 0.1439809348704825
dt: 20
init_exc: 0.2
init_inh: 0.4
init_mod: 0.0
inp_E_kappa: 0.07572226484034411
inp_E_topo: 0.5722447917836759
inp_I_kappa: 0.1305807166172019
inp_I_topo: 0.10784167661515376
input_weight: 0.17482352907426973
max_h_for_output: 999.0
mod_EE_weight: 0.0
mod_EI_weight: 0.0
mod_IE_weight: 0.0
mod_II_weight: 0.0
n_actions: 3
n_bottom_up: 65
n_cue_tuned: 2
n_exc: 2000
n_fix_tuned: 1
n_hidden: 2500
n_inh: 500
n_motion_tuned: 64
n_reward_levels: 3
n_top_down: 10
n_top_down_hidden: 64
noise_input_sd: 0.0
noise_rnn_sd: 0.05
nonlinear_top_down: false
rnn_weight: 0.15176682327992636
tc_modulator: 43.03390391829843
tc_soma: 100
td_E_kappa: 0.162603550486159
td_E_topo: 0.1974159316875168
td_I_kappa: 0.16332384844660855
td_I_topo: 0.84872200207792
td_weight: 0.08721234785767684
