EE_kappa: 0.06331817849656718
EE_topo: 1.209598409236688
EE_topo_mod: 3.31241983224975e-13
EI_kappa: 0.050917766583862045
EI_topo: 0.23627495738016102
EI_topo_mod: 4.962470871061844e-13
E_bias_mean: 0.0
E_bias_std: 1.0e-12
IE_kappa: 0.1571601626153845
IE_topo: 1.828453757863657
IE_topo_mod: 2.499040543801194e-13
II_kappa: 0.06992301867082854
II_topo: 0.8924348288292798
II_topo_mod: 3.5668375046827707e-13
I_bias_mean: 0.0
I_bias_std: 1.0e-12
alpha_EE: 0.2943216068403647
alpha_EI: 0.24427715454789806
alpha_II: 0.27275812365464286
dt: 20
init_exc: 0.2
init_inh: 0.4
init_mod: 0.1
inp_E_kappa: 0.23460422956562405
inp_E_topo: 1.4494091082202114
inp_I_kappa: 0.09043465115250271
inp_I_topo: 1.0964768607271917
input_weight: 0.12695862541899733
max_h_for_output: 999.0
mod_EE_weight: 1.349501175153547
mod_EI_weight: 0.42709547836042083
mod_IE_weight: 0.7696198481249454
mod_II_weight: 0.9941427376917513
n_actions: 3
n_bottom_up: 33
n_cue_tuned: 0
n_exc: 2000
n_fix_tuned: 1
n_hidden: 2500
n_inh: 500
n_motion_tuned: 32
n_reward_levels: 3
n_top_down: 6
n_top_down_hidden: 64
noise_input_sd: 0.0
noise_rnn_sd: 0.05
nonlinear_top_down: false
restrict_output_to_exc: false
rnn_weight: 0.12931673161176682
tc_modulator: 70.07347323787911
tc_soma: 100
td_E_kappa: 0.14263146709340016
td_E_topo: 1.4126310943675993
td_I_kappa: 0.17188185331404443
td_I_topo: 1.0211046576467726
td_weight: 0.08721234785767684
