EE_kappa: 0.07474083241235574
EE_topo: 0.700684548707567
EE_topo_mod: 4.5029481656736793e-13
EI_kappa: 0.22802315193220446
EI_topo: 1.9894013817665033
EI_topo_mod: 3.852422956243708e-13
E_bias_mean: 0.0
E_bias_std: 1.0e-12
IE_kappa: 0.08465013435712873
IE_topo: 0.08972424284427771
IE_topo_mod: 7.182328366469729e-13
II_kappa: 0.23472545221717583
II_topo: 0.3239945964268789
II_topo_mod: 2.1197110287065245e-13
I_bias_mean: 0.0
I_bias_std: 1.0e-12
alpha_EE: 0.14688877561707128
alpha_EI: 0.19207330459637736
alpha_II: 0.261065112209932
dt: 20
init_exc: 0.2
init_inh: 0.4
init_mod: 0.1
inp_E_kappa: 0.17806768445375032
inp_E_topo: 1.595701065513207
inp_I_kappa: 0.18598447203535012
inp_I_topo: 0.4654879927190072
input_weight: 0.1972721731952397
max_h_for_output: 999.0
mod_EE_weight: 1.9913258465910384
mod_EI_weight: 1.084147059277302
mod_IE_weight: 0.6126164121596431
mod_II_weight: 1.8639781399658197
n_actions: 3
n_bottom_up: 33
n_cue_tuned: 0
n_exc: 2000
n_fix_tuned: 1
n_hidden: 2500
n_inh: 500
n_motion_tuned: 32
n_reward_levels: 3
n_top_down: 6
n_top_down_hidden: 64
noise_input_sd: 0.0
noise_rnn_sd: 0.05
nonlinear_top_down: false
restrict_output_to_exc: false
rnn_weight: 0.191861029005309
tc_modulator: 33.28138505511522
tc_soma: 100
td_E_kappa: 0.15812995367013766
td_E_topo: 1.269787222965057
td_I_kappa: 0.2101967652909283
td_I_topo: 1.8653686715817082
td_weight: 0.08721234785767684
