EE_kappa: 0.13969804768235378
EE_topo: 1.001213811850702
EE_topo_mod: 2.0210347488242542e-13
EI_kappa: 0.19558658123417672
EI_topo: 1.9449422443364925
EI_topo_mod: 9.235133786398616e-13
E_bias_mean: 0.0
E_bias_std: 1.0e-12
IE_kappa: 0.1565477104967707
IE_topo: 1.0364211691331722
IE_topo_mod: 5.121083793579347e-13
II_kappa: 0.1104014117408808
II_topo: 1.7540745670848144
II_topo_mod: 6.874325246811074e-14
I_bias_mean: 0.0
I_bias_std: 1.0e-12
alpha_EE: 0.04079846800266394
alpha_EI: 0.07184455413081647
alpha_II: 0.1691588786185912
dt: 20
init_exc: 0.2
init_inh: 0.4
init_mod: 0.1
inp_E_kappa: 0.22275813554987417
inp_E_topo: 1.5633847063206205
inp_I_kappa: 0.13007453224274645
inp_I_topo: 0.5875378049743767
input_weight: 0.19581883778512427
max_h_for_output: 999.0
mod_EE_weight: 1.078766541727291
mod_EI_weight: 1.5395540789274877
mod_IE_weight: 0.4561013661546962
mod_II_weight: 1.1116996238480181
n_actions: 3
n_bottom_up: 33
n_cue_tuned: 0
n_exc: 2000
n_fix_tuned: 1
n_hidden: 2500
n_inh: 500
n_motion_tuned: 32
n_reward_levels: 3
n_top_down: 6
n_top_down_hidden: 64
noise_input_sd: 0.0
noise_rnn_sd: 0.05
nonlinear_top_down: false
restrict_output_to_exc: false
rnn_weight: 0.13952363413624233
tc_modulator: 89.9157848031618
tc_soma: 100
td_E_kappa: 0.15669119521353086
td_E_topo: 1.483063590240498
td_I_kappa: 0.16402215734066844
td_I_topo: 1.3953871242627502
td_weight: 0.08721234785767684
