EE_kappa: 0.09461946053196586
EE_topo: 0.6683122318219026
EE_topo_mod: 4.3940558538877983e-13
EI_kappa: 0.19917698452628746
EI_topo: 0.4443781055833489
EI_topo_mod: 7.05421109031294e-13
E_bias_mean: 0.0
E_bias_std: 1.0e-12
IE_kappa: 0.11330888207698397
IE_topo: 1.765108579631195
IE_topo_mod: 8.250045190592841e-13
II_kappa: 0.23132246709765192
II_topo: 1.2109054051675106
II_topo_mod: 3.165190337939052e-13
I_bias_mean: 0.0
I_bias_std: 1.0e-12
alpha_EE: 0.08222798165080865
alpha_EI: 0.2676952466936007
alpha_II: 0.27452499011874126
dt: 20
init_exc: 0.2
init_inh: 0.4
init_mod: 0.1
inp_E_kappa: 0.1802015390397113
inp_E_topo: 0.8356342690294547
inp_I_kappa: 0.09230873153555504
inp_I_topo: 1.3972253556549863
input_weight: 0.17049895296619177
max_h_for_output: 999.0
mod_EE_weight: 1.9763552975963843
mod_EI_weight: 1.2354539515783538
mod_IE_weight: 0.770339063445201
mod_II_weight: 0.7928146322404006
n_actions: 3
n_bottom_up: 33
n_cue_tuned: 0
n_exc: 2000
n_fix_tuned: 1
n_hidden: 2500
n_inh: 500
n_motion_tuned: 32
n_reward_levels: 3
n_top_down: 6
n_top_down_hidden: 64
noise_input_sd: 0.0
noise_rnn_sd: 0.05
nonlinear_top_down: false
restrict_output_to_exc: false
rnn_weight: 0.1902416407732283
tc_modulator: 70.84200474656319
tc_soma: 100
td_E_kappa: 0.18065417479326779
td_E_topo: 1.8346152889987557
td_I_kappa: 0.09274345140113674
td_I_topo: 0.4322139541476846
td_weight: 0.08721234785767684
