EE_kappa: 0.08692776125128943
EE_topo: 1.3433531307733673
EE_topo_mod: 0.0067314279581011036
EI_kappa: 0.22135140899779843
EI_topo: 1.559241076384983
EI_topo_mod: 0.004511697442023925
E_bias_mean: 0.0
E_bias_std: 1.0e-12
IE_kappa: 0.20330324536800742
IE_topo: 0.45873009787603447
IE_topo_mod: 0.0038016624719329753
II_kappa: 0.2266942757731379
II_topo: 1.4584488988891975
II_topo_mod: 0.0023130219155528355
I_bias_mean: 0.0
I_bias_std: 1.0e-12
alpha_EE: 0.19028814841408906
alpha_EI: 0.008668871205775452
alpha_II: 0.27244741910036796
dt: 20
init_exc: 0.2
init_inh: 0.4
init_mod: 0.1
inp_E_kappa: 0.21546111924959205
inp_E_topo: 0.8014741480662357
inp_I_kappa: 0.21181246093750833
inp_I_topo: 0.11562430036397453
input_weight: 0.18832922907381822
max_h_for_output: 999.0
mod_EE_weight: 1.566775350374151
mod_EI_weight: 0.3378342562443786
mod_IE_weight: 0.892389130544812
mod_II_weight: 0.9635877216618858
n_actions: 3
n_bottom_up: 67
n_cue_tuned: 2
n_exc: 2000
n_fix_tuned: 1
n_hidden: 2500
n_inh: 500
n_motion_tuned: 64
n_reward_levels: 3
n_top_down: 10
n_top_down_hidden: 64
noise_input_sd: 0.0
noise_rnn_sd: 0.05
nonlinear_top_down: false
restrict_output_to_exc: false
rnn_weight: 0.15194354994988885
tc_modulator: 49.33725742852602
tc_soma: 100
td_E_kappa: 0.1583404069914905
td_E_topo: 1.3170132123412546
td_I_kappa: 0.10953470774227676
td_I_topo: 1.127456082609435
td_weight: 0.08721234785767684
