EE_kappa: 0.05951608382420151
EE_topo: 1.1538785238803035
EE_topo_mod: 8.323996755180814e-13
EI_kappa: 0.16846963442926322
EI_topo: 0.25335234806340434
EI_topo_mod: 8.725386690840911e-13
E_bias_mean: 0.0
E_bias_std: 1.0e-12
IE_kappa: 0.23772473091132268
IE_topo: 0.22465895655476875
IE_topo_mod: 5.963774479864949e-13
II_kappa: 0.2434701329625663
II_topo: 0.2659826387704469
II_topo_mod: 1.1465951610547242e-13
I_bias_mean: 0.0
I_bias_std: 1.0e-12
alpha_EE: 0.2662459635410017
alpha_EI: 0.21702087398682862
alpha_II: 0.13057771695974482
dt: 20
init_exc: 0.2
init_inh: 0.4
init_mod: 0.1
inp_E_kappa: 0.24066875818731565
inp_E_topo: 0.7302683178541467
inp_I_kappa: 0.15240082516530357
inp_I_topo: 1.266767356483217
input_weight: 0.19352533762421376
max_h_for_output: 999.0
mod_EE_weight: 1.7288070636436792
mod_EI_weight: 1.3143852770143192
mod_IE_weight: 1.0940644170145473
mod_II_weight: 1.7581014275280638
n_actions: 3
n_bottom_up: 33
n_cue_tuned: 0
n_exc: 2000
n_fix_tuned: 1
n_hidden: 2500
n_inh: 500
n_motion_tuned: 32
n_reward_levels: 3
n_top_down: 6
n_top_down_hidden: 64
noise_input_sd: 0.0
noise_rnn_sd: 0.05
nonlinear_top_down: false
restrict_output_to_exc: false
rnn_weight: 0.14584582433130064
tc_modulator: 89.85532433527442
tc_soma: 100
td_E_kappa: 0.07818058187111872
td_E_topo: 0.33938579639518984
td_I_kappa: 0.1751921537026247
td_I_topo: 0.4144003254831208
td_weight: 0.08721234785767684
