EE_kappa: 0.07094824006444028
EE_topo: 1.767880205472406
EE_topo_mod: 5.040685853423147e-13
EI_kappa: 0.12768803265789236
EI_topo: 1.6140161739692331
EI_topo_mod: 8.492421617588053e-13
E_bias_mean: 0.0
E_bias_std: 1.0e-12
IE_kappa: 0.12196012124669622
IE_topo: 0.3195891368388579
IE_topo_mod: 1.5563986191856249e-13
II_kappa: 0.08090179557539595
II_topo: 1.781829454957453
II_topo_mod: 2.363686841712513e-13
I_bias_mean: 0.0
I_bias_std: 1.0e-12
alpha_EE: 0.1341977198574604
alpha_EI: 0.15877766234348717
alpha_II: 0.1000892080468477
dt: 20
init_exc: 0.2
init_inh: 0.4
init_mod: 0.1
inp_E_kappa: 0.23422701033351828
inp_E_topo: 1.2002566673725537
inp_I_kappa: 0.11104342039918887
inp_I_topo: 0.16864902220915456
input_weight: 0.15579463685590617
max_h_for_output: 999.0
mod_EE_weight: 0.5826069556684328
mod_EI_weight: 0.39320738286811485
mod_IE_weight: 0.2948347950336794
mod_II_weight: 1.0428189687064646
n_actions: 3
n_bottom_up: 67
n_cue_tuned: 2
n_exc: 2000
n_fix_tuned: 1
n_hidden: 2500
n_inh: 500
n_motion_tuned: 64
n_reward_levels: 3
n_top_down: 10
n_top_down_hidden: 64
noise_input_sd: 0.0
noise_rnn_sd: 0.05
nonlinear_top_down: false
restrict_output_to_exc: false
rnn_weight: 0.10473483946209247
tc_modulator: 21.975967100140885
tc_soma: 100
td_E_kappa: 0.23896983165205926
td_E_topo: 1.3670011205525305
td_I_kappa: 0.13346389061244174
td_I_topo: 0.3231912881241037
td_weight: 0.08721234785767684
