EE_kappa: 0.09406140977524975
EE_topo: 0.7414923666145816
EE_topo_mod: 1.2108564471890625e-13
EI_kappa: 0.15912921920311757
EI_topo: 1.760422745897647
EI_topo_mod: 9.0228945007017e-13
E_bias_mean: 0.0
E_bias_std: 1.0e-12
IE_kappa: 0.2318145684897343
IE_topo: 1.289855565745663
IE_topo_mod: 3.3280904379857735e-13
II_kappa: 0.15192032403724468
II_topo: 0.6235493898921438
II_topo_mod: 1.2019382687443492e-13
I_bias_mean: 0.0
I_bias_std: 1.0e-12
alpha_EE: 0.11697999146349806
alpha_EI: 0.000294578454812211
alpha_II: 0.19245160380598822
dt: 20
init_exc: 0.2
init_inh: 0.4
init_mod: 0.1
inp_E_kappa: 0.18399809884967
inp_E_topo: 1.2294936564025458
inp_I_kappa: 0.15160213072699086
inp_I_topo: 1.8830136031520592
input_weight: 0.15682462596359092
max_h_for_output: 999.0
mod_EE_weight: 1.7956647087594748
mod_EI_weight: 0.9984216333450531
mod_IE_weight: 1.337026340412105
mod_II_weight: 0.81358917990013
n_actions: 3
n_bottom_up: 33
n_cue_tuned: 0
n_exc: 2000
n_fix_tuned: 1
n_hidden: 2500
n_inh: 500
n_motion_tuned: 32
n_reward_levels: 3
n_top_down: 6
n_top_down_hidden: 64
noise_input_sd: 0.0
noise_rnn_sd: 0.05
nonlinear_top_down: false
rnn_weight: 0.15680936701433962
tc_modulator: 35.770448715882885
tc_soma: 100
td_E_kappa: 0.1563582344269629
td_E_topo: 0.5
td_I_kappa: 0.13382876654599368
td_I_topo: 0.5
td_weight: 0.08721234785767684
