EE_kappa: 0.08960513209175001
EE_topo: 1.1879559643003312
EE_topo_mod: 3.4807426943422194e-13
EI_kappa: 0.1393691560284785
EI_topo: 0.720995491756184
EI_topo_mod: 6.544395818082827e-14
E_bias_mean: 0.0
E_bias_std: 1.0e-12
IE_kappa: 0.23627595424571934
IE_topo: 1.5413210177360113
IE_topo_mod: 1.2743155951537689e-13
II_kappa: 0.2055119767969084
II_topo: 1.186267396473555
II_topo_mod: 7.436684450799326e-13
I_bias_mean: 0.0
I_bias_std: 1.0e-12
alpha_EE: 0.14122914244702736
alpha_EI: 0.0426492757991588
alpha_II: 0.21007950215013269
dt: 20
init_exc: 0.2
init_inh: 0.4
init_mod: 0.1
inp_E_kappa: 0.10145045329420568
inp_E_topo: 0.9417993800722226
inp_I_kappa: 0.20858734498236836
inp_I_topo: 0.6193321991330316
input_weight: 0.13224517718698042
max_h_for_output: 999.0
mod_EE_weight: 1.9922532177871122
mod_EI_weight: 0.19063673711844342
mod_IE_weight: 0.22637876651446276
mod_II_weight: 0.4519832717561101
n_actions: 3
n_bottom_up: 33
n_cue_tuned: 0
n_exc: 2000
n_fix_tuned: 1
n_hidden: 2500
n_inh: 500
n_motion_tuned: 32
n_reward_levels: 3
n_top_down: 6
n_top_down_hidden: 64
noise_input_sd: 0.0
noise_rnn_sd: 0.05
nonlinear_top_down: false
restrict_output_to_exc: false
rnn_weight: 0.1625971278849882
tc_modulator: 91.70847301734466
tc_soma: 100
td_E_kappa: 0.16485145508453947
td_E_topo: 0.7939043306990288
td_I_kappa: 0.1116658394081142
td_I_topo: 1.5411995061095047
td_weight: 0.08721234785767684
