EE_kappa: 0.06073412847058579
EE_topo: 1.5024302376719967
EE_topo_mod: 0.003520671124723589
EI_kappa: 0.09582925445107493
EI_topo: 1.4847985312936467
EI_topo_mod: 0.007832865100180532
E_bias_mean: 0.0
E_bias_std: 1.0e-12
IE_kappa: 0.135046843209509
IE_topo: 1.847256730155205
IE_topo_mod: 0.004092313781759225
II_kappa: 0.1510118383000162
II_topo: 0.7673908086781125
II_topo_mod: 0.0019671599019715014
I_bias_mean: 0.0
I_bias_std: 1.0e-12
alpha_EE: 0.0364749460703493
alpha_EI: 0.08649383783612109
alpha_II: 0.028007881910312737
dt: 20
init_exc: 0.2
init_inh: 0.4
init_mod: 0.1
inp_E_kappa: 0.18249945537066697
inp_E_topo: 0.5492078845505286
inp_I_kappa: 0.1540174341337095
inp_I_topo: 1.011840569125055
input_weight: 0.18065314219283352
max_h_for_output: 999.0
mod_EE_weight: 1.8830310124248024
mod_EI_weight: 1.7284188800899531
mod_IE_weight: 0.1324484042432732
mod_II_weight: 1.5585512131281472
n_actions: 3
n_bottom_up: 67
n_cue_tuned: 2
n_exc: 2000
n_fix_tuned: 1
n_hidden: 2500
n_inh: 500
n_motion_tuned: 64
n_reward_levels: 3
n_top_down: 10
n_top_down_hidden: 64
noise_input_sd: 0.0
noise_rnn_sd: 0.05
nonlinear_top_down: false
restrict_output_to_exc: false
rnn_weight: 0.190221578419699
tc_modulator: 94.8231178577949
tc_soma: 100
td_E_kappa: 0.07496998429711273
td_E_topo: 1.8688197479469446
td_I_kappa: 0.189848617931959
td_I_topo: 0.8918433741788485
td_weight: 0.08721234785767684
