EE_kappa: 0.07165022414521396
EE_topo: 0.730531718851295
EE_topo_mod: 1.303670706182587e-13
EI_kappa: 0.170834483363776
EI_topo: 0.4974193263318225
EI_topo_mod: 8.6361004798762e-13
E_bias_mean: 0.0
E_bias_std: 1.0e-12
IE_kappa: 0.05286846784004127
IE_topo: 1.990937831451573
IE_topo_mod: 4.636380157484452e-13
II_kappa: 0.11229471112208418
II_topo: 0.4499170918275428
II_topo_mod: 5.026921127918828e-13
I_bias_mean: 0.0
I_bias_std: 1.0e-12
alpha_EE: 0.1579337728416876
alpha_EI: 0.23719935127268243
alpha_II: 0.048141741377939036
dt: 20
init_exc: 0.2
init_inh: 0.4
init_mod: 0.1
inp_E_kappa: 0.23296115136428547
inp_E_topo: 0.41439324403113686
inp_I_kappa: 0.18195078815928395
inp_I_topo: 0.6425503972393132
input_weight: 0.12347836078582396
max_h_for_output: 999.0
mod_EE_weight: 1.723094148558365
mod_EI_weight: 1.0876524028590357
mod_IE_weight: 0.7988056221466178
mod_II_weight: 1.2061582776540638
n_actions: 3
n_bottom_up: 33
n_cue_tuned: 0
n_exc: 2000
n_fix_tuned: 1
n_hidden: 2500
n_inh: 500
n_motion_tuned: 32
n_reward_levels: 3
n_top_down: 6
n_top_down_hidden: 64
noise_input_sd: 0.0
noise_rnn_sd: 0.05
nonlinear_top_down: false
restrict_output_to_exc: false
rnn_weight: 0.19566226125940966
tc_modulator: 61.83152588904109
tc_soma: 100
td_E_kappa: 0.11894803108096158
td_E_topo: 1.900684572673467
td_I_kappa: 0.08332801805036212
td_I_topo: 1.1989510358683102
td_weight: 0.08721234785767684
