EE_kappa: 0.08238713698147633
EE_topo: 0.9577546080521628
EE_topo_mod: 2.8623538035658756e-14
EI_kappa: 0.1859004689622354
EI_topo: 1.4238480365721586
EI_topo_mod: 7.179370894107638e-13
E_bias_mean: 0.0
E_bias_std: 1.0e-12
IE_kappa: 0.21043723506032747
IE_topo: 0.3802741174641844
IE_topo_mod: 4.637110209939259e-13
II_kappa: 0.21059952966519013
II_topo: 0.8519725200219983
II_topo_mod: 8.850658347632546e-13
I_bias_mean: 0.0
I_bias_std: 1.0e-12
alpha_EE: 0.27493389878890295
alpha_EI: 0.12024801785789152
alpha_II: 0.21364524397313447
dt: 20
init_exc: 0.2
init_inh: 0.4
init_mod: 0.1
inp_E_kappa: 0.13673340147885588
inp_E_topo: 1.0834915884271021
inp_I_kappa: 0.21991639702353577
inp_I_topo: 0.29830623007171186
input_weight: 0.1939213635145441
max_h_for_output: 999.0
mod_EE_weight: 1.5322648801780714
mod_EI_weight: 0.17194286170568684
mod_IE_weight: 1.0074403018605609
mod_II_weight: 1.0969670195047643
n_actions: 3
n_bottom_up: 33
n_cue_tuned: 0
n_exc: 2000
n_fix_tuned: 1
n_hidden: 2500
n_inh: 500
n_motion_tuned: 32
n_reward_levels: 3
n_top_down: 6
n_top_down_hidden: 64
noise_input_sd: 0.0
noise_rnn_sd: 0.05
nonlinear_top_down: false
rnn_weight: 0.19067772133073851
tc_modulator: 98.62374862177984
tc_soma: 100
td_E_kappa: 0.1563582344269629
td_E_topo: 0.5
td_I_kappa: 0.13382876654599368
td_I_topo: 0.5
td_weight: 0.08721234785767684
