dt: 20
tc_soma: 100
tc_modulator: 75.67636042204776
n_exc: 2000
n_inh: 500
n_top_down_hidden: 64
nonlinear_top_down: False
n_fix_tuned: 1
n_cue_tuned: 2
n_motion_tuned: 64
n_actions: 3
n_reward_levels: 3
noise_rnn_sd: 0.05
noise_input_sd: 0.0
init_exc: 0.2
init_inh: 0.4
init_mod: 0.1
rnn_weight: 0.15525830097811233
input_weight: 0.1518169816666992
td_weight: 0.08721234785767684
EE_kappa: 0.08254647893945105
EI_kappa: 0.17964464820982196
IE_kappa: 0.13762747182460444
II_kappa: 0.18594089142768294
E_bias_mean: 0.0
E_bias_std: 1e-12
I_bias_mean: 0.0
I_bias_std: 1e-12
alpha_EI: 0.17813145546247514
alpha_EE: 0.27145059240538577
alpha_II: 0.08182299066223583
inp_E_kappa: 0.2405359833197394
inp_I_kappa: 0.1397163628644067
inp_E_topo: 0.8668326080712829
inp_I_topo: 1.3711328327549321
td_E_kappa: 0.06792013108257383
td_I_kappa: 0.05547709844450921
td_E_topo: 0.722663184687395
td_I_topo: 1.667302648532819
EE_topo: 0.8029899141993599
EI_topo: 1.1582290491924516
IE_topo: 0.02309171496730622
II_topo: 0.4586561259073634
mod_EE_weight: 1.4953547262586777
mod_EI_weight: 0.36349222666699355
mod_IE_weight: 0.38477995729860304
mod_II_weight: 1.2167380941711738
EE_topo_mod: 6.943794617537885e-13
EI_topo_mod: 4.563830109134878e-13
IE_topo_mod: 7.718479074878786e-13
II_topo_mod: 5.661108504193358e-13
n_hidden: 2500
n_top_down: 10
restrict_output_to_exc: False
n_bottom_up: 67
max_h_for_output: 5.0