dt: 20
tc_soma: 100
tc_modulator: 82.49774274467785
n_exc: 2000
n_inh: 500
n_top_down_hidden: 64
nonlinear_top_down: False
n_fix_tuned: 1
n_cue_tuned: 2
n_motion_tuned: 64
n_actions: 3
n_reward_levels: 3
noise_rnn_sd: 0.05
noise_input_sd: 0.0
init_exc: 0.2
init_inh: 0.4
init_mod: 0.1
rnn_weight: 0.18730556743045124
input_weight: 0.18960529427350126
td_weight: 0.08721234785767684
EE_kappa: 0.07244661921661406
EI_kappa: 0.12021478713597421
IE_kappa: 0.09512959548621713
II_kappa: 0.10271435073274658
E_bias_mean: 0.0
E_bias_std: 1e-12
I_bias_mean: 0.0
I_bias_std: 1e-12
alpha_EI: 0.00652468933434821
alpha_EE: 0.02472799872490836
alpha_II: 0.24574235941686864
inp_E_kappa: 0.24243963378004862
inp_I_kappa: 0.1825498036016277
inp_E_topo: 0.08049882189111801
inp_I_topo: 0.0009100215891659769
td_E_kappa: 0.1365686135742389
td_I_kappa: 0.1518254339851972
td_E_topo: 1.278492086997716
td_I_topo: 1.9787024376523958
EE_topo: 0.4272832795768986
EI_topo: 1.2420869246838508
IE_topo: 0.5728646911666417
II_topo: 1.2378420177453753
mod_EE_weight: 1.582681925707866
mod_EI_weight: 0.8272262460762738
mod_IE_weight: 0.5050734841642575
mod_II_weight: 0.8558734987821197
EE_topo_mod: 8.290784424164599e-13
EI_topo_mod: 3.9498957249062005e-13
IE_topo_mod: 3.8583755518365883e-13
II_topo_mod: 9.895093359446584e-13
n_hidden: 2500
n_top_down: 10
restrict_output_to_exc: False
n_bottom_up: 67
max_h_for_output: 5.0