EE_kappa: 0.10180054600753957
EE_topo: 0.1115468313149619
EE_topo_mod: 4.80534758252158e-13
EI_kappa: 0.13990916310869078
EI_topo: 0.3054391456475172
EI_topo_mod: 7.035773748490166e-13
E_bias_mean: 0.0
E_bias_std: 1e-12
IE_kappa: 0.20657838296718117
IE_topo: 0.7047883139343023
IE_topo_mod: 5.351274238443465e-13
II_kappa: 0.12361223298269866
II_topo: 1.7566043121292625
II_topo_mod: 6.691328809574242e-13
I_bias_mean: 0.0
I_bias_std: 1e-12
alpha_EE: 0.04190681271296535
alpha_EI: 0.17661319084095936
alpha_II: 0.1449888480954095
dt: 20
init_exc: 0.2
init_inh: 0.4
init_mod: 0.1
inp_E_kappa: 0.18122065548853805
inp_E_topo: 1.1354161172386488
inp_I_kappa: 0.17476766488595746
inp_I_topo: 0.25088116008301387
input_weight: 0.11432797460522845
max_h_for_output: 5.0
mod_EE_weight: 0.1141418034481152
mod_EI_weight: 0.7919214100724709
mod_IE_weight: 0.4640526432291451
mod_II_weight: 0.8067514365353813
n_actions: 3
n_bottom_up: 67
n_cue_tuned: 2
n_exc: 2000
n_fix_tuned: 1
n_hidden: 2500
n_inh: 500
n_motion_tuned: 64
n_reward_levels: 3
n_top_down: 10
n_top_down_hidden: 64
noise_input_sd: 0.0
noise_rnn_sd: 0.05
nonlinear_top_down: false
restrict_output_to_exc: false
rnn_weight: 0.12274625313415198
tc_modulator: 65.95696596550411
tc_soma: 100
td_E_kappa: 0.07358719764089335
td_E_topo: 1.1414537751507603
td_I_kappa: 0.05218702706331768
td_I_topo: 1.5788698393552578
td_weight: 0.08721234785767684
