EE_kappa: 0.14739767871692755
EE_topo: 1.1113309892908663
EE_topo_mod: 7.25063256874663e-13
EI_kappa: 0.22855490788709892
EI_topo: 1.784560178089317
EI_topo_mod: 9.04717261155892e-13
E_bias_mean: 0.0
E_bias_std: 1e-12
IE_kappa: 0.23437371701509152
IE_topo: 1.7770523721917377
IE_topo_mod: 3.2441576005235275e-13
II_kappa: 0.1805284223671189
II_topo: 1.4192321768404692
II_topo_mod: 9.655999268829476e-13
I_bias_mean: 0.0
I_bias_std: 1e-12
alpha_EE: 0.26256855630060494
alpha_EI: 0.0015527826791157274
alpha_II: 0.18837722461045872
dt: 20
init_exc: 0.2
init_inh: 0.4
init_mod: 0.1
inp_E_kappa: 0.06040455936626681
inp_E_topo: 1.6558296721340744
inp_I_kappa: 0.11742749860307536
inp_I_topo: 0.5198298342062972
input_weight: 0.11973007748177279
max_h_for_output: 5.0
mod_EE_weight: 1.0891570901681498
mod_EI_weight: 0.3806991190196405
mod_IE_weight: 1.0486123181194198
mod_II_weight: 1.1676705914204202
n_actions: 3
n_bottom_up: 67
n_cue_tuned: 2
n_exc: 2000
n_fix_tuned: 1
n_hidden: 2500
n_inh: 500
n_motion_tuned: 64
n_reward_levels: 3
n_top_down: 10
n_top_down_hidden: 64
noise_input_sd: 0.0
noise_rnn_sd: 0.05
nonlinear_top_down: false
restrict_output_to_exc: false
rnn_weight: 0.17709591079023523
tc_modulator: 99.15394970042624
tc_soma: 100
td_E_kappa: 0.11297187883925895
td_E_topo: 0.5663343102652163
td_I_kappa: 0.13806925504533188
td_I_topo: 1.0609537079338118
td_weight: 0.08721234785767684
