EE_kappa: 0.06283189209296852
EE_topo: 1.6326800059837223
EE_topo_mod: 7.905104182341507e-13
EI_kappa: 0.20683653537672386
EI_topo: 0.6277038957016414
EI_topo_mod: 9.503293163903343e-13
E_bias_mean: 0.0
E_bias_std: 1e-12
IE_kappa: 0.13540817556426157
IE_topo: 0.8698355849424604
IE_topo_mod: 9.310172703635392e-13
II_kappa: 0.2214819483510581
II_topo: 1.7850390301823196
II_topo_mod: 6.653933522206621e-13
I_bias_mean: 0.0
I_bias_std: 1e-12
alpha_EE: 0.11884614748008449
alpha_EI: 0.01787553644164733
alpha_II: 0.2029455435861244
dt: 20
init_exc: 0.2
init_inh: 0.4
init_mod: 0.1
inp_E_kappa: 0.07336927953075832
inp_E_topo: 0.13121796237578187
inp_I_kappa: 0.050270472164246516
inp_I_topo: 1.931491680449661
input_weight: 0.13554051263306854
max_h_for_output: 5.0
mod_EE_weight: 1.676136924732365
mod_EI_weight: 1.3240378537923867
mod_IE_weight: 0.3249262656431706
mod_II_weight: 0.030632877390956104
n_actions: 3
n_bottom_up: 67
n_cue_tuned: 2
n_exc: 2000
n_fix_tuned: 1
n_hidden: 2500
n_inh: 500
n_motion_tuned: 64
n_reward_levels: 3
n_top_down: 10
n_top_down_hidden: 64
noise_input_sd: 0.0
noise_rnn_sd: 0.05
nonlinear_top_down: false
restrict_output_to_exc: false
rnn_weight: 0.195644606888716
tc_modulator: 35.62372450018124
tc_soma: 100
td_E_kappa: 0.1881113148779256
td_E_topo: 1.5926736457729418
td_I_kappa: 0.11510223291539329
td_I_topo: 1.6194104866330068
td_weight: 0.08721234785767684
