EE_kappa: 0.05034157833459754
EE_topo: 1.831663345049845
EE_topo_mod: 7.886975771372812e-13
EI_kappa: 0.15151277171429473
EI_topo: 0.730202075691585
EI_topo_mod: 3.761859576993535e-13
E_bias_mean: 0.0
E_bias_std: 1e-12
IE_kappa: 0.11300182255089977
IE_topo: 0.8842838718987578
IE_topo_mod: 4.557643693243759e-13
II_kappa: 0.23749545790475174
II_topo: 0.2828072605218024
II_topo_mod: 2.8194156537893755e-13
I_bias_mean: 0.0
I_bias_std: 1e-12
alpha_EE: 0.1269091116380038
alpha_EI: 0.09810677833186061
alpha_II: 0.15097459544301228
dt: 20
init_exc: 0.2
init_inh: 0.4
init_mod: 0.1
inp_E_kappa: 0.17999849842024235
inp_E_topo: 1.7517761627061654
inp_I_kappa: 0.22548253881300523
inp_I_topo: 0.03244323558579665
input_weight: 0.11031003243884929
max_h_for_output: 5.0
mod_EE_weight: 0.9159031827573303
mod_EI_weight: 0.40659633771506654
mod_IE_weight: 0.86792686044931
mod_II_weight: 0.6993037655456362
n_actions: 3
n_bottom_up: 67
n_cue_tuned: 2
n_exc: 2000
n_fix_tuned: 1
n_hidden: 2500
n_inh: 500
n_motion_tuned: 64
n_reward_levels: 3
n_top_down: 10
n_top_down_hidden: 64
noise_input_sd: 0.0
noise_rnn_sd: 0.05
nonlinear_top_down: false
restrict_output_to_exc: false
rnn_weight: 0.09388151871641162
tc_modulator: 44.805764991113605
tc_soma: 100
td_E_kappa: 0.09669339000249465
td_E_topo: 0.754506634341938
td_I_kappa: 0.14068487602918206
td_I_topo: 0.2637770547693794
td_weight: 0.08721234785767684
