EE_kappa: 0.07324352453017102
EE_topo: 0.8490695810528635
EE_topo_mod: 9.922810241490029e-13
EI_kappa: 0.20394261674490805
EI_topo: 0.6447671191029407
EI_topo_mod: 3.7385675779590154e-13
E_bias_mean: 0.0
E_bias_std: 1e-12
IE_kappa: 0.1566167099575483
IE_topo: 1.4933494956020064
IE_topo_mod: 5.957904957410177e-13
II_kappa: 0.21200570497015248
II_topo: 0.20878179445053457
II_topo_mod: 5.75221472404428e-14
I_bias_mean: 0.0
I_bias_std: 1e-12
alpha_EE: 0.19467685005954125
alpha_EI: 0.2335681321401968
alpha_II: 0.2635176648602578
dt: 20
init_exc: 0.2
init_inh: 0.4
init_mod: 0.1
inp_E_kappa: 0.15366886983366052
inp_E_topo: 0.5056635894737451
inp_I_kappa: 0.16931777821651028
inp_I_topo: 1.8049722681692242
input_weight: 0.1588643713737836
max_h_for_output: 5.0
mod_EE_weight: 0.829365686764705
mod_EI_weight: 0.32976184239622597
mod_IE_weight: 0.016509028235726197
mod_II_weight: 0.923389504759531
n_actions: 3
n_bottom_up: 67
n_cue_tuned: 2
n_exc: 2000
n_fix_tuned: 1
n_hidden: 2500
n_inh: 500
n_motion_tuned: 64
n_reward_levels: 3
n_top_down: 10
n_top_down_hidden: 64
noise_input_sd: 0.0
noise_rnn_sd: 0.05
nonlinear_top_down: false
restrict_output_to_exc: false
rnn_weight: 0.1972598473427601
tc_modulator: 20.99606584458588
tc_soma: 100
td_E_kappa: 0.1316381148007422
td_E_topo: 1.6005235360739798
td_I_kappa: 0.06949631304207592
td_I_topo: 1.6102206987837508
td_weight: 0.08721234785767684
