EE_kappa: 0.07057246552684449
EE_topo: 0.33170348440087105
EE_topo_mod: 5.916212656976058e-13
EI_kappa: 0.1324187634957274
EI_topo: 1.7240794474465335
EI_topo_mod: 2.0677522510266566e-13
E_bias_mean: 0.0
E_bias_std: 1e-12
IE_kappa: 0.19447190920351237
IE_topo: 1.454987791241932
IE_topo_mod: 1.9619435571339595e-13
II_kappa: 0.24447116058184265
II_topo: 1.6693876258983111
II_topo_mod: 7.304032054318857e-13
I_bias_mean: 0.0
I_bias_std: 1e-12
alpha_EE: 0.2661895062186554
alpha_EI: 0.03546770834698587
alpha_II: 0.11138528588277591
dt: 20
init_exc: 0.2
init_inh: 0.4
init_mod: 0.1
inp_E_kappa: 0.18496420375224437
inp_E_topo: 0.30727043592051073
inp_I_kappa: 0.20761400497939925
inp_I_topo: 0.9387726686525977
input_weight: 0.09811311172980394
max_h_for_output: 5.0
mod_EE_weight: 0.15294504776522855
mod_EI_weight: 1.7411053761608346
mod_IE_weight: 0.08837997794612074
mod_II_weight: 0.8763322433494842
n_actions: 3
n_bottom_up: 67
n_cue_tuned: 2
n_exc: 2000
n_fix_tuned: 1
n_hidden: 2500
n_inh: 500
n_motion_tuned: 64
n_reward_levels: 3
n_top_down: 10
n_top_down_hidden: 64
noise_input_sd: 0.0
noise_rnn_sd: 0.05
nonlinear_top_down: false
restrict_output_to_exc: false
rnn_weight: 0.14225831487546475
tc_modulator: 65.58707147964557
tc_soma: 100
td_E_kappa: 0.1149577855842974
td_E_topo: 0.00655855216591239
td_I_kappa: 0.24900254204406852
td_I_topo: 0.6934287710575187
td_weight: 0.08721234785767684
