EE_kappa: 0.12252809426332896
EE_topo: 1.0915997156060007
EE_topo_mod: 5.914006045733333e-15
EI_kappa: 0.23367830768732184
EI_topo: 1.823786725887834
EI_topo_mod: 5.424065327429158e-13
E_bias_mean: 0.0
E_bias_std: 1e-12
IE_kappa: 0.15192474772942116
IE_topo: 1.8051839189693393
IE_topo_mod: 1.0486156110476463e-13
II_kappa: 0.21904972395953776
II_topo: 0.40156830831211177
II_topo_mod: 5.335251061160003e-13
I_bias_mean: 0.0
I_bias_std: 1e-12
alpha_EE: 0.04176456591640306
alpha_EI: 0.009306778653307679
alpha_II: 0.1620492934285398
dt: 20
init_exc: 0.2
init_inh: 0.4
init_mod: 0.1
inp_E_kappa: 0.18014349371101074
inp_E_topo: 0.09108511274698339
inp_I_kappa: 0.12624351717597973
inp_I_topo: 0.8926169758987159
input_weight: 0.09399622739329883
max_h_for_output: 5.0
mod_EE_weight: 1.689338882416311
mod_EI_weight: 1.7121153529127093
mod_IE_weight: 1.8871014877273473
mod_II_weight: 1.2833118985213265
n_actions: 3
n_bottom_up: 67
n_cue_tuned: 2
n_exc: 2000
n_fix_tuned: 1
n_hidden: 2500
n_inh: 500
n_motion_tuned: 64
n_reward_levels: 3
n_top_down: 10
n_top_down_hidden: 64
noise_input_sd: 0.0
noise_rnn_sd: 0.05
nonlinear_top_down: false
restrict_output_to_exc: false
rnn_weight: 0.13229721124317817
tc_modulator: 29.64843720964697
tc_soma: 100
td_E_kappa: 0.23839679393845725
td_E_topo: 0.33993037048376085
td_I_kappa: 0.12126111869048149
td_I_topo: 1.3556142581440853
td_weight: 0.08721234785767684
