EE_kappa: 0.0987417067684837
EE_topo: 0.07891399883514305
EE_topo_mod: 1.9994076490498347e-13
EI_kappa: 0.1601951241243862
EI_topo: 0.731558205923253
EI_topo_mod: 6.270073888992953e-13
E_bias_mean: 0.0
E_bias_std: 1e-12
IE_kappa: 0.15176806263773335
IE_topo: 0.8951796678838313
IE_topo_mod: 7.501292527724434e-14
II_kappa: 0.19678507268533652
II_topo: 1.3314640009366066
II_topo_mod: 6.321703439867454e-13
I_bias_mean: 0.0
I_bias_std: 1e-12
alpha_EE: 0.2345182441553803
alpha_EI: 0.13170710304635397
alpha_II: 0.22363864868314723
dt: 20
init_exc: 0.2
init_inh: 0.4
init_mod: 0.1
inp_E_kappa: 0.21460923941150395
inp_E_topo: 1.362917408075603
inp_I_kappa: 0.23717618879845065
inp_I_topo: 0.3523046818675202
input_weight: 0.1812034031258246
max_h_for_output: 5.0
mod_EE_weight: 1.2437548615457015
mod_EI_weight: 1.4885778119258768
mod_IE_weight: 0.7542143635373229
mod_II_weight: 0.14974722449515143
n_actions: 3
n_bottom_up: 67
n_cue_tuned: 2
n_exc: 2000
n_fix_tuned: 1
n_hidden: 2500
n_inh: 500
n_motion_tuned: 64
n_reward_levels: 3
n_top_down: 10
n_top_down_hidden: 64
noise_input_sd: 0.0
noise_rnn_sd: 0.05
nonlinear_top_down: false
restrict_output_to_exc: false
rnn_weight: 0.14162147009764775
tc_modulator: 43.05687117886688
tc_soma: 100
td_E_kappa: 0.1973928611895613
td_E_topo: 1.6208868521347979
td_I_kappa: 0.2235966106953335
td_I_topo: 0.6920447288430722
td_weight: 0.08721234785767684
