EE_kappa: 0.05532153695520406
EE_topo: 0.6828014648455873
EE_topo_mod: 9.847757139337511e-13
EI_kappa: 0.07969626584541967
EI_topo: 1.8723938230884434
EI_topo_mod: 2.397397611343038e-13
E_bias_mean: 0.0
E_bias_std: 1e-12
IE_kappa: 0.22871793669483453
IE_topo: 0.0752887381965075
IE_topo_mod: 5.361506323832449e-13
II_kappa: 0.12624643706646482
II_topo: 1.3615627295797907
II_topo_mod: 1.2151343091002742e-14
I_bias_mean: 0.0
I_bias_std: 1e-12
alpha_EE: 0.12720577255047527
alpha_EI: 0.004892359930212376
alpha_II: 0.26666066473761374
dt: 20
init_exc: 0.2
init_inh: 0.4
init_mod: 0.1
inp_E_kappa: 0.2117519886810591
inp_E_topo: 1.2779577151480859
inp_I_kappa: 0.11207507252179416
inp_I_topo: 0.5830379515494866
input_weight: 0.1442340037795335
max_h_for_output: 5.0
mod_EE_weight: 0.2473588983409598
mod_EI_weight: 0.5129898282906116
mod_IE_weight: 1.4180083795902296
mod_II_weight: 0.8968275395872636
n_actions: 3
n_bottom_up: 67
n_cue_tuned: 2
n_exc: 2000
n_fix_tuned: 1
n_hidden: 2500
n_inh: 500
n_motion_tuned: 64
n_reward_levels: 3
n_top_down: 10
n_top_down_hidden: 64
noise_input_sd: 0.0
noise_rnn_sd: 0.05
nonlinear_top_down: false
restrict_output_to_exc: false
rnn_weight: 0.1663620046366467
tc_modulator: 75.58761829882852
tc_soma: 100
td_E_kappa: 0.2298512004844681
td_E_topo: 1.2362522837518226
td_I_kappa: 0.17450402681270843
td_I_topo: 1.80132034851899
td_weight: 0.08721234785767684
