EE_kappa: 0.09637083591748177
EE_topo: 1.714858123740543
EE_topo_mod: 3.828183125455965e-13
EI_kappa: 0.24478582793599796
EI_topo: 0.7694396411205493
EI_topo_mod: 1.4306861905060818e-13
E_bias_mean: 0.0
E_bias_std: 1.0e-12
IE_kappa: 0.08929254176002649
IE_topo: 0.7820932569552412
IE_topo_mod: 4.697031809130067e-13
II_kappa: 0.06161653638298621
II_topo: 0.6173759324984915
II_topo_mod: 1.970176985487624e-13
I_bias_mean: 0.0
I_bias_std: 1.0e-12
alpha_EE: 0.07566272678913995
alpha_EI: 0.047136109741068674
alpha_II: 0.04357340745512006
dt: 20
filename: results_c68864bb-8604-4fa4-9318-86e4d254de0f.pkl
init_exc: 0.2
init_inh: 0.4
init_mod: 0.1
inp_E_kappa: 0.17576985132092465
inp_E_topo: 1.430963910096578
inp_I_kappa: 0.08552250136501419
inp_I_topo: 0.36281349011137465
input_weight: 0.1764912329653447
max_h_for_output: 5.0
mod_EE_weight: 0.012187305530461545
mod_EI_weight: 1.006350299761385
mod_IE_weight: 0.24162064341617273
mod_II_weight: 0.7798863402818965
n_actions: 3
n_bottom_up: 67
n_cue_tuned: 2
n_exc: 2000
n_fix_tuned: 1
n_hidden: 2500
n_inh: 500
n_motion_tuned: 64
n_reward_levels: 3
n_top_down: 10
n_top_down_hidden: 64
noise_input_sd: 0.0
noise_rnn_sd: 0.05
nonlinear_top_down: false
restrict_output_to_exc: false
rnn_weight: 0.08084506235986644
tc_modulator: 29.357848016310246
tc_soma: 100
td_E_kappa: 0.09386930406671362
td_E_topo: 1.0765172253486688
td_I_kappa: 0.20059280516905748
td_I_topo: 0.8425478573708971
td_weight: 0.08721234785767684
