EE_kappa: 0.08245333820726415
EE_topo: 0.8428585992697954
EE_topo_mod: 5.019595898333253e-13
EI_kappa: 0.23000766591629834
EI_topo: 0.44600572231330027
EI_topo_mod: 8.740312327561995e-14
E_bias_mean: 0.0
E_bias_std: 1.0e-12
IE_kappa: 0.07508593090449858
IE_topo: 0.8777263245106501
IE_topo_mod: 9.948026739174226e-13
II_kappa: 0.16000140576700098
II_topo: 0.5329470050316092
II_topo_mod: 3.3981213700585244e-13
I_bias_mean: 0.0
I_bias_std: 1.0e-12
alpha_EE: 0.18369933566701932
alpha_EI: 0.23779909713978825
alpha_II: 0.28268097829983646
dt: 20
filename: results_f56917c6-fdad-4e0a-b74c-2b6af8348452.pkl
init_exc: 0.2
init_inh: 0.4
init_mod: 0.1
inp_E_kappa: 0.1529468259444947
inp_E_topo: 0.804393153561209
inp_I_kappa: 0.22347236466848763
inp_I_topo: 0.3679229396356336
input_weight: 0.08299696637466766
max_h_for_output: 5.0
mod_EE_weight: 0.15769723012323178
mod_EI_weight: 0.22778540615825205
mod_IE_weight: 0.5909901908561073
mod_II_weight: 0.08772305613402875
n_actions: 3
n_bottom_up: 67
n_cue_tuned: 2
n_exc: 2000
n_fix_tuned: 1
n_hidden: 2500
n_inh: 500
n_motion_tuned: 64
n_reward_levels: 3
n_top_down: 10
n_top_down_hidden: 64
noise_input_sd: 0.0
noise_rnn_sd: 0.05
nonlinear_top_down: false
restrict_output_to_exc: false
rnn_weight: 0.07453990128165333
tc_modulator: 82.15183285922669
tc_soma: 100
td_E_kappa: 0.18807103124692265
td_E_topo: 1.268822698105642
td_I_kappa: 0.07210037598089686
td_I_topo: 1.8665644960531087
td_weight: 0.08721234785767684
