EE_kappa: 0.12588706596687427
EE_topo: 1.1203067567814373
EE_topo_mod: 2.6844484256308673e-13
EI_kappa: 0.22461949144515364
EI_topo: 0.9821901787240142
EI_topo_mod: 8.212707610500613e-14
E_bias_mean: 0.0
E_bias_std: 1.0e-12
IE_kappa: 0.1782955879687963
IE_topo: 1.6886601771703906
IE_topo_mod: 2.0624599576997527e-13
II_kappa: 0.20508860555649056
II_topo: 0.7588615978084297
II_topo_mod: 2.9598284880225e-13
I_bias_mean: 0.0
I_bias_std: 1.0e-12
alpha_EE: 0.2613531267238566
alpha_EI: 0.2837536523337709
alpha_II: 0.2751619587349168
dt: 20
filename: results_eaa0568c-9f06-428b-998a-e60a97bc8cf2.pkl
init_exc: 0.2
init_inh: 0.4
init_mod: 0.1
inp_E_kappa: 0.14939624278335523
inp_E_topo: 1.4104204229548023
inp_I_kappa: 0.2493788462587106
inp_I_topo: 1.9658378975847153
input_weight: 0.18260794058742524
max_h_for_output: 5.0
mod_EE_weight: 0.4113997628192574
mod_EI_weight: 1.0887545123651277
mod_IE_weight: 0.3859122808889981
mod_II_weight: 1.534642100358897
n_actions: 3
n_bottom_up: 67
n_cue_tuned: 2
n_exc: 2000
n_fix_tuned: 1
n_hidden: 2500
n_inh: 500
n_motion_tuned: 64
n_reward_levels: 3
n_top_down: 10
n_top_down_hidden: 64
noise_input_sd: 0.0
noise_rnn_sd: 0.05
nonlinear_top_down: false
restrict_output_to_exc: false
rnn_weight: 0.07844883644786489
tc_modulator: 29.912573280969763
tc_soma: 100
td_E_kappa: 0.06046736357974199
td_E_topo: 1.8585066876734448
td_I_kappa: 0.08512670424571134
td_I_topo: 0.6503424283536765
td_weight: 0.08721234785767684
