EE_kappa: 0.08689766583860933
EE_topo: 1.05975574873625
EE_topo_mod: 7.381530355005922e-13
EI_kappa: 0.1641457914835549
EI_topo: 0.6675602508743723
EI_topo_mod: 6.629278052182731e-13
E_bias_mean: 0.0
E_bias_std: 1.0e-12
IE_kappa: 0.20208172890460585
IE_topo: 0.46671010310094796
IE_topo_mod: 9.338243656787853e-13
II_kappa: 0.21551394187746892
II_topo: 1.0649249911095522
II_topo_mod: 4.341951625127596e-13
I_bias_mean: 0.0
I_bias_std: 1.0e-12
alpha_EE: 0.012091842580409717
alpha_EI: 0.19646147831194266
alpha_II: 0.20675970792471368
dt: 20
filename: results_9b86fec1-1caf-428c-b9a5-ab0fd54008a0.pkl
init_exc: 0.2
init_inh: 0.4
init_mod: 0.1
inp_E_kappa: 0.06658188804993384
inp_E_topo: 1.3172897428725852
inp_I_kappa: 0.06687405266421856
inp_I_topo: 1.1477155796356253
input_weight: 0.13726493267696857
max_h_for_output: 5.0
mod_EE_weight: 0.5658069806617576
mod_EI_weight: 0.8370651772606925
mod_IE_weight: 0.7666776091914498
mod_II_weight: 0.3125095731048555
n_actions: 3
n_bottom_up: 67
n_cue_tuned: 2
n_exc: 2000
n_fix_tuned: 1
n_hidden: 2500
n_inh: 500
n_motion_tuned: 64
n_reward_levels: 3
n_top_down: 10
n_top_down_hidden: 64
noise_input_sd: 0.0
noise_rnn_sd: 0.05
nonlinear_top_down: false
restrict_output_to_exc: false
rnn_weight: 0.06440688250428456
tc_modulator: 67.38595879129207
tc_soma: 100
td_E_kappa: 0.23213680227139366
td_E_topo: 1.1264393398013595
td_I_kappa: 0.2414380460557392
td_I_topo: 1.5296571434924497
td_weight: 0.08721234785767684
