EE_kappa: 0.16680882327742036
EE_topo: 1.0852983317937588
EE_topo_mod: 1.2044127864250731e-13
EI_kappa: 0.24055939962348277
EI_topo: 1.174743351653399
EI_topo_mod: 8.60528919999956e-13
E_bias_mean: 0.0
E_bias_std: 1.0e-12
IE_kappa: 0.2080650772593221
IE_topo: 1.4124475300222405
IE_topo_mod: 6.597393808853236e-13
II_kappa: 0.09570587608075931
II_topo: 0.09192022562320323
II_topo_mod: 8.266484572690304e-13
I_bias_mean: 0.0
I_bias_std: 1.0e-12
alpha_EE: 0.13783189037528037
alpha_EI: 0.008086124260163873
alpha_II: 0.2727645431267014
dt: 20
filename: results_d35fca3d-ea2c-4caa-ba9f-0547cf4f128f.pkl
init_exc: 0.2
init_inh: 0.4
init_mod: 0.1
inp_E_kappa: 0.1808701101423703
inp_E_topo: 0.4723056643763084
inp_I_kappa: 0.2445384706241528
inp_I_topo: 0.14386502844903593
input_weight: 0.15989287289696924
max_h_for_output: 5.0
mod_EE_weight: 0.8947157065605442
mod_EI_weight: 0.7503685914220639
mod_IE_weight: 1.663639566500895
mod_II_weight: 1.1364053480774936
n_actions: 3
n_bottom_up: 67
n_cue_tuned: 2
n_exc: 2000
n_fix_tuned: 1
n_hidden: 2500
n_inh: 500
n_motion_tuned: 64
n_reward_levels: 3
n_top_down: 10
n_top_down_hidden: 64
noise_input_sd: 0.0
noise_rnn_sd: 0.05
nonlinear_top_down: false
restrict_output_to_exc: false
rnn_weight: 0.051818432028514654
tc_modulator: 37.28542184461315
tc_soma: 100
td_E_kappa: 0.11176940293007907
td_E_topo: 0.665802170810031
td_I_kappa: 0.06478321694578029
td_I_topo: 1.0187385224242804
td_weight: 0.08721234785767684
