EE_kappa: 0.07055340525503269
EE_topo: 0.1783981348527519
EE_topo_mod: 5.0399704461580484e-14
EI_kappa: 0.2008764534710346
EI_topo: 1.3336002559931932
EI_topo_mod: 3.4983098904784016e-13
E_bias_mean: 0.0
E_bias_std: 1.0e-12
IE_kappa: 0.060716054821530266
IE_topo: 1.5748821096650125
IE_topo_mod: 9.987721376344817e-13
II_kappa: 0.11413364967358369
II_topo: 0.052046259915031534
II_topo_mod: 1.6516049823174393e-13
I_bias_mean: 0.0
I_bias_std: 1.0e-12
alpha_EE: 0.04979094847213321
alpha_EI: 0.13322946511192088
alpha_II: 0.2319843137705686
dt: 20
filename: results_3ff9af3d-16df-4345-87df-0ebb2784ad78.pkl
init_exc: 0.2
init_inh: 0.4
init_mod: 0.1
inp_E_kappa: 0.23555581622844196
inp_E_topo: 0.10044108660783047
inp_I_kappa: 0.15270293173333988
inp_I_topo: 0.7823280094824152
input_weight: 0.1330380096900332
max_h_for_output: 5.0
mod_EE_weight: 1.1791483073791822
mod_EI_weight: 1.186652191363922
mod_IE_weight: 0.5405376132956081
mod_II_weight: 0.543463139604444
n_actions: 3
n_bottom_up: 67
n_cue_tuned: 2
n_exc: 2000
n_fix_tuned: 1
n_hidden: 2500
n_inh: 500
n_motion_tuned: 64
n_reward_levels: 3
n_top_down: 10
n_top_down_hidden: 64
noise_input_sd: 0.0
noise_rnn_sd: 0.05
nonlinear_top_down: false
restrict_output_to_exc: false
rnn_weight: 0.12646143323055822
tc_modulator: 66.7316091190176
tc_soma: 100
td_E_kappa: 0.14059493779458537
td_E_topo: 0.812977703080406
td_I_kappa: 0.10094513626766806
td_I_topo: 1.99348547477996
td_weight: 0.08721234785767684
