EE_kappa: 0.09835220345825937
EE_topo: 1.294155220509768
EE_topo_mod: 7.219878667529409e-13
EI_kappa: 0.14454970430976355
EI_topo: 0.33774521268104807
EI_topo_mod: 4.010060812281322e-13
E_bias_mean: 0.0
E_bias_std: 1.0e-12
IE_kappa: 0.17548435361241005
IE_topo: 1.848245818669305
IE_topo_mod: 7.982785394584561e-13
II_kappa: 0.07003235283324948
II_topo: 0.5077517883808229
II_topo_mod: 4.936324396721554e-13
I_bias_mean: 0.0
I_bias_std: 1.0e-12
alpha_EE: 0.24854060087389773
alpha_EI: 0.2995397186092037
alpha_II: 0.043261030255425
dt: 20
filename: results_ee96984e-0ef7-49b3-958d-017317d8ee15.pkl
init_exc: 0.2
init_inh: 0.4
init_mod: 0.1
inp_E_kappa: 0.16672477953675147
inp_E_topo: 0.8745213990037619
inp_I_kappa: 0.058656564304861575
inp_I_topo: 1.0253995102804478
input_weight: 0.18747175044501208
max_h_for_output: 5.0
mod_EE_weight: 0.8537381584756523
mod_EI_weight: 0.18057792946171403
mod_IE_weight: 1.2229174927246849
mod_II_weight: 0.8817300484905235
n_actions: 3
n_bottom_up: 67
n_cue_tuned: 2
n_exc: 2000
n_fix_tuned: 1
n_hidden: 2500
n_inh: 500
n_motion_tuned: 64
n_reward_levels: 3
n_top_down: 10
n_top_down_hidden: 64
noise_input_sd: 0.0
noise_rnn_sd: 0.05
nonlinear_top_down: false
restrict_output_to_exc: false
rnn_weight: 0.12759318819599746
tc_modulator: 49.12199784267035
tc_soma: 100
td_E_kappa: 0.14346326157263595
td_E_topo: 0.2374086476035986
td_I_kappa: 0.16667731696835325
td_I_topo: 1.8660825841712667
td_weight: 0.08721234785767684
