EE_kappa: 0.050097947283278876
EE_topo: 0.15947859652392915
EE_topo_mod: 1.373149608745733e-13
EI_kappa: 0.11480274759428473
EI_topo: 0.8648080920093295
EI_topo_mod: 4.07995347734097e-14
E_bias_mean: 0.0
E_bias_std: 1.0e-12
IE_kappa: 0.20289255531080724
IE_topo: 1.199876740849533
IE_topo_mod: 3.712956517791568e-13
II_kappa: 0.1643305034698205
II_topo: 1.1395842006048074
II_topo_mod: 4.316150947539078e-13
I_bias_mean: 0.0
I_bias_std: 1.0e-12
alpha_EE: 0.01745692519598907
alpha_EI: 0.23390986096691013
alpha_II: 0.08982068242871387
dt: 20
filename: results_95cddedb-3639-4a60-9823-5b561f35dc4f.pkl
init_exc: 0.2
init_inh: 0.4
init_mod: 0.1
inp_E_kappa: 0.1946880451300811
inp_E_topo: 1.1637070003198322
inp_I_kappa: 0.07611028354938217
inp_I_topo: 0.2450565359337913
input_weight: 0.15438714057936323
max_h_for_output: 5.0
mod_EE_weight: 0.46281891476032344
mod_EI_weight: 1.8914023740482457
mod_IE_weight: 1.2694184206177068
mod_II_weight: 0.5909568213894751
n_actions: 3
n_bottom_up: 67
n_cue_tuned: 2
n_exc: 2000
n_fix_tuned: 1
n_hidden: 2500
n_inh: 500
n_motion_tuned: 64
n_reward_levels: 3
n_top_down: 10
n_top_down_hidden: 64
noise_input_sd: 0.0
noise_rnn_sd: 0.05
nonlinear_top_down: false
restrict_output_to_exc: false
rnn_weight: 0.12346291709261548
tc_modulator: 91.27197957313545
tc_soma: 100
td_E_kappa: 0.20985724877083273
td_E_topo: 0.47040903430182723
td_I_kappa: 0.09749730002048143
td_I_topo: 0.8903796127217558
td_weight: 0.08721234785767684
