EE_kappa: 0.07789445350396203
EE_topo: 0.2878656679233633
EE_topo_mod: 2.2292270340677434e-13
EI_kappa: 0.13887404530322936
EI_topo: 0.14412492323139148
EI_topo_mod: 4.4370353798650497e-13
E_bias_mean: 0.0
E_bias_std: 1.0e-12
IE_kappa: 0.12138170278846472
IE_topo: 1.2324216639835504
IE_topo_mod: 4.862179548111643e-13
II_kappa: 0.182181460075919
II_topo: 0.08198899115108604
II_topo_mod: 5.602884324484229e-13
I_bias_mean: 0.0
I_bias_std: 1.0e-12
alpha_EE: 0.24666180727717552
alpha_EI: 0.24435463109536296
alpha_II: 0.17213006374785778
bottom_up_topology: true
dt: 20
filename: results_5d0f5d62-a75e-4c17-bb66-521825ebd74c.pkl
init_exc: 0.2
init_inh: 0.4
init_mod: 0.1
inp_E_kappa: 0.20889929307571264
inp_E_topo: 1.190411882179174
inp_I_kappa: 0.22092290669834214
inp_I_topo: 1.9009541618603478
input_weight: 0.17031966233093282
max_h_for_output: 5.0
mod_EE_weight: 1.8143141086847387
mod_EI_weight: 0.008547175152564312
mod_IE_weight: 0.07469220257131348
mod_II_weight: 0.6602612000585826
motion_restriction: true
n_actions: 9
n_bottom_up: 65
n_cue_tuned: 0
n_exc: 2000
n_fix_tuned: 1
n_hidden: 2500
n_inh: 500
n_motion_tuned: 64
n_reward_levels: 3
n_top_down: 9
n_top_down_hidden: 64
noise_input_sd: 0.0
noise_rnn_sd: 0.05
nonlinear_top_down: false
restrict_output_to_exc: false
rnn_weight: 0.16697157876042623
tc_modulator: 76.03330524512852
tc_soma: 100
td_E_kappa: 0.06205867521541755
td_E_topo: 0.33104998365265326
td_I_kappa: 0.10382768351526517
td_I_topo: 1.5328345685394482
td_projection_toggle: none
td_weight: 0.08721234785767684
top_down_trainable: true
