EE_kappa: 0.06701268400017185
EE_topo: 0.7777755577224348
EE_topo_mod: 1.9257257544654316e-13
EI_kappa: 0.10332191899214244
EI_topo: 0.46772825450636946
EI_topo_mod: 5.638277746139687e-13
E_bias_mean: 0.0
E_bias_std: 1.0e-12
IE_kappa: 0.17472346766374253
IE_topo: 0.7841993502394411
IE_topo_mod: 1.5023579022583377e-13
II_kappa: 0.24686433634861465
II_topo: 0.40166014651400306
II_topo_mod: 1.0069075540383898e-13
I_bias_mean: 0.0
I_bias_std: 1.0e-12
alpha_EE: 0.11461008756744326
alpha_EI: 0.05154864868028059
alpha_II: 0.23309376656730424
bottom_up_topology: true
dt: 20
filename: results_73416e00-ee47-46c1-a4b2-69fa2805d567.pkl
init_exc: 0.2
init_inh: 0.4
init_mod: 0.1
inp_E_kappa: 0.2217453255178259
inp_E_topo: 1.80727819055872
inp_I_kappa: 0.16342924780705692
inp_I_topo: 0.6452271122041364
input_weight: 0.1799058600374282
max_h_for_output: 5.0
mod_EE_weight: 1.5276895282918657
mod_EI_weight: 1.2680486486417128
mod_IE_weight: 0.7785119324008796
mod_II_weight: 0.6286115320133812
motion_restriction: true
n_actions: 9
n_bottom_up: 65
n_cue_tuned: 0
n_exc: 2000
n_fix_tuned: 1
n_hidden: 2500
n_inh: 500
n_motion_tuned: 64
n_reward_levels: 3
n_top_down: 9
n_top_down_hidden: 64
noise_input_sd: 0.0
noise_rnn_sd: 0.05
nonlinear_top_down: false
restrict_output_to_exc: false
rnn_weight: 0.19067697463874894
tc_modulator: 84.007795243223
tc_soma: 100
td_E_kappa: 0.1126095811105236
td_E_topo: 0.16027094780399387
td_I_kappa: 0.15162008685766254
td_I_topo: 0.3015421018871409
td_projection_toggle: none
td_weight: 0.08721234785767684
top_down_trainable: true
