EE_kappa: 0.07225418155952108
EE_topo: 0.6299216773891556
EE_topo_mod: 3.723424768099171e-14
EI_kappa: 0.11713868880797339
EI_topo: 0.8595816293872311
EI_topo_mod: 9.108479515820174e-13
E_bias_mean: 0.0
E_bias_std: 1.0e-12
IE_kappa: 0.15681389020028372
IE_topo: 1.635267128990434
IE_topo_mod: 6.469457102125825e-13
II_kappa: 0.19621486723458442
II_topo: 1.5379464147823552
II_topo_mod: 1.5188956275434506e-13
I_bias_mean: 0.0
I_bias_std: 1.0e-12
alpha_EE: 0.13812604599144387
alpha_EI: 0.024280777219639203
alpha_II: 0.1425329688542025
bottom_up_topology: true
dt: 20
filename: results_4b74f55e-c3cb-4d80-92c2-ca70da2bace1.pkl
init_exc: 0.2
init_inh: 0.4
init_mod: 0.1
inp_E_kappa: 0.1970009500802381
inp_E_topo: 1.9474275208201681
inp_I_kappa: 0.05790064802974604
inp_I_topo: 0.7593918580634298
input_weight: 0.16523903422817893
max_h_for_output: 5.0
mod_EE_weight: 0.8329927253897673
mod_EI_weight: 0.2820486414776302
mod_IE_weight: 1.836378917462391
mod_II_weight: 0.8730326468208947
motion_restriction: true
n_actions: 9
n_bottom_up: 65
n_cue_tuned: 0
n_exc: 2000
n_fix_tuned: 1
n_hidden: 2500
n_inh: 500
n_motion_tuned: 64
n_reward_levels: 3
n_top_down: 9
n_top_down_hidden: 64
noise_input_sd: 0.0
noise_rnn_sd: 0.05
nonlinear_top_down: false
restrict_output_to_exc: false
rnn_weight: 0.15137464110265134
tc_modulator: 33.62516530228235
tc_soma: 100
td_E_kappa: 0.16746352252794455
td_E_topo: 1.2924006233052596
td_I_kappa: 0.11080892828285044
td_I_topo: 0.07964774203851666
td_projection_toggle: none
td_weight: 0.08721234785767684
top_down_trainable: true
