EE_kappa: 0.05045279643905645
EE_topo: 1.4331168373993415
EE_topo_mod: 8.19193979810622e-13
EI_kappa: 0.09266528455508685
EI_topo: 1.7270599717289268
EI_topo_mod: 1.3382386910890242e-13
E_bias_mean: 0.0
E_bias_std: 1.0e-12
IE_kappa: 0.16395778849317535
IE_topo: 1.997256163645241
IE_topo_mod: 1.5577402185717725e-13
II_kappa: 0.24220283057573194
II_topo: 1.9863424202897337
II_topo_mod: 5.323756123952178e-13
I_bias_mean: 0.0
I_bias_std: 1.0e-12
alpha_EE: 0.14289934946496477
alpha_EI: 0.2151122088188567
alpha_II: 0.13654057025462804
bottom_up_topology: true
dt: 20
filename: results_50fe58a6-a298-4a01-a549-eae5b93b938c.pkl
init_exc: 0.2
init_inh: 0.4
init_mod: 0.1
inp_E_kappa: 0.24214457425930808
inp_E_topo: 1.6501036135542242
inp_I_kappa: 0.1551564254013158
inp_I_topo: 1.3381962783312167
input_weight: 0.18801029147412696
max_h_for_output: 5.0
mod_EE_weight: 1.8069780380066962
mod_EI_weight: 1.2400750983600728
mod_IE_weight: 1.1595565317193939
mod_II_weight: 1.880176093521428
motion_restriction: true
n_actions: 9
n_bottom_up: 65
n_cue_tuned: 0
n_exc: 2000
n_fix_tuned: 1
n_hidden: 2500
n_inh: 500
n_motion_tuned: 64
n_reward_levels: 3
n_top_down: 9
n_top_down_hidden: 64
noise_input_sd: 0.0
noise_rnn_sd: 0.05
nonlinear_top_down: false
restrict_output_to_exc: false
rnn_weight: 0.18789448513895934
tc_modulator: 70.56402958170352
tc_soma: 100
td_E_kappa: 0.09503030321942843
td_E_topo: 1.4086549264755188
td_I_kappa: 0.1987292703712873
td_I_topo: 1.201861108549455
td_projection_toggle: none
td_weight: 0.08721234785767684
top_down_trainable: true
