EE_kappa: 0.06664938929904762
EE_topo: 0.6683279963470354
EE_topo_mod: 9.115478479687793e-13
EI_kappa: 0.08718621343704461
EI_topo: 0.926574863675836
EI_topo_mod: 4.560553966417568e-13
E_bias_mean: 0.0
E_bias_std: 1.0e-12
IE_kappa: 0.17409929680398606
IE_topo: 1.2380222041923898
IE_topo_mod: 7.900732920135789e-13
II_kappa: 0.16821185705335745
II_topo: 0.7961765516413355
II_topo_mod: 3.1793643985931694e-13
I_bias_mean: 0.0
I_bias_std: 1.0e-12
alpha_EE: 0.1722723399812588
alpha_EI: 0.04503223025863574
alpha_II: 0.24558097082390945
bottom_up_topology: true
dt: 20
filename: results_e2e07b14-9914-4587-919e-d15baf0d32db.pkl
init_exc: 0.2
init_inh: 0.4
init_mod: 0.1
inp_E_kappa: 0.1859021894302717
inp_E_topo: 1.5855376983798706
inp_I_kappa: 0.1150155392174662
inp_I_topo: 1.019501540474666
input_weight: 0.17972781357663653
max_h_for_output: 5.0
mod_EE_weight: 1.3875670796446682
mod_EI_weight: 0.7144284112591031
mod_IE_weight: 0.5141168916570436
mod_II_weight: 1.1518579001945428
motion_restriction: true
n_actions: 9
n_bottom_up: 65
n_cue_tuned: 0
n_exc: 2000
n_fix_tuned: 1
n_hidden: 2500
n_inh: 500
n_motion_tuned: 64
n_reward_levels: 3
n_top_down: 9
n_top_down_hidden: 64
noise_input_sd: 0.0
noise_rnn_sd: 0.05
nonlinear_top_down: false
restrict_output_to_exc: false
rnn_weight: 0.1657354188924287
tc_modulator: 62.036003889063494
tc_soma: 100
td_E_kappa: 0.06794999448382355
td_E_topo: 1.980205319966722
td_I_kappa: 0.17440559653026494
td_I_topo: 0.4123293042668259
td_projection_toggle: none
td_weight: 0.08721234785767684
top_down_trainable: true
