EE_kappa: 0.0548534656833724
EE_topo: 0.6065517398799778
EE_topo_mod: 7.892499791871793e-13
EI_kappa: 0.0806075581212028
EI_topo: 0.3534227252806079
EI_topo_mod: 2.750346559324174e-13
E_bias_mean: 0.0
E_bias_std: 1.0e-12
IE_kappa: 0.10661162294833755
IE_topo: 1.321118979058506
IE_topo_mod: 2.0922933872497828e-13
II_kappa: 0.12206395690251703
II_topo: 0.22785880534548286
II_topo_mod: 6.059129992784101e-13
I_bias_mean: 0.0
I_bias_std: 1.0e-12
alpha_EE: 0.21534782566538327
alpha_EI: 0.03360833868494817
alpha_II: 0.27147252822751533
bottom_up_topology: true
dt: 20
filename: results_d1aba6cb-0f31-4a8f-a354-27ba82f24366.pkl
init_exc: 0.2
init_inh: 0.4
init_mod: 0.1
inp_E_kappa: 0.1914092071736388
inp_E_topo: 1.415577770716575
inp_I_kappa: 0.23854707880305642
inp_I_topo: 1.9458436123481502
input_weight: 0.19799606369730877
max_h_for_output: 5.0
mod_EE_weight: 0.4091166963019919
mod_EI_weight: 0.8685885564312192
mod_IE_weight: 0.44559148187986897
mod_II_weight: 0.311633267388588
motion_restriction: true
n_actions: 9
n_bottom_up: 65
n_cue_tuned: 0
n_exc: 2000
n_fix_tuned: 1
n_hidden: 2500
n_inh: 500
n_motion_tuned: 64
n_reward_levels: 3
n_top_down: 9
n_top_down_hidden: 64
noise_input_sd: 0.0
noise_rnn_sd: 0.05
nonlinear_top_down: false
restrict_output_to_exc: false
rnn_weight: 0.17236759086837133
tc_modulator: 99.67521834885905
tc_soma: 100
td_E_kappa: 0.2353225110633811
td_E_topo: 1.4896997000693433
td_I_kappa: 0.18897699403526813
td_I_topo: 1.013599381583605
td_projection_toggle: none
td_weight: 0.08721234785767684
top_down_trainable: true
