EE_kappa: 0.10630355963360741
EE_topo: 0.3801346614882253
EE_topo_mod: 8.998956954962593e-13
EI_kappa: 0.15035286304521495
EI_topo: 1.0002034070796386
EI_topo_mod: 7.605762071152255e-13
E_bias_mean: 0.0
E_bias_std: 1.0e-12
IE_kappa: 0.18510937451638892
IE_topo: 0.037574443295671056
IE_topo_mod: 7.801842353188144e-13
II_kappa: 0.20695570428073012
II_topo: 0.18709827571923432
II_topo_mod: 2.382892626018561e-13
I_bias_mean: 0.0
I_bias_std: 1.0e-12
alpha_EE: 0.26059405488462056
alpha_EI: 0.18029454299346212
alpha_II: 0.05683019405200097
bottom_up_topology: true
dt: 20
filename: results_383f8fef-0640-4d8c-84a7-d16271cef682.pkl
init_exc: 0.2
init_inh: 0.4
init_mod: 0.1
inp_E_kappa: 0.15553526989700905
inp_E_topo: 1.377598804622503
inp_I_kappa: 0.16276810152805093
inp_I_topo: 1.2757243928634672
input_weight: 0.17833533453517014
max_h_for_output: 5.0
mod_EE_weight: 1.2953151420951412
mod_EI_weight: 1.798315988427074
mod_IE_weight: 0.7897595570961868
mod_II_weight: 1.7100775507092485
motion_restriction: true
n_actions: 9
n_bottom_up: 65
n_cue_tuned: 0
n_exc: 2000
n_fix_tuned: 1
n_hidden: 2500
n_inh: 500
n_motion_tuned: 64
n_reward_levels: 3
n_top_down: 9
n_top_down_hidden: 64
noise_input_sd: 0.0
noise_rnn_sd: 0.05
nonlinear_top_down: false
restrict_output_to_exc: false
rnn_weight: 0.17747284685314313
tc_modulator: 51.86400872495764
tc_soma: 100
td_E_kappa: 0.12221514016426525
td_E_topo: 1.3739827170986885
td_I_kappa: 0.07653631071290401
td_I_topo: 0.4769576903073891
td_projection_toggle: none
td_weight: 0.08721234785767684
top_down_trainable: true
