EE_kappa: 0.07603744006221101
EE_topo: 0.646122999740363
EE_topo_mod: 6.653051862365629e-13
EI_kappa: 0.09379029476022405
EI_topo: 0.41566876380024054
EI_topo_mod: 9.493512932377681e-13
E_bias_mean: 0.0
E_bias_std: 1.0e-12
IE_kappa: 0.17507542168587437
IE_topo: 1.8740869416939767
IE_topo_mod: 2.924835132337911e-14
II_kappa: 0.18712419681452247
II_topo: 1.1806927521416537
II_topo_mod: 1.9361878611571392e-13
I_bias_mean: 0.0
I_bias_std: 1.0e-12
alpha_EE: 0.1697089515186821
alpha_EI: 0.006555855793029219
alpha_II: 0.2223601224476686
bottom_up_topology: true
dt: 20
filename: results_8aa3e348-430f-4d68-b7c3-8943d784f744.pkl
init_exc: 0.2
init_inh: 0.4
init_mod: 0.1
inp_E_kappa: 0.08895210008764512
inp_E_topo: 1.5967516831447168
inp_I_kappa: 0.23669394636627827
inp_I_topo: 0.4600883395581945
input_weight: 0.19846757023222233
max_h_for_output: 5.0
mod_EE_weight: 1.6177680808013408
mod_EI_weight: 0.6767863576859401
mod_IE_weight: 0.6032316529929045
mod_II_weight: 1.1769653388648316
motion_restriction: true
n_actions: 9
n_bottom_up: 65
n_cue_tuned: 0
n_exc: 2000
n_fix_tuned: 1
n_hidden: 2500
n_inh: 500
n_motion_tuned: 64
n_reward_levels: 3
n_top_down: 9
n_top_down_hidden: 64
noise_input_sd: 0.0
noise_rnn_sd: 0.05
nonlinear_top_down: false
restrict_output_to_exc: false
rnn_weight: 0.15049490947196287
tc_modulator: 27.386429990281187
tc_soma: 100
td_E_kappa: 0.09599713940372019
td_E_topo: 1.2252467996978673
td_I_kappa: 0.19890927714327145
td_I_topo: 1.3117267891301643
td_projection_toggle: none
td_weight: 0.08721234785767684
top_down_trainable: true
