EE_kappa: 0.076604191291152
EE_topo: 0.35823474880114037
EE_topo_mod: 5.377802404512846e-13
EI_kappa: 0.21189977876394483
EI_topo: 1.020798558011108
EI_topo_mod: 3.5439191889364363e-13
E_bias_mean: 0.0
E_bias_std: 1.0e-12
IE_kappa: 0.08177546693982984
IE_topo: 0.14774431258337173
IE_topo_mod: 5.884194445878095e-13
II_kappa: 0.20607838927610694
II_topo: 0.8165064110557789
II_topo_mod: 6.50713264742146e-13
I_bias_mean: 0.0
I_bias_std: 1.0e-12
alpha_EE: 0.1308571759182696
alpha_EI: 0.1093421200162065
alpha_II: 0.1691299426216289
bottom_up_topology: true
dt: 20
filename: results_a633b075-0389-4143-a92d-4e8bbb3b74bd.pkl
init_exc: 0.2
init_inh: 0.4
init_mod: 0.1
inp_E_kappa: 0.22825792812644036
inp_E_topo: 1.4203810868468514
inp_I_kappa: 0.21747985396790903
inp_I_topo: 0.6376698791384781
input_weight: 0.18117381601097726
max_h_for_output: 5.0
mod_EE_weight: 0.46342069295621346
mod_EI_weight: 1.8646769994555852
mod_IE_weight: 1.0673039784045397
mod_II_weight: 1.8301057779896766
motion_restriction: true
n_actions: 9
n_bottom_up: 65
n_cue_tuned: 0
n_exc: 2000
n_fix_tuned: 1
n_hidden: 2500
n_inh: 500
n_motion_tuned: 64
n_reward_levels: 3
n_top_down: 9
n_top_down_hidden: 64
noise_input_sd: 0.0
noise_rnn_sd: 0.05
nonlinear_top_down: false
restrict_output_to_exc: false
rnn_weight: 0.19943208338860335
tc_modulator: 92.02568914730014
tc_soma: 100
td_E_kappa: 0.07500123950189148
td_E_topo: 0.8476713715706796
td_I_kappa: 0.12393660454515565
td_I_topo: 0.637049975183857
td_projection_toggle: none
td_weight: 0.08721234785767684
top_down_trainable: true
