EE_kappa: 0.05431436841266098
EE_topo: 0.8151844109988615
EE_topo_mod: 7.760673624320277e-13
EI_kappa: 0.09119385962419242
EI_topo: 0.33063340183489864
EI_topo_mod: 1.4764681739566655e-13
E_bias_mean: 0.0
E_bias_std: 1.0e-12
IE_kappa: 0.13498028308272386
IE_topo: 1.7928959368735264
IE_topo_mod: 4.473742203474912e-13
II_kappa: 0.16555467935580853
II_topo: 1.921989587912425
II_topo_mod: 2.4478421778809775e-13
I_bias_mean: 0.0
I_bias_std: 1.0e-12
alpha_EE: 0.20074161452267794
alpha_EI: 0.05952895683650635
alpha_II: 0.08610490507672254
dt: 20
init_exc: 0.2
init_inh: 0.4
init_mod: 0.1
inp_E_kappa: 0.22139198096157608
inp_E_topo: 1.157018082301609
inp_I_kappa: 0.16570315101340108
inp_I_topo: 0.8432649875283913
input_weight: 0.11225220898064107
max_h_for_output: 5.0
mod_EE_weight: 0.25550749599112343
mod_EI_weight: 0.8287439552471569
mod_IE_weight: 0.9714714249364269
mod_II_weight: 0.9580159002578748
n_actions: 3
n_bottom_up: 67
n_cue_tuned: 2
n_exc: 2000
n_fix_tuned: 1
n_hidden: 2500
n_inh: 500
n_motion_tuned: 64
n_reward_levels: 3
n_top_down: 10
n_top_down_hidden: 64
noise_input_sd: 0.0
noise_rnn_sd: 0.05
nonlinear_top_down: false
restrict_output_to_exc: false
rnn_weight: 0.16640665910249416
tc_modulator: 34.39731148186659
tc_soma: 100
td_E_kappa: 0.0653297361370102
td_E_topo: 1.734554709761584
td_I_kappa: 0.15935086501683007
td_I_topo: 1.764334781815433
td_weight: 0.08721234785767684
