EE_kappa: 0.06476271801467517
EE_topo: 0.3557127561023319
EE_topo_mod: 8.424029538238806e-13
EI_kappa: 0.2449120636973432
EI_topo: 1.6851191052848151
EI_topo_mod: 4.5213287307990666e-13
E_bias_mean: 0.0
E_bias_std: 1.0e-12
IE_kappa: 0.09459140622062766
IE_topo: 0.39406502002887134
IE_topo_mod: 3.2264119254072274e-13
II_kappa: 0.24817571320541942
II_topo: 0.44068482646225715
II_topo_mod: 1.0717490149151387e-13
I_bias_mean: 0.0
I_bias_std: 1.0e-12
alpha_EE: 0.28328051237902335
alpha_EI: 0.004985697631912023
alpha_II: 0.12059348149422434
dt: 20
init_exc: 0.2
init_inh: 0.4
init_mod: 0.1
inp_E_kappa: 0.22126223778456472
inp_E_topo: 1.182166745755887
inp_I_kappa: 0.21839707331618752
inp_I_topo: 1.0909585440775453
input_weight: 0.16165425802642283
max_h_for_output: 5.0
mod_EE_weight: 0.5189693092616776
mod_EI_weight: 1.6965788383736338
mod_IE_weight: 1.0040121028021347
mod_II_weight: 0.7787677983502037
n_actions: 3
n_bottom_up: 67
n_cue_tuned: 2
n_exc: 2000
n_fix_tuned: 1
n_hidden: 2500
n_inh: 500
n_motion_tuned: 64
n_reward_levels: 3
n_top_down: 10
n_top_down_hidden: 64
noise_input_sd: 0.0
noise_rnn_sd: 0.05
nonlinear_top_down: false
restrict_output_to_exc: false
rnn_weight: 0.18141754055029263
tc_modulator: 99.64499326121947
tc_soma: 100
td_E_kappa: 0.22379040467809302
td_E_topo: 1.7943222670689611
td_I_kappa: 0.2213331304051223
td_I_topo: 0.7070894700100252
td_weight: 0.08721234785767684
