EE_kappa: 0.05963748756177423
EE_topo: 0.678316871766125
EE_topo_mod: 6.107880211431303e-13
EI_kappa: 0.052922777783226516
EI_topo: 1.6570513525383634
EI_topo_mod: 4.710811611436771e-13
E_bias_mean: 0.0
E_bias_std: 1.0e-12
IE_kappa: 0.2309417098135116
IE_topo: 0.4202871408586446
IE_topo_mod: 5.836817907836809e-13
II_kappa: 0.1519860105718458
II_topo: 1.0513687617935499
II_topo_mod: 9.795170562528939e-13
I_bias_mean: 0.0
I_bias_std: 1.0e-12
alpha_EE: 0.1610405434471485
alpha_EI: 0.024632931290165715
alpha_II: 0.011785256595926275
dt: 20
init_exc: 0.2
init_inh: 0.4
init_mod: 0.1
inp_E_kappa: 0.13802451046475853
inp_E_topo: 1.087135152558776
inp_I_kappa: 0.1970367647027374
inp_I_topo: 0.4486796586264705
input_weight: 0.15693376753423183
max_h_for_output: 5.0
mod_EE_weight: 1.315771222427373
mod_EI_weight: 1.6725790811366217
mod_IE_weight: 1.287119830246414
mod_II_weight: 0.6555342235769028
n_actions: 3
n_bottom_up: 67
n_cue_tuned: 2
n_exc: 2000
n_fix_tuned: 1
n_hidden: 2500
n_inh: 500
n_motion_tuned: 64
n_reward_levels: 3
n_top_down: 10
n_top_down_hidden: 64
noise_input_sd: 0.0
noise_rnn_sd: 0.05
nonlinear_top_down: false
restrict_output_to_exc: false
rnn_weight: 0.16604315645850248
tc_modulator: 23.962706853771998
tc_soma: 100
td_E_kappa: 0.08680987440748367
td_E_topo: 0.8908659854571743
td_I_kappa: 0.12426067119728157
td_I_topo: 0.48622154316263133
td_weight: 0.08721234785767684
