EE_kappa: 0.07275625119144172
EE_topo: 0.19410467174506119
EE_topo_mod: 8.030951840848144e-14
EI_kappa: 0.14576377396563894
EI_topo: 0.41096781245936853
EI_topo_mod: 7.102308210980963e-13
E_bias_mean: 0.0
E_bias_std: 1.0e-12
IE_kappa: 0.1419551081004306
IE_topo: 1.5177531804919977
IE_topo_mod: 5.421335217248258e-13
II_kappa: 0.20266175150982074
II_topo: 0.2816263910301191
II_topo_mod: 9.217905400764678e-13
I_bias_mean: 0.0
I_bias_std: 1.0e-12
alpha_EE: 0.27524935672735196
alpha_EI: 0.041293873922828774
alpha_II: 0.1629169970886418
dt: 20
init_exc: 0.2
init_inh: 0.4
init_mod: 0.1
inp_E_kappa: 0.1562230054537345
inp_E_topo: 0.7744747797035361
inp_I_kappa: 0.14572207236724946
inp_I_topo: 1.0479137125641096
input_weight: 0.18841229050190939
max_h_for_output: 5.0
mod_EE_weight: 0.8314747392904284
mod_EI_weight: 0.429133231771606
mod_IE_weight: 0.29007728887153617
mod_II_weight: 0.4759816271670194
n_actions: 3
n_bottom_up: 67
n_cue_tuned: 2
n_exc: 2000
n_fix_tuned: 1
n_hidden: 2500
n_inh: 500
n_motion_tuned: 64
n_reward_levels: 3
n_top_down: 10
n_top_down_hidden: 64
noise_input_sd: 0.0
noise_rnn_sd: 0.05
nonlinear_top_down: false
restrict_output_to_exc: false
rnn_weight: 0.18352399718672208
tc_modulator: 22.69624314839077
tc_soma: 100
td_E_kappa: 0.19684752422104107
td_E_topo: 0.2864745744036423
td_I_kappa: 0.08901101059563915
td_I_topo: 0.9035936380130432
td_weight: 0.08721234785767684
