EE_kappa: 0.050651821524911614
EE_topo: 1.0124997670939184
EE_topo_mod: 1.2504377462112414e-14
EI_kappa: 0.11337408463215547
EI_topo: 0.45030126963009653
EI_topo_mod: 6.904115171494685e-14
E_bias_mean: 0.0
E_bias_std: 1.0e-12
IE_kappa: 0.0790326319368909
IE_topo: 1.810916162601978
IE_topo_mod: 2.941632809241554e-13
II_kappa: 0.13840583791533795
II_topo: 0.019931037009668806
II_topo_mod: 4.367487165041337e-13
I_bias_mean: 0.0
I_bias_std: 1.0e-12
alpha_EE: 0.2432654467946321
alpha_EI: 0.12793586681552058
alpha_II: 0.29583550950168025
dt: 20
init_exc: 0.2
init_inh: 0.4
init_mod: 0.1
inp_E_kappa: 0.16771643449373422
inp_E_topo: 1.8676904973988493
inp_I_kappa: 0.10216343795567882
inp_I_topo: 1.2603454011004827
input_weight: 0.19304764761332022
max_h_for_output: 5.0
mod_EE_weight: 0.5329559759354392
mod_EI_weight: 0.06677633623229418
mod_IE_weight: 0.19026750474682752
mod_II_weight: 0.76736208112095
n_actions: 3
n_bottom_up: 67
n_cue_tuned: 2
n_exc: 2000
n_fix_tuned: 1
n_hidden: 2500
n_inh: 500
n_motion_tuned: 64
n_reward_levels: 3
n_top_down: 10
n_top_down_hidden: 64
noise_input_sd: 0.0
noise_rnn_sd: 0.05
nonlinear_top_down: false
restrict_output_to_exc: false
rnn_weight: 0.135259858262916
tc_modulator: 49.31746802219223
tc_soma: 100
td_E_kappa: 0.20052937148420946
td_E_topo: 1.1108580459659445
td_I_kappa: 0.21381533426849014
td_I_topo: 0.4301583796022528
td_weight: 0.08721234785767684
