EE_kappa: 0.08431180532059686
EE_topo: 0.8438433356811439
EE_topo_mod: 4.400009345331247e-13
EI_kappa: 0.1664487117650994
EI_topo: 0.7461792988532412
EI_topo_mod: 4.869643629926538e-13
E_bias_mean: 0.0
E_bias_std: 1.0e-12
IE_kappa: 0.16699932314132515
IE_topo: 1.1545469018836747
IE_topo_mod: 6.737546290479987e-13
II_kappa: 0.21333394927286942
II_topo: 0.8942667152591086
II_topo_mod: 1.551803082819503e-14
I_bias_mean: 0.0
I_bias_std: 1.0e-12
alpha_EE: 0.16548679980682923
alpha_EI: 0.15369559727974885
alpha_II: 0.25944146900595405
dt: 20
init_exc: 0.2
init_inh: 0.4
init_mod: 0.1
inp_E_kappa: 0.20396012145471615
inp_E_topo: 0.8959479597271041
inp_I_kappa: 0.1657030438942895
inp_I_topo: 0.6892085965303294
input_weight: 0.18101598740700514
max_h_for_output: 5.0
mod_EE_weight: 0.7001708684076429
mod_EI_weight: 0.23985803082743395
mod_IE_weight: 0.19477185860343427
mod_II_weight: 0.9846816068634023
n_actions: 3
n_bottom_up: 67
n_cue_tuned: 2
n_exc: 2000
n_fix_tuned: 1
n_hidden: 2500
n_inh: 500
n_motion_tuned: 64
n_reward_levels: 3
n_top_down: 10
n_top_down_hidden: 64
noise_input_sd: 0.0
noise_rnn_sd: 0.05
nonlinear_top_down: false
restrict_output_to_exc: false
rnn_weight: 0.16788333807174982
tc_modulator: 65.78112397913102
tc_soma: 100
td_E_kappa: 0.06238085924557049
td_E_topo: 1.469340549971976
td_I_kappa: 0.05944373965184546
td_I_topo: 0.499673399092027
td_weight: 0.08721234785767684
