EE_kappa: 0.08583228195488793
EE_topo: 1.137821145365189
EE_topo_mod: 6.189707625799142e-13
EI_kappa: 0.1255321237171137
EI_topo: 1.332389290515418
EI_topo_mod: 9.649209810765755e-13
E_bias_mean: 0.0
E_bias_std: 1.0e-12
IE_kappa: 0.20547914193358774
IE_topo: 1.5029831281298691
IE_topo_mod: 9.383248794560443e-13
II_kappa: 0.2305315662950767
II_topo: 1.8178635809473733
II_topo_mod: 1.732053023298329e-13
I_bias_mean: 0.0
I_bias_std: 1.0e-12
alpha_EE: 0.048293846872299116
alpha_EI: 0.18059601434784145
alpha_II: 0.11430511471881638
dt: 20
filename: results_c0d08160-53a3-460c-b01a-f93ad7321919.pkl
init_exc: 0.2
init_inh: 0.4
init_mod: 0.1
inp_E_kappa: 0.17783255238251844
inp_E_topo: 0.5182561833178598
inp_I_kappa: 0.1433721144340384
inp_I_topo: 0.2971857288524924
input_weight: 0.1299480613380355
max_h_for_output: 999.0
mod_EE_weight: 1.124316547965103
mod_EI_weight: 1.0719301713499312
mod_IE_weight: 0.49289304353270036
mod_II_weight: 1.919169936367402
n_actions: 3
n_bottom_up: 67
n_cue_tuned: 2
n_exc: 2000
n_fix_tuned: 1
n_hidden: 2500
n_inh: 500
n_motion_tuned: 64
n_reward_levels: 3
n_top_down: 10
n_top_down_hidden: 64
noise_input_sd: 0.0
noise_rnn_sd: 0.05
nonlinear_top_down: false
restrict_output_to_exc: false
rnn_weight: 0.16051897204501375
tc_modulator: 43.58563828932104
tc_soma: 100
td_E_kappa: 0.14262981619645945
td_E_topo: 0.9381021559178269
td_I_kappa: 0.2291274222148415
td_I_topo: 0.8207491310986681
td_weight: 0.08721234785767684
