EE_kappa: 0.05885490512833962
EE_topo: 1.2069391121722648
EE_topo_mod: 8.334579663805761e-13
EI_kappa: 0.13511228074744902
EI_topo: 1.033298921601394
EI_topo_mod: 7.251094368301337e-13
E_bias_mean: 0.0
E_bias_std: 1.0e-12
IE_kappa: 0.10679351314928423
IE_topo: 1.7924604247420453
IE_topo_mod: 1.4949803197564227e-14
II_kappa: 0.12040710749975486
II_topo: 0.8010140298334187
II_topo_mod: 3.5783561461162525e-13
I_bias_mean: 0.0
I_bias_std: 1.0e-12
alpha_EE: 0.24817963904130907
alpha_EI: 0.10060566141100953
alpha_II: 0.06998851827832912
dt: 20
filename: results_8931a63c-cdff-4dc6-973e-3ea26b8038c2.pkl
init_exc: 0.2
init_inh: 0.4
init_mod: 0.1
inp_E_kappa: 0.1775311008496519
inp_E_topo: 0.8850620054945852
inp_I_kappa: 0.24131364911186587
inp_I_topo: 0.4298867054491762
input_weight: 0.12777906115778714
max_h_for_output: 999.0
mod_EE_weight: 1.327311325038252
mod_EI_weight: 0.5160118107462379
mod_IE_weight: 0.010975888060314576
mod_II_weight: 1.4964983680280182
n_actions: 3
n_bottom_up: 67
n_cue_tuned: 2
n_exc: 2000
n_fix_tuned: 1
n_hidden: 2500
n_inh: 500
n_motion_tuned: 64
n_reward_levels: 3
n_top_down: 10
n_top_down_hidden: 64
noise_input_sd: 0.0
noise_rnn_sd: 0.05
nonlinear_top_down: false
restrict_output_to_exc: false
rnn_weight: 0.1730913613490538
tc_modulator: 31.980745833628042
tc_soma: 100
td_E_kappa: 0.21831667966356477
td_E_topo: 0.5964330437666938
td_I_kappa: 0.06721057074059694
td_I_topo: 1.3553019298798183
td_weight: 0.08721234785767684
