EE_kappa: 0.07834342010915818
EE_topo: 1.3187618890490942
EE_topo_mod: 6.73041658555612e-13
EI_kappa: 0.1497233395721203
EI_topo: 0.3896954957401553
EI_topo_mod: 3.6956417913880265e-14
E_bias_mean: 0.0
E_bias_std: 1.0e-12
IE_kappa: 0.09449720830706683
IE_topo: 1.3343123108039088
IE_topo_mod: 8.941846595605635e-13
II_kappa: 0.09288995121373894
II_topo: 0.09727718247953465
II_topo_mod: 5.725803656358935e-13
I_bias_mean: 0.0
I_bias_std: 1.0e-12
alpha_EE: 0.16360184423015325
alpha_EI: 0.01655293876988505
alpha_II: 0.09304090657848596
dt: 20
filename: results_83d21f47-d4e9-4d5d-8cd4-fe2ac0f28283.pkl
init_exc: 0.2
init_inh: 0.4
init_mod: 0.1
inp_E_kappa: 0.18632087402083392
inp_E_topo: 1.1598047926004909
inp_I_kappa: 0.10066411756154224
inp_I_topo: 0.28139694100471924
input_weight: 0.1468972072698342
max_h_for_output: 999.0
mod_EE_weight: 0.9597569084527007
mod_EI_weight: 1.5118287213933164
mod_IE_weight: 1.473272112339099
mod_II_weight: 1.1396492046367948
n_actions: 3
n_bottom_up: 67
n_cue_tuned: 2
n_exc: 2000
n_fix_tuned: 1
n_hidden: 2500
n_inh: 500
n_motion_tuned: 64
n_reward_levels: 3
n_top_down: 10
n_top_down_hidden: 64
noise_input_sd: 0.0
noise_rnn_sd: 0.05
nonlinear_top_down: false
restrict_output_to_exc: false
rnn_weight: 0.15111723338166327
tc_modulator: 44.448982514433354
tc_soma: 100
td_E_kappa: 0.11548761082532484
td_E_topo: 0.5669691155694332
td_I_kappa: 0.1896891767034818
td_I_topo: 1.119145065287761
td_weight: 0.08721234785767684
