EE_kappa: 0.10297228219200834
EE_topo: 0.07034980343261354
EE_topo_mod: 1.0914526588951755e-14
EI_kappa: 0.13407336816736742
EI_topo: 1.208697904581841
EI_topo_mod: 2.1807566056919502e-13
E_bias_mean: 0.0
E_bias_std: 1.0e-12
IE_kappa: 0.2306978128727158
IE_topo: 0.33141311380806715
IE_topo_mod: 6.165909908512916e-13
II_kappa: 0.16232572176366694
II_topo: 1.2531339791836118
II_topo_mod: 3.900017129667379e-13
I_bias_mean: 0.0
I_bias_std: 1.0e-12
alpha_EE: 0.11330978340610555
alpha_EI: 0.013805565595241686
alpha_II: 0.15304663534496302
dt: 20
filename: results_7d105a0e-f2ea-464a-8b66-181919ad3181.pkl
init_exc: 0.2
init_inh: 0.4
init_mod: 0.1
inp_E_kappa: 0.18547110184723786
inp_E_topo: 0.6760718204634135
inp_I_kappa: 0.22497674064828438
inp_I_topo: 0.3265913135589691
input_weight: 0.11639138454865072
max_h_for_output: 999.0
mod_EE_weight: 0.39837153617733745
mod_EI_weight: 0.022364030872924934
mod_IE_weight: 0.6320082255724533
mod_II_weight: 0.7769401186879814
n_actions: 3
n_bottom_up: 67
n_cue_tuned: 2
n_exc: 2000
n_fix_tuned: 1
n_hidden: 2500
n_inh: 500
n_motion_tuned: 64
n_reward_levels: 3
n_top_down: 10
n_top_down_hidden: 64
noise_input_sd: 0.0
noise_rnn_sd: 0.05
nonlinear_top_down: false
restrict_output_to_exc: false
rnn_weight: 0.16385191982130323
tc_modulator: 70.62438551712995
tc_soma: 100
td_E_kappa: 0.21314878793853087
td_E_topo: 0.22196438230085835
td_I_kappa: 0.1615320842380712
td_I_topo: 0.705126626550689
td_weight: 0.08721234785767684
