EE_kappa: 0.06395249699144517
EE_topo: 1.6376912203600384
EE_topo_mod: 7.726906514472312e-13
EI_kappa: 0.20356682010162314
EI_topo: 1.5493205337392182
EI_topo_mod: 7.690899983319196e-13
E_bias_mean: 0.0
E_bias_std: 1.0e-12
IE_kappa: 0.22076877252844612
IE_topo: 1.825302665292692
IE_topo_mod: 4.646009273665959e-13
II_kappa: 0.1683215474815204
II_topo: 1.8983746623401103
II_topo_mod: 1.3477595107423624e-13
I_bias_mean: 0.0
I_bias_std: 1.0e-12
alpha_EE: 0.2773636574296932
alpha_EI: 0.0010888820588978553
alpha_II: 0.2876297506509352
dt: 20
filename: results_604dc65a-8c13-4967-a648-3ba0ec2c7dad.pkl
init_exc: 0.2
init_inh: 0.4
init_mod: 0.1
inp_E_kappa: 0.12605544438505994
inp_E_topo: 0.9405478803164478
inp_I_kappa: 0.22541063989698462
inp_I_topo: 1.4232871629905661
input_weight: 0.14511774878843042
max_h_for_output: 999.0
mod_EE_weight: 1.439859260586173
mod_EI_weight: 1.9838906387022301
mod_IE_weight: 1.708703828170398
mod_II_weight: 1.0080027369513036
n_actions: 3
n_bottom_up: 67
n_cue_tuned: 2
n_exc: 2000
n_fix_tuned: 1
n_hidden: 2500
n_inh: 500
n_motion_tuned: 64
n_reward_levels: 3
n_top_down: 10
n_top_down_hidden: 64
noise_input_sd: 0.0
noise_rnn_sd: 0.05
nonlinear_top_down: false
restrict_output_to_exc: false
rnn_weight: 0.1686772663281015
tc_modulator: 38.2583990798682
tc_soma: 100
td_E_kappa: 0.23304544991118054
td_E_topo: 1.0008634565770524
td_I_kappa: 0.15898629267810988
td_I_topo: 0.03114088371189916
td_weight: 0.08721234785767684
