EE_kappa: 0.10655088722949731
EE_topo: 1.4703905205872525
EE_topo_mod: 2.98358184236561e-13
EI_kappa: 0.14562764997304822
EI_topo: 1.6242440607681699
EI_topo_mod: 2.1351541948933926e-13
E_bias_mean: 0.0
E_bias_std: 1.0e-12
IE_kappa: 0.12994698234346358
IE_topo: 1.3505841344056395
IE_topo_mod: 5.427769992357691e-13
II_kappa: 0.08903663241886045
II_topo: 0.6386805039214785
II_topo_mod: 5.35128070395885e-13
I_bias_mean: 0.0
I_bias_std: 1.0e-12
alpha_EE: 0.15778686527789357
alpha_EI: 0.0003227855877383057
alpha_II: 0.14778184940349512
dt: 20
filename: results_e462535f-31c3-400b-a7df-99b345c85dd5.pkl
init_exc: 0.2
init_inh: 0.4
init_mod: 0.1
inp_E_kappa: 0.23445904947208762
inp_E_topo: 1.6728742360798
inp_I_kappa: 0.15638939141434208
inp_I_topo: 1.186695693948892
input_weight: 0.09746180510757177
max_h_for_output: 999.0
mod_EE_weight: 0.7995257098642339
mod_EI_weight: 1.392478865111982
mod_IE_weight: 1.7387438525372474
mod_II_weight: 0.0658366115043425
n_actions: 3
n_bottom_up: 67
n_cue_tuned: 2
n_exc: 2000
n_fix_tuned: 1
n_hidden: 2500
n_inh: 500
n_motion_tuned: 64
n_reward_levels: 3
n_top_down: 10
n_top_down_hidden: 64
noise_input_sd: 0.0
noise_rnn_sd: 0.05
nonlinear_top_down: false
restrict_output_to_exc: false
rnn_weight: 0.11657081447483464
tc_modulator: 41.04194887758632
tc_soma: 100
td_E_kappa: 0.2407110345053381
td_E_topo: 0.2721999347491395
td_I_kappa: 0.21044842016579074
td_I_topo: 0.8628179364588708
td_weight: 0.08721234785767684
