EE_kappa: 0.06870030620328438
EE_topo: 0.23075475871856055
EE_topo_mod: 3.914604507056474e-13
EI_kappa: 0.13805894691100884
EI_topo: 1.8694710340204248
EI_topo_mod: 4.543095447268661e-13
E_bias_mean: 0.0
E_bias_std: 1.0e-12
IE_kappa: 0.1438221205413373
IE_topo: 0.981048525876226
IE_topo_mod: 9.6289617153161e-13
II_kappa: 0.12964140759985582
II_topo: 0.3195473932084889
II_topo_mod: 9.018545225774442e-13
I_bias_mean: 0.0
I_bias_std: 1.0e-12
alpha_EE: 0.11102713938692967
alpha_EI: 0.07083182664583101
alpha_II: 0.27672811606318065
dt: 20
filename: results_ac315e39-6cb1-4d60-84d5-3bc469887da8.pkl
init_exc: 0.2
init_inh: 0.4
init_mod: 0.1
inp_E_kappa: 0.24170260227297058
inp_E_topo: 1.8225325421909742
inp_I_kappa: 0.2313005638394296
inp_I_topo: 0.20678861400462734
input_weight: 0.12551864490594017
max_h_for_output: 999.0
mod_EE_weight: 1.7305263414645526
mod_EI_weight: 0.5207402779211685
mod_IE_weight: 1.879497426725809
mod_II_weight: 0.5749607926233811
n_actions: 3
n_bottom_up: 67
n_cue_tuned: 2
n_exc: 2000
n_fix_tuned: 1
n_hidden: 2500
n_inh: 500
n_motion_tuned: 64
n_reward_levels: 3
n_top_down: 10
n_top_down_hidden: 64
noise_input_sd: 0.0
noise_rnn_sd: 0.05
nonlinear_top_down: false
restrict_output_to_exc: false
rnn_weight: 0.1962525863139798
tc_modulator: 51.738429269847295
tc_soma: 100
td_E_kappa: 0.24300796395470192
td_E_topo: 0.4047445299592227
td_I_kappa: 0.16170877797977556
td_I_topo: 0.23893224150206493
td_weight: 0.08721234785767684
