EE_kappa: 0.07159313785171827
EE_topo: 1.7948588801900003
EE_topo_mod: 6.990598611958816e-13
EI_kappa: 0.23530484001563962
EI_topo: 1.3250181016926097
EI_topo_mod: 1.0504546466019027e-13
E_bias_mean: 0.0
E_bias_std: 1.0e-12
IE_kappa: 0.17310811234370255
IE_topo: 1.0300800102760042
IE_topo_mod: 5.337903202449449e-13
II_kappa: 0.24304229425624868
II_topo: 0.06815840706852061
II_topo_mod: 8.574597403841325e-13
I_bias_mean: 0.0
I_bias_std: 1.0e-12
alpha_EE: 0.04503218209405715
alpha_EI: 0.008175410323741316
alpha_II: 0.2559490814768144
dt: 20
filename: results_d8d10043-1f05-43de-b907-64b167cedbf1.pkl
init_exc: 0.2
init_inh: 0.4
init_mod: 0.1
inp_E_kappa: 0.20292939610961175
inp_E_topo: 1.0200986721765517
inp_I_kappa: 0.1333816377228485
inp_I_topo: 0.6895746577377044
input_weight: 0.16001114584636028
max_h_for_output: 999.0
mod_EE_weight: 1.4633885267368614
mod_EI_weight: 1.3462859625574022
mod_IE_weight: 1.852707308806315
mod_II_weight: 1.2075409212937864
n_actions: 3
n_bottom_up: 67
n_cue_tuned: 2
n_exc: 2000
n_fix_tuned: 1
n_hidden: 2500
n_inh: 500
n_motion_tuned: 64
n_reward_levels: 3
n_top_down: 10
n_top_down_hidden: 64
noise_input_sd: 0.0
noise_rnn_sd: 0.05
nonlinear_top_down: false
restrict_output_to_exc: false
rnn_weight: 0.1698972651402105
tc_modulator: 22.909046324061197
tc_soma: 100
td_E_kappa: 0.2088174062756078
td_E_topo: 1.6115659386555632
td_I_kappa: 0.22612204284580584
td_I_topo: 0.7344035026235429
td_weight: 0.08721234785767684
