EE_kappa: 0.05812649781701849
EE_topo: 1.188685137339609
EE_topo_mod: 3.76978595095009e-13
EI_kappa: 0.15493394769564917
EI_topo: 0.22967479820112313
EI_topo_mod: 1.7364448382197418e-14
E_bias_mean: 0.0
E_bias_std: 1.0e-12
IE_kappa: 0.1852945734938376
IE_topo: 0.16387346413283832
IE_topo_mod: 9.436028993346134e-13
II_kappa: 0.2436005283424061
II_topo: 1.48713209939479
II_topo_mod: 3.862575374575576e-13
I_bias_mean: 0.0
I_bias_std: 1.0e-12
alpha_EE: 0.034980465906025236
alpha_EI: 0.006413449351552647
alpha_II: 0.04377257787646853
dt: 20
filename: results_59eac3ae-827e-4999-90b7-d6aa2d53debd.pkl
init_exc: 0.2
init_inh: 0.4
init_mod: 0.1
inp_E_kappa: 0.1830406853997959
inp_E_topo: 0.3325725090328373
inp_I_kappa: 0.10089175493214804
inp_I_topo: 1.5308353535927068
input_weight: 0.1448765096427675
max_h_for_output: 999.0
mod_EE_weight: 0.34233547068803283
mod_EI_weight: 1.702249568809344
mod_IE_weight: 1.7511279613430881
mod_II_weight: 0.5698909024768652
n_actions: 3
n_bottom_up: 67
n_cue_tuned: 2
n_exc: 2000
n_fix_tuned: 1
n_hidden: 2500
n_inh: 500
n_motion_tuned: 64
n_reward_levels: 3
n_top_down: 10
n_top_down_hidden: 64
noise_input_sd: 0.0
noise_rnn_sd: 0.05
nonlinear_top_down: false
restrict_output_to_exc: false
rnn_weight: 0.16939426856124612
tc_modulator: 52.69314024926747
tc_soma: 100
td_E_kappa: 0.24081128291834514
td_E_topo: 1.685147525366103
td_I_kappa: 0.17127117361657157
td_I_topo: 0.0839950490084953
td_weight: 0.08721234785767684
