EE_kappa: 0.06304050178480756
EE_topo: 0.026075553936872664
EE_topo_mod: 7.999444532652672e-13
EI_kappa: 0.11503455876487677
EI_topo: 1.6209768633333388
EI_topo_mod: 2.419225150264633e-13
E_bias_mean: 0.0
E_bias_std: 1.0e-12
IE_kappa: 0.24080745021235678
IE_topo: 1.2902356301064286
IE_topo_mod: 8.42253278961282e-13
II_kappa: 0.2398601090695946
II_topo: 0.5652860339150931
II_topo_mod: 4.3958235535758014e-13
I_bias_mean: 0.0
I_bias_std: 1.0e-12
alpha_EE: 0.007746001128575619
alpha_EI: 0.041638617780557406
alpha_II: 0.2873433645095725
dt: 20
filename: results_9735694b-e14c-42d1-be16-53c46144a5b1.pkl
init_exc: 0.2
init_inh: 0.4
init_mod: 0.1
inp_E_kappa: 0.09949533589206727
inp_E_topo: 0.8224214220418284
inp_I_kappa: 0.0788833225208177
inp_I_topo: 0.5015721649445173
input_weight: 0.19500175896386152
max_h_for_output: 999.0
mod_EE_weight: 0.8805507615781709
mod_EI_weight: 0.8674049836590889
mod_IE_weight: 0.06365614173590162
mod_II_weight: 1.606674828325109
n_actions: 3
n_bottom_up: 67
n_cue_tuned: 2
n_exc: 2000
n_fix_tuned: 1
n_hidden: 2500
n_inh: 500
n_motion_tuned: 64
n_reward_levels: 3
n_top_down: 10
n_top_down_hidden: 64
noise_input_sd: 0.0
noise_rnn_sd: 0.05
nonlinear_top_down: false
restrict_output_to_exc: false
rnn_weight: 0.15565131045192127
tc_modulator: 72.27809836443387
tc_soma: 100
td_E_kappa: 0.10968419895398895
td_E_topo: 0.8276597640353094
td_I_kappa: 0.19743150220250388
td_I_topo: 0.743255047410827
td_weight: 0.08721234785767684
