EE_kappa: 0.09762617903140072
EE_topo: 1.4735148602101396
EE_topo_mod: 4.1231830376434284e-13
EI_kappa: 0.2327324063060241
EI_topo: 1.7780998282903204
EI_topo_mod: 2.94092191220922e-13
E_bias_mean: 0.0
E_bias_std: 1.0e-12
IE_kappa: 0.13252224934928108
IE_topo: 1.959413577671064
IE_topo_mod: 1.8539237614652626e-13
II_kappa: 0.18988310139642028
II_topo: 0.648842575269373
II_topo_mod: 5.460830956388467e-13
I_bias_mean: 0.0
I_bias_std: 1.0e-12
alpha_EE: 0.17320472124882402
alpha_EI: 0.02064830685228396
alpha_II: 0.16365026190188206
dt: 20
filename: results_c6c87660-dbb9-4185-bdcb-788540adf269.pkl
init_exc: 0.2
init_inh: 0.4
init_mod: 0.1
inp_E_kappa: 0.24202100998174597
inp_E_topo: 1.230338203854875
inp_I_kappa: 0.1954329408774333
inp_I_topo: 0.7327414669946302
input_weight: 0.14489496819944062
max_h_for_output: 999.0
mod_EE_weight: 0.9722681617773858
mod_EI_weight: 0.26245362341119427
mod_IE_weight: 0.904309355884243
mod_II_weight: 0.4254274269129641
n_actions: 3
n_bottom_up: 67
n_cue_tuned: 2
n_exc: 2000
n_fix_tuned: 1
n_hidden: 2500
n_inh: 500
n_motion_tuned: 64
n_reward_levels: 3
n_top_down: 10
n_top_down_hidden: 64
noise_input_sd: 0.0
noise_rnn_sd: 0.05
nonlinear_top_down: false
restrict_output_to_exc: false
rnn_weight: 0.16294695991060357
tc_modulator: 63.60127578898325
tc_soma: 100
td_E_kappa: 0.089911695258161
td_E_topo: 0.7492049265746621
td_I_kappa: 0.2201699847534767
td_I_topo: 1.3445861843115952
td_weight: 0.08721234785767684
