EE_kappa: 0.09901400062055228
EE_topo: 0.6978112727371144
EE_topo_mod: 9.483435290651258e-13
EI_kappa: 0.08108140571768084
EI_topo: 0.7156851287049364
EI_topo_mod: 1.3580474410838872e-14
E_bias_mean: 0.0
E_bias_std: 1.0e-12
IE_kappa: 0.22206617688914382
IE_topo: 0.6764686373393372
IE_topo_mod: 4.492593108460624e-13
II_kappa: 0.12592416916545934
II_topo: 1.686585294406572
II_topo_mod: 8.498994022631343e-13
I_bias_mean: 0.0
I_bias_std: 1.0e-12
alpha_EE: 0.24292741288294675
alpha_EI: 0.03715746068249933
alpha_II: 0.202093405000335
dt: 20
filename: results_6a2f0408-e53b-4832-99d3-d547c7509713.pkl
init_exc: 0.2
init_inh: 0.4
init_mod: 0.1
inp_E_kappa: 0.1803278491360657
inp_E_topo: 1.2623119201458894
inp_I_kappa: 0.2457033456889552
inp_I_topo: 1.572779714748805
input_weight: 0.17743016272009354
max_h_for_output: 999.0
mod_EE_weight: 1.5766668248520173
mod_EI_weight: 0.2854769325560331
mod_IE_weight: 0.09660534227725592
mod_II_weight: 0.021098008601778684
n_actions: 3
n_bottom_up: 67
n_cue_tuned: 2
n_exc: 2000
n_fix_tuned: 1
n_hidden: 2500
n_inh: 500
n_motion_tuned: 64
n_reward_levels: 3
n_top_down: 10
n_top_down_hidden: 64
noise_input_sd: 0.0
noise_rnn_sd: 0.05
nonlinear_top_down: false
restrict_output_to_exc: false
rnn_weight: 0.15876362761325025
tc_modulator: 72.49999609173622
tc_soma: 100
td_E_kappa: 0.1354554292690826
td_E_topo: 1.3665251323842624
td_I_kappa: 0.05819697600655969
td_I_topo: 0.0033941481298274123
td_weight: 0.08721234785767684
