EE_kappa: 0.11924381739471022
EE_topo: 0.1282111042716072
EE_topo_mod: 2.856466764906222e-13
EI_kappa: 0.15363583299327127
EI_topo: 1.9526065370214956
EI_topo_mod: 8.527691521098538e-13
E_bias_mean: 0.0
E_bias_std: 1.0e-12
IE_kappa: 0.19352653977742806
IE_topo: 0.4798403352381291
IE_topo_mod: 6.155213728170684e-13
II_kappa: 0.14082456084890088
II_topo: 1.2579470642464325
II_topo_mod: 4.425183049124537e-13
I_bias_mean: 0.0
I_bias_std: 1.0e-12
alpha_EE: 0.20055314446989936
alpha_EI: 0.010617675796452774
alpha_II: 0.12436845357914159
dt: 20
filename: results_9d8d4793-cfe1-4fe8-8da0-f428e56fc5ba.pkl
init_exc: 0.2
init_inh: 0.4
init_mod: 0.1
inp_E_kappa: 0.20361366547005638
inp_E_topo: 1.3465966250237391
inp_I_kappa: 0.2310396602262746
inp_I_topo: 0.49502087602124556
input_weight: 0.13302023839043908
max_h_for_output: 999.0
mod_EE_weight: 1.8521447340447803
mod_EI_weight: 0.8424709454698347
mod_IE_weight: 0.4317647906800597
mod_II_weight: 0.09089559006769843
n_actions: 3
n_bottom_up: 67
n_cue_tuned: 2
n_exc: 2000
n_fix_tuned: 1
n_hidden: 2500
n_inh: 500
n_motion_tuned: 64
n_reward_levels: 3
n_top_down: 10
n_top_down_hidden: 64
noise_input_sd: 0.0
noise_rnn_sd: 0.05
nonlinear_top_down: false
restrict_output_to_exc: false
rnn_weight: 0.10868667368158386
tc_modulator: 49.70646154307978
tc_soma: 100
td_E_kappa: 0.2319147272918205
td_E_topo: 1.6339050337400502
td_I_kappa: 0.1266504673268955
td_I_topo: 1.2989429883878179
td_weight: 0.08721234785767684
