EE_kappa: 0.06538979974774235
EE_topo: 0.3574751639780145
EE_topo_mod: 4.384499240981684e-13
EI_kappa: 0.20869538853969094
EI_topo: 0.1485099989761518
EI_topo_mod: 9.705762143172574e-13
E_bias_mean: 0.0
E_bias_std: 1.0e-12
IE_kappa: 0.08564554116244955
IE_topo: 1.8713927082141506
IE_topo_mod: 7.251487316157432e-13
II_kappa: 0.2228965319518394
II_topo: 1.7792454404225306
II_topo_mod: 1.9668427918257257e-13
I_bias_mean: 0.0
I_bias_std: 1.0e-12
alpha_EE: 0.18403684279778632
alpha_EI: 0.09479773113689435
alpha_II: 0.2690453099091128
dt: 20
filename: results_7bc153e5-517e-45dd-8155-b69e63d62f42.pkl
init_exc: 0.2
init_inh: 0.4
init_mod: 0.1
inp_E_kappa: 0.15231723571975658
inp_E_topo: 1.0333103263370238
inp_I_kappa: 0.2081505792378116
inp_I_topo: 1.7265520982861937
input_weight: 0.10735562494556727
max_h_for_output: 999.0
mod_EE_weight: 0.21909689720854408
mod_EI_weight: 1.4054810925889447
mod_IE_weight: 0.4462348056541847
mod_II_weight: 0.02497072899112096
n_actions: 3
n_bottom_up: 67
n_cue_tuned: 2
n_exc: 2000
n_fix_tuned: 1
n_hidden: 2500
n_inh: 500
n_motion_tuned: 64
n_reward_levels: 3
n_top_down: 10
n_top_down_hidden: 64
noise_input_sd: 0.0
noise_rnn_sd: 0.05
nonlinear_top_down: false
restrict_output_to_exc: false
rnn_weight: 0.11869076697550669
tc_modulator: 29.89977174479713
tc_soma: 100
td_E_kappa: 0.1614454829936243
td_E_topo: 0.03994321446829563
td_I_kappa: 0.15469964173520057
td_I_topo: 0.5183358765928472
td_weight: 0.08721234785767684
