EE_kappa: 0.10531785969526918
EE_topo: 0.7562665529919208
EE_topo_mod: 1.3202338201134734e-13
EI_kappa: 0.24328822013101875
EI_topo: 0.8875593562141952
EI_topo_mod: 9.57158001076483e-13
E_bias_mean: 0.0
E_bias_std: 1.0e-12
IE_kappa: 0.13931762710103826
IE_topo: 1.8438953174541257
IE_topo_mod: 9.326851858345974e-13
II_kappa: 0.19009743602986312
II_topo: 0.7569200084529084
II_topo_mod: 5.606635289443178e-13
I_bias_mean: 0.0
I_bias_std: 1.0e-12
alpha_EE: 0.2530294480252397
alpha_EI: 0.08352122640907729
alpha_II: 0.09449810358404757
dt: 20
filename: results_4f7e3f3c-a091-41e8-8f57-d6372f6fef2f.pkl
init_exc: 0.2
init_inh: 0.4
init_mod: 0.1
inp_E_kappa: 0.23941798501903977
inp_E_topo: 0.2132508583760564
inp_I_kappa: 0.20719765806533685
inp_I_topo: 0.08725051517593463
input_weight: 0.15504060492322158
max_h_for_output: 999.0
mod_EE_weight: 1.1794048450915386
mod_EI_weight: 0.8590688328256326
mod_IE_weight: 1.2548238626927841
mod_II_weight: 0.658733910794864
n_actions: 3
n_bottom_up: 67
n_cue_tuned: 2
n_exc: 2000
n_fix_tuned: 1
n_hidden: 2500
n_inh: 500
n_motion_tuned: 64
n_reward_levels: 3
n_top_down: 10
n_top_down_hidden: 64
noise_input_sd: 0.0
noise_rnn_sd: 0.05
nonlinear_top_down: false
restrict_output_to_exc: false
rnn_weight: 0.16613635904918336
tc_modulator: 90.20784677436957
tc_soma: 100
td_E_kappa: 0.21210018044085577
td_E_topo: 0.0365021697293928
td_I_kappa: 0.22479161005669662
td_I_topo: 0.24283645269638487
td_weight: 0.08721234785767684
