EE_kappa: 0.0640363201606167
EE_topo: 0.24345406880155318
EE_topo_mod: 6.766559334001661e-13
EI_kappa: 0.1854444062706853
EI_topo: 0.565578572482677
EI_topo_mod: 8.541324755853893e-13
E_bias_mean: 0.0
E_bias_std: 1.0e-12
IE_kappa: 0.0650417478458887
IE_topo: 1.410752066688438
IE_topo_mod: 1.741728952098871e-13
II_kappa: 0.17789734047610112
II_topo: 1.5877974307754776
II_topo_mod: 7.510043539024889e-13
I_bias_mean: 0.0
I_bias_std: 1.0e-12
alpha_EE: 0.14429243115482474
alpha_EI: 0.1217832053804194
alpha_II: 0.19618802186401246
dt: 20
filename: results_24711370-5eea-4806-bc4b-9135a6d621db.pkl
init_exc: 0.2
init_inh: 0.4
init_mod: 0.1
inp_E_kappa: 0.12242104235854145
inp_E_topo: 0.4361554962745011
inp_I_kappa: 0.07523116850599856
inp_I_topo: 1.1607899193482116
input_weight: 0.13063864487495597
max_h_for_output: 999.0
mod_EE_weight: 1.156821230358546
mod_EI_weight: 1.3622255769170672
mod_IE_weight: 0.11239712860452533
mod_II_weight: 1.389972868535189
n_actions: 3
n_bottom_up: 67
n_cue_tuned: 2
n_exc: 2000
n_fix_tuned: 1
n_hidden: 2500
n_inh: 500
n_motion_tuned: 64
n_reward_levels: 3
n_top_down: 10
n_top_down_hidden: 64
noise_input_sd: 0.0
noise_rnn_sd: 0.05
nonlinear_top_down: false
restrict_output_to_exc: false
rnn_weight: 0.17162456216914593
tc_modulator: 60.06639996049426
tc_soma: 100
td_E_kappa: 0.19433175409053827
td_E_topo: 0.8372482637916481
td_I_kappa: 0.20954818442604778
td_I_topo: 0.9588202809120785
td_weight: 0.08721234785767684
