EE_kappa: 0.05265005509952228
EE_topo: 0.015290366492696217
EE_topo_mod: 5.78356259407327e-13
EI_kappa: 0.14513889487681714
EI_topo: 1.04419220398602
EI_topo_mod: 1.0225216874750398e-13
E_bias_mean: 0.0
E_bias_std: 1.0e-12
IE_kappa: 0.1270011138974994
IE_topo: 0.17082924630916807
IE_topo_mod: 2.62674771659253e-13
II_kappa: 0.2020758222552772
II_topo: 1.8319417302646837
II_topo_mod: 3.3307064173402466e-13
I_bias_mean: 0.0
I_bias_std: 1.0e-12
alpha_EE: 0.00855677398208422
alpha_EI: 0.25310045767329753
alpha_II: 0.229711918696285
dt: 20
filename: results_49a521b6-b7a9-403e-98bd-58dfe576a132.pkl
init_exc: 0.2
init_inh: 0.4
init_mod: 0.1
inp_E_kappa: 0.09514460111582577
inp_E_topo: 0.8862535901125015
inp_I_kappa: 0.11071534045588548
inp_I_topo: 1.6269736081191422
input_weight: 0.1923785870866801
max_h_for_output: 999.0
mod_EE_weight: 0.36453535673790594
mod_EI_weight: 0.9159820866734318
mod_IE_weight: 0.24185627034921242
mod_II_weight: 1.5176512108845939
n_actions: 3
n_bottom_up: 67
n_cue_tuned: 2
n_exc: 2000
n_fix_tuned: 1
n_hidden: 2500
n_inh: 500
n_motion_tuned: 64
n_reward_levels: 3
n_top_down: 10
n_top_down_hidden: 64
noise_input_sd: 0.0
noise_rnn_sd: 0.05
nonlinear_top_down: false
restrict_output_to_exc: false
rnn_weight: 0.17630330403135835
tc_modulator: 57.69184851174299
tc_soma: 100
td_E_kappa: 0.17084744132682433
td_E_topo: 0.8057205622814709
td_I_kappa: 0.24604184143407937
td_I_topo: 0.11811908492237477
td_weight: 0.08721234785767684
