EE_kappa: 0.10304510536936491
EE_topo: 1.757451219057232
EE_topo_mod: 1.7168107425194844e-13
EI_kappa: 0.206950034537222
EI_topo: 1.6653810695543736
EI_topo_mod: 4.18343485980018e-13
E_bias_mean: 0.0
E_bias_std: 1.0e-12
IE_kappa: 0.19534334259496072
IE_topo: 0.8792348479943228
IE_topo_mod: 7.204662340552338e-13
II_kappa: 0.1915680238960667
II_topo: 1.9434768614521605
II_topo_mod: 4.633391175798851e-14
I_bias_mean: 0.0
I_bias_std: 1.0e-12
alpha_EE: 0.14781223407439747
alpha_EI: 0.09887042290463578
alpha_II: 0.03129642026317971
dt: 20
filename: results_f4738cb9-401b-4b70-adbf-4aea8aee1f1d.pkl
init_exc: 0.2
init_inh: 0.4
init_mod: 0.1
inp_E_kappa: 0.24561181162805523
inp_E_topo: 1.9507496071800958
inp_I_kappa: 0.24507068243694358
inp_I_topo: 1.5835509776206436
input_weight: 0.0634308354287463
max_h_for_output: 999.0
mod_EE_weight: 0.05193423446133694
mod_EI_weight: 0.010048927780319072
mod_IE_weight: 0.4812420947602529
mod_II_weight: 0.866457582409704
n_actions: 3
n_bottom_up: 67
n_cue_tuned: 2
n_exc: 2000
n_fix_tuned: 1
n_hidden: 2500
n_inh: 500
n_motion_tuned: 64
n_reward_levels: 3
n_top_down: 10
n_top_down_hidden: 64
noise_input_sd: 0.0
noise_rnn_sd: 0.05
nonlinear_top_down: false
restrict_output_to_exc: false
rnn_weight: 0.0881950178789227
tc_modulator: 57.4047079587872
tc_soma: 100
td_E_kappa: 0.19160067026796357
td_E_topo: 0.08737543635108169
td_I_kappa: 0.06578428008084636
td_I_topo: 0.6881941302084398
td_weight: 0.08721234785767684
