EE_kappa: 0.07180192734568117
EE_topo: 0.6368973390845609
EE_topo_mod: 9.499109107338824e-13
EI_kappa: 0.18546192968561798
EI_topo: 1.726728549294514
EI_topo_mod: 6.365374422314085e-13
E_bias_mean: 0.0
E_bias_std: 1.0e-12
IE_kappa: 0.11649272706416845
IE_topo: 1.6594243003650788
IE_topo_mod: 8.793732924974184e-13
II_kappa: 0.24932488053334323
II_topo: 0.2605951390016228
II_topo_mod: 6.921985931003382e-14
I_bias_mean: 0.0
I_bias_std: 1.0e-12
alpha_EE: 0.1929724289166062
alpha_EI: 0.06814692931365575
alpha_II: 0.03900168460034862
dt: 20
filename: results_a4cebb5e-47ef-4c32-92c5-30510d6983e8.pkl
init_exc: 0.2
init_inh: 0.4
init_mod: 0.1
inp_E_kappa: 0.1761352496796446
inp_E_topo: 1.5543398245506566
inp_I_kappa: 0.054533012059277367
inp_I_topo: 0.9700606797754805
input_weight: 0.15296578076039333
max_h_for_output: 999.0
mod_EE_weight: 1.7949136582438499
mod_EI_weight: 1.8473678439724321
mod_IE_weight: 0.2604636453708984
mod_II_weight: 0.6918786203549765
n_actions: 3
n_bottom_up: 67
n_cue_tuned: 2
n_exc: 2000
n_fix_tuned: 1
n_hidden: 2500
n_inh: 500
n_motion_tuned: 64
n_reward_levels: 3
n_top_down: 10
n_top_down_hidden: 64
noise_input_sd: 0.0
noise_rnn_sd: 0.05
nonlinear_top_down: false
restrict_output_to_exc: false
rnn_weight: 0.13493341467287312
tc_modulator: 64.81857286873601
tc_soma: 100
td_E_kappa: 0.1420571592372591
td_E_topo: 0.676071714059812
td_I_kappa: 0.18906337556770908
td_I_topo: 1.5585758083716856
td_weight: 0.08721234785767684
