EE_kappa: 0.06898205580109654
EE_topo: 1.3401396722434809
EE_topo_mod: 5.420266574129574e-13
EI_kappa: 0.20742488509974882
EI_topo: 0.9906672716164338
EI_topo_mod: 2.402180649757248e-13
E_bias_mean: 0.0
E_bias_std: 1.0e-12
IE_kappa: 0.15410737340482844
IE_topo: 0.4293055803134862
IE_topo_mod: 9.46358697237479e-13
II_kappa: 0.22882905432998074
II_topo: 1.9027763283909724
II_topo_mod: 4.962916680113895e-13
I_bias_mean: 0.0
I_bias_std: 1.0e-12
alpha_EE: 0.16519459901044056
alpha_EI: 0.1859979226752386
alpha_II: 0.1377045570134005
dt: 20
filename: results_c637a008-6162-4617-9ecc-3e44ee168d01.pkl
init_exc: 0.2
init_inh: 0.4
init_mod: 0.1
inp_E_kappa: 0.17453927269666236
inp_E_topo: 1.405885239323747
inp_I_kappa: 0.17286136611108574
inp_I_topo: 0.41298748028306664
input_weight: 0.10599529434052968
max_h_for_output: 999.0
mod_EE_weight: 0.24188501761637493
mod_EI_weight: 1.574134056446077
mod_IE_weight: 0.7359279984394722
mod_II_weight: 1.8376488768814685
n_actions: 3
n_bottom_up: 67
n_cue_tuned: 2
n_exc: 2000
n_fix_tuned: 1
n_hidden: 2500
n_inh: 500
n_motion_tuned: 64
n_reward_levels: 3
n_top_down: 10
n_top_down_hidden: 64
noise_input_sd: 0.0
noise_rnn_sd: 0.05
nonlinear_top_down: false
restrict_output_to_exc: false
rnn_weight: 0.17488332132136586
tc_modulator: 75.66253688319908
tc_soma: 100
td_E_kappa: 0.15861082416034147
td_E_topo: 0.6254606519638843
td_I_kappa: 0.11345446145968514
td_I_topo: 0.5433815850073838
td_weight: 0.08721234785767684
